0
0
0
0
0
0
0
0
0
0
0
0
0
0
0
0
0
0
0
5
1
6
2
2
10
7
9
10
14
7
8
17
11
12
9
15
16
11
13
5
10
14
5
10
9
6
13
6
6
9
7
7
4
12
3
9
13
9
8
12
10
21
23
24
38
36
63
66
87
78
108
151
166
203
245
310
380
460
467
486
502
517
501
486
523
566
559
594
579
617
619
637
686
699
747
705
683
709
681
573
612
622
616
596
565
583
564
577
485
529
514
531
495
533
510
539
525
528
530
529
559
499
541
524
568
506
528
519
537
551
553
487
526
506
530
538
543
576
562
557
509
527
529
561
540
560
555
498
536
527
528
532
571
531
547
583
525
528
516
537
533
514
544
518
527
527
539
509
539
493
521
500
525
512
536
543
493
504
492
496
514
515
504
487
523
507
514
502
501
499
504
514
515
505
535
497
554
495
541
558
527
546
541
518
506
516
470
517
544
486
517
518
498
490
502
526
509
527
506
479
534
538
515
510
517
538
551
528
519
518
483
501
503
483
484
466
529
577
534
565
495
533
506
491
501
557
573
528
560
518
480
545
552
497
552
488
502
498
558
558
510
558
511
492
502
514
496
541
499
511
533
518
504
484
494
504
524
518
556
511
553
554
482
492
498
502
468
493
558
507
499
515
520
480
494
533
492
490
513
480
448
487
512
509
516
487
496
546
548
515
497
546
495
494
522
528
507
469
501
487
520
474
529
519
500
526
492
507
515
488
496
521
491
505
528
526
539
488
505
505
489
503
521
529
476
533
525
512
498
510
514
517
509
536
544
489
523
477
526
500
533
520
531
508
567
542
538
529
569
508
583
582
574
573
517
536
555
546
593
559
589
568
583
601
611
569
619
617
597
601
610
590
571
588
602
623
585
591
622
596
589
571
621
577
583
626
584
602
578
637
596
571
566
626
537
632
605
555
618
650
554
587
564
621
554
569
568
609
565
585
567
585
585
605
567
596
609
582
588
571
586
584
647
597
659
621
536
573
586
588
608
576
562
572
575
624
580
602
580
588
599
618
570
522
578
538
581
581
541
608
570
541
601
555
578
606
600
547
579
581
573
543
595
586
555
593
601
574
563
594
568
574
562
571
544
561
588
589
577
642
607
573
579
582
540
543
554
590
538
584
601
608
550
603
586
547
610
583
589
578
569
573
540
577
532
578
531
552
620
589
560
581
539
562
589
581
554
537
536
599
573
577
592
578
588
547
563
555
558
561
560
586
550
606
543
550
582
581
560
537
553
560
528
582
601
590
574
559
563
561
546
574
591
539
557
562
586
552
546
536
542
549
568
552
595
581
568
575
553
547
557
528
565
597
536
597
494
530
575
569
561
595
557
530
553
554
577
543
548
556
582
557
576
504
563
560
563
554
569
558
552
536
555
569
563
584
563
558
541
522
594
539
593
587
550
541
531
603
569
543
566
578
508
618
577
571
594
559
563
545
541
552
542
582
579
572
500
530
603
587
607
601
560
617
607
542
603
587
650
559
531
549
568
588
579
556
563
589
542
574
604
591
611
604
571
582
620
663
628
577
540
571
634
547
616
604
581
562
623
610
621
604
569
592
611
573
621
624
594
584
580
622
627
622
603
611
568
644
607
615
635
642
688
659
625
622
577
590
663
659
635
642
615
618
656
622
609
651
689
635
682
635
689
649
603
639
631
640
668
608
662
663
689
631
643
709
635
699
667
698
673
695
675
642
716
707
736
644
749
659
686
700
711
698
662
690
656
738
712
730
723
658
722
722
736
719
718
646
761
735
723
689
739
745
773
709
732
708
711
751
700
660
687
717
715
670
653
662
649
698
649
640
652
664
641
551
602
576
507
528
575
512
506
499
534
539
476
476
476
521
455
475
455
453
430
445
428
466
407
405
424
436
384
444
413
410
446
374
372
403
372
387
350
397
374
386
395
408
424
360
330
367
337
366
349
382
368
361
436
344
364
343
412
343
311
345
370
354
373
310
329
360
318
357
339
348
351
348
324
342
308
325
319
323
314
328
287
318
303
298
287
322
310
288
324
307
311
342
304
324
312
287
291
282
308
288
309
296
269
292
290
323
289
307
258
289
255
294
260
314
264
252
267
282
266
303
282
274
263
268
257
252
256
276
249
251
254
252
247
258
222
248
260
221
229
266
235
253
240
254
247
239
226
227
260
217
220
236
242
232
214
237
214
208
207
225
189
227
224
210
205
211
221
208
203
201
181
201
198
188
215
194
194
196
212
202
189
202
183
202
201
161
177
195
211
210
196
180
216
189
190
179
188
207
185
186
169
199
214
147
184
190
189
169
184
165
162
184
169
154
180
181
170
197
168
160
150
189
173
180
171
181
194
167
176
191
185
190
171
164
196
192
167
191
180
161
186
173
155
154
177
158
182
172
187
176
185
174
187
195
151
188
201
206
152
192
164
175
186
174
174
173
186
178
177
168
171
202
152
190
155
171
194
167
191
171
171
144
169
183
176
181
167
155
165
175
175
153
177
180
174
173
192
153
166
165
169
176
160
171
197
166
163
156
180
170
175
167
150
166
172
150
173
185
163
199
162
169
168
168
180
183
155
143
165
156
164
167
147
170
189
141
165
153
174
166
154
162
141
162
163
177
166
162
167
167
154
161
151
166
160
147
174
152
146
169
166
145
148
160
146
152
163
143
141
180
156
142
165
154
162
173
162
145
145
154
170
163
142
167
161
167
173
134
155
167
172
170
160
142
144
153
151
149
164
162
156
184
173
160
150
167
156
150
168
171
168
146
156
171
192
201
191
223
270
280
356
430
574
756
926
1154
1479
1906
2511
3000
3565
4230
5004
5537
6265
6945
7586
7745
8107
8320
8287
8069
7686
7212
6599
5773
5124
4498
3703
3079
2533
1955
1548
1197
885
794
606
535
351
320
285
231
224
179
153
163
170
137
135
147
119
116
107
111
105
112
117
124
94
104
123
112
129
101
104
102
101
98
119
97
111
93
106
101
86
91
107
90
86
106
95
104
89
108
82
92
113
97
85
79
91
90
97
98
82
97
106
98
97
97
84
92
95
89
104
74
84
107
113
93
91
97
90
91
81
101
89
94
82
106
103
102
89
95
75
86
81
99
79
78
104
99
95
97
82
91
83
85
72
81
97
93
96
87
89
97
98
74
86
77
79
97
94
88
99
90
90
93
91
91
77
105
86
91
95
110
83
99
83
87
91
98
101
101
88
92
84
81
105
87
92
83
100
86
99
98
90
102
91
95
88
93
86
89
98
97
99
75
69
99
101
96
100
85
87
75
91
86
87
104
95
80
75
82
93
88
95
86
70
72
96
91
88
81
94
77
86
80
88
101
88
79
71
87
65
74
95
87
77
89
93
82
90
85
70
93
76
89
97
92
69
70
72
77
84
81
64
81
92
80
81
88
80
85
82
79
85
88
85
71
93
71
69
74
85
100
83
90
70
80
86
80
88
73
71
82
67
78
70
90
92
81
75
67
80
72
78
81
73
70
94
89
75
82
78
73
82
69
72
84
78
87
59
62
100
88
82
83
79
88
77
86
72
64
85
71
84
83
68
56
79
57
66
76
74
88
83
84
75
67
72
85
82
71
85
82
74
83
68
80
88
74
63
66
70
94
67
72
69
83
68
72
85
81
70
76
80
81
68
72
86
88
80
92
93
78
98
61
71
77
71
73
85
69
73
81
80
78
90
76
80
78
75
75
77
77
75
77
79
77
91
79
85
75
83
92
85
88
70
81
85
72
70
68
89
75
74
68
76
66
77
89
77
86
94
69
88
76
62
86
78
83
74
87
84
85
68
90
82
87
65
78
83
84
75
88
90
95
72
81
93
83
62
81
82
76
81
84
72
86
78
77
77
79
103
97
81
69
83
65
63
80
89
80
94
87
77
66
87
84
75
73
86
90
85
66
81
86
83
70
94
67
91
83
74
74
91
76
81
79
89
84
80
70
88
78
81
87
81
71
89
77
78
89
90
75
70
84
79
89
86
71
81
78
68
70
82
83
75
65
78
74
71
79
95
72
83
67
74
71
89
68
94
64
81
63
70
74
80
71
70
70
70
83
108
77
83
86
76
90
85
89
84
70
82
69
84
87
87
85
82
87
98
76
79
77
85
98
72
95
91
82
69
64
83
81
72
70
76
77
79
88
73
76
80
66
94
96
90
101
82
69
96
75
78
64
77
94
75
80
72
79
68
68
97
73
85
88
87
82
72
80
62
76
65
70
78
79
66
76
84
92
51
92
70
79
72
89
86
81
83
81
97
80
78
82
74
79
79
85
65
81
87
85
86
83
94
71
81
89
89
69
75
78
84
83
80
79
62
91
85
76
101
87
74
80
95
79
89
82
91
65
88
80
78
89
68
91
83
74
72
89
81
87
76
84
91
75
88
83
84
67
79
106
83
90
83
77
90
72
76
73
89
64
78
81
89
73
86
90
91
78
84
74
88
76
95
82
88
84
68
72
63
95
87
83
68
82
86
69
89
76
82
99
87
81
96
76
65
78
81
92
80
79
79
76
84
105
90
71
72
94
82
98
75
100
97
81
78
94
83
89
82
79
72
100
68
73
82
79
85
79
98
87
95
95
106
88
94
75
69
90
59
83
67
82
95
83
85
83
89
82
93
74
82
79
88
76
86
86
86
71
75
79
90
82
74
94
81
74
85
75
94
92
67
67
78
91
91
87
92
91
80
94
77
87
107
65
94
74
107
82
84
93
78
77
108
71
75
81
92
100
69
120
87
100
91
99
92
84
87
85
82
91
82
73
77
81
88
92
95
88
75
80
81
89
77
99
88
80
92
89
103
93
91
75
79
86
85
76
63
79
86
83
86
80
91
86
74
99
75
78
76
79
86
86
83
116
69
84
80
73
99
118
98
92
97
98
79
91
86
84
87
77
85
86
79
121
93
83
96
87
82
100
104
91
89
94
103
90
97
84
93
90
89
95
88
95
87
91
88
94
88
85
81
108
85
94
82
88
89
91
79
94
89
84
93
114
107
102
92
97
96
105
76
102
81
95
90
97
99
100
100
97
120
75
86
90
90
96
97
89
93
99
94
89
92
88
101
100
109
120
80
98
78
99
70
101
103
121
97
86
100
110
79
100
77
90
111
99
74
86
77
87
93
92
83
99
109
94
98
87
99
94
118
86
80
82
97
94
104
93
110
92
99
94
100
100
113
94
102
90
106
106
80
97
94
100
79
104
115
104
81
108
105
94
100
102
95
99
105
105
87
114
106
91
93
97
102
111
112
94
121
104
81
103
100
93
97
132
93
104
92
108
99
104
122
100
93
93
104
93
103
112
101
102
102
82
116
105
102
111
102
92
85
110
86
96
112
96
120
113
122
103
110
105
93
109
105
113
100
104
99
103
100
97
86
99
111
124
114
94
93
95
96
98
108
122
100
106
98
103
116
108
108
95
109
115
106
108
114
112
101
97
104
123
98
104
113
118
118
108
98
103
111
111
97
124
110
104
116
95
111
108
112
106
115
118
117
124
137
102
104
129
124
96
113
124
106
107
108
116
112
103
103
97
105
100
110
107
122
101
106
115
121
103
129
127
119
132
112
116
100
110
107
97
95
144
123
134
119
110
115
111
111
126
132
118
124
114
128
118
113
124
121
113
135
128
106
119
107
123
127
97
115
112
111
129
128
125
134
117
120
106
120
119
116
117
130
123
127
130
131
121
120
117
131
110
111
143
124
114
123
145
124
135
120
110
144
124
121
118
137
112
127
112
140
143
130
115
126
127
134
148
143
148
143
134
122
151
117
137
134
136
153
104
155
141
128
126
142
122
116
120
133
138
130
129
125
125
138
140
132
152
123
157
136
111
127
120
131
146
145
127
144
130
144
139
151
130
130
131
122
147
143
154
158
174
143
162
155
125
137
141
127
162
131
132
140
149
116
148
160
146
154
149
134
146
122
143
155
138
153
144
154
151
158
155
146
159
155
137
152
131
152
152
150
145
134
149
176
173
155
147
160
159
163
178
145
161
150
155
169
173
152
148
159
144
149
134
154
146
153
147
167
137
156
141
157
134
146
133
145
156
157
141
131
122
128
143
127
136
124
132
129
117
113
112
87
99
106
97
113
121
94
114
101
125
124
121
115
95
90
95
82
112
100
104
103
107
103
88
98
112
97
95
107
79
106
108
104
91
82
94
93
88
101
108
97
96
92
72
87
88
76
89
87
81
81
91
91
101
85
81
83
96
85
75
86
86
106
90
85
93
83
77
94
89
98
89
85
64
79
92
77
76
95
104
97
91
87
87
97
82
86
86
78
90
74
75
67
86
100
97
70
89
78
78
72
76
93
82
90
87
82
67
100
55
86
104
67
75
98
69
99
79
74
81
87
92
89
79
71
76
80
82
82
75
83
61
79
71
75
83
77
63
83
78
75
87
86
79
73
91
61
77
72
83
67
65
60
58
79
69
75
64
75
70
65
75
70
61
74
87
77
73
62
67
62
58
64
55
59
69
53
67
80
64
68
62
57
68
53
68
57
73
65
70
54
58
70
74
66
75
54
75
70
75
54
63
57
71
76
66
47
72
50
59
47
65
65
46
48
79
60
50
64
51
48
50
51
39
54
51
53
56
58
50
49
70
57
38
41
38
48
35
61
57
55
59
51
49
57
52
59
40
52
37
57
45
48
43
47
48
45
61
46
50
39
59
40
43
40
32
47
39
42
52
42
43
38
43
52
48
55
40
44
45
42
36
36
40
36
43
45
35
43
41
51
47
37
38
49
32
44
41
49
36
48
36
37
35
44
33
62
42
30
22
37
43
36
33
57
39
49
32
46
33
27
41
42
37
28
30
39
27
33
36
30
37
33
40
31
38
36
36
41
41
25
41
42
36
31
29
31
29
32
49
34
36
42
42
36
19
31
35
29
31
33
42
37
38
34
29
38
28
37
38
27
30
33
37
47
39
39
28
38
30
38
38
35
31
34
42
37
37
31
45
30
26
29
36
23
24
35
31
35
39
35
30
35
36
35
29
30
26
29
35
28
22
33
24
33
36
45
33
26
36
31
37
41
36
30
38
33
36
30
36
37
40
31
42
41
36
30
30
37
28
36
36
33
37
20
34
31
22
40
32
34
28
40
41
33
33
39
35
35
22
32
32
36
24
30
31
37
32
38
39
25
37
32
29
32
29
32
29
38
26
22
23
24
37
42
27
27
37
28
40
32
35
19
44
30
37
24
31
40
39
26
27
37
33
28
36
33
44
45
49
41
50
37
57
76
83
91
98
96
114
142
160
234
246
250
322
337
368
410
511
501
535
589
582
641
726
728
789
797
773
894
936
983
1006
1052
1049
1042
1057
1027
1063
1028
1013
1010
870
834
772
649
543
498
400
323
277
238
163
142
130
101
78
69
56
50
53
52
52
36
40
35
41
36
39
34
33
36
29
42
23
28
35
25
33
31
30
30
35
21
20
34
22
30
31
24
32
22
31
39
33
32
19
31
21
22
21
37
30
25
23
25
20
22
28
30
30
31
31
30
26
28
23
32
32
21
32
19
24
26
28
25
21
26
21
18
30
27
28
26
29
31
26
23
24
24
28
26
30
30
18
30
29
33
26
22
27
19
21
15
21
25
23
25
33
15
26
24
21
19
18
26
29
27
25
28
24
22
21
18
29
38
17
27
20
27
18
19
23
32
27
30
14
23
20
33
26
22
21
31
15
17
28
21
25
29
22
17
25
19
23
24
24
23
31
21
27
16
30
21
28
17
23
19
29
19
20
18
18
23
20
22
22
18
34
23
17
22
20
21
20
22
19
24
17
28
22
21
24
22
19
20
24
23
23
20
23
22
22
27
19
18
36
24
21
20
19
26
23
24
18
22
21
15
12
16
20
18
18
28
17
21
22
23
24
28
25
20
20
16
15
18
14
17
25
24
12
17
24
25
17
11
23
19
21
17
22
17
17
25
23
14
21
18
35
17
23
24
19
22
18
20
22
13
14
18
21
23
23
26
15
15
13
16
22
23
17
18
19
27
22
22
21
12
17
21
17
24
21
17
19
16
20
16
20
14
20
14
22
18
14
18
28
18
10
17
14
16
18
17
15
14
14
16
18
17
15
15
18
27
17
17
26
22
14
14
15
24
15
16
20
17
21
16
19
20
16
22
12
18
19
11
17
18
15
13
18
12
26
10
17
12
12
22
20
21
17
30
12
16
16
24
17
20
18
19
17
13
15
21
14
18
21
19
15
14
19
13
21
16
18
12
19
22
7
19
21
12
20
18
16
20
16
23
16
14
20
19
24
22
18
16
21
20
12
15
16
15
16
12
21
16
16
23
15
20
23
15
19
13
20
15
19
17
17
19
25
15
12
11
17
13
16
19
17
18
12
14
12
14
17
22
13
13
13
19
11
16
24
18
17
20
16
16
23
20
17
21
16
20
20
16
14
19
22
24
24
16
22
13
22
16
18
23
14
24
24
14
12
13
22
10
19
25
13
15
19
17
17
19
21
17
22
13
12
17
13
22
9
14
17
17
25
10
16
18
22
15
13
14
15
13
27
19
9
14
16
15
16
19
19
20
21
16
15
21
18
8
8
13
24
24
18
12
20
13
18
24
21
12
19
18
6
10
14
9
17
12
21
8
21
16
12
20
21
21
18
14
22
18
14
8
13
18
15
16
25
16
15
14
13
15
7
9
9
14
14
18
13
12
14
19
17
13
22
19
16
15
16
10
16
17
19
10
14
19
19
12
13
8
14
10
20
20
10
17
15
14
16
18
14
12
15
15
15
19
14
9
17
24
14
14
24
11
21
12
17
18
11
19
16
22
20
14
5
13
16
19
18
14
18
15
23
11
12
16
14
24
22
9
12
20
18
13
11
15
20
19
15
10
24
20
14
21
13
21
18
19
16
20
19
25
16
12
21
16
13
16
19
26
20
17
16
16
11
14
17
14
19
21
21
16
19
16
14
22
15
10
16
9
12
18
14
25
15
17
18
12
29
17
13
18
25
16
9
9
17
17
17
20
18
13
16
15
14
18
23
12
17
13
10
18
18
20
14
10
14
14
13
13
13
10
8
12
11
11
13
12
8
19
11
12
12
20
15
11
21
7
17
13
10
12
12
13
19
8
17
15
13
10
8
11
10
15
12
16
9
10
17
16
9
23
11
10
12
16
9
13
10
12
13
18
14
14
15
15
8
11
12
12
15
10
15
11
10
13
18
13
15
12
11
16
14
19
11
12
11
14
11
18
16
12
13
14
15
8
15
7
8
14
12
16
13
12
10
18
7
9
6
20
14
15
14
8
11
16
14
11
10
9
5
13
13
9
12
10
4
8
16
8
11
10
8
17
13
9
12
13
7
7
7
13
13
10
8
12
14
6
10
4
7
8
15
8
7
8
9
10
6
8
6
13
6
6
8
10
10
5
7
6
3
5
6
9
8
9
5
6
4
3
6
15
7
1
8
4
11
8
5
2
7
8
9
8
6
2
8
7
5
13
11
8
7
6
7
7
5
6
5
11
3
10
7
7
9
7
4
3
2
5
8
8
6
9
3
6
12
4
4
5
4
5
6
7
10
3
1
5
3
9
3
1
2
8
6
9
4
3
9
3
7
3
3
7
2
7
7
5
6
5
9
8
6
5
5
4
5
4
6
5
4
5
4
6
4
2
2
4
6
2
2
5
4
3
3
1
2
2
5
4
5
3
4
4
6
1
5
5
2
2
8
7
5
3
4
4
6
3
5
1
4
4
2
5
2
2
3
2
2
3
3
1
2
2
3
2
2
7
3
2
4
2
6
6
2
3
5
2
2
5
1
3
6
5
1
0
3
4
1
1
2
4
4
3
4
1
2
4
3
2
0
1
3
4
1
4
6
1
3
5
3
2
0
3
2
4
7
4
1
0
3
3
7
2
1
3
1
2
4
3
2
4
7
3
7
4
5
1
5
5
1
3
4
4
4
3
1
2
3
5
5
2
3
5
1
1
1
2
6
3
1
5
1
5
3
5
1
3
1
4
3
3
3
0
5
0
4
3
1
4
4
1
4
2
1
0
5
1
3
0
2
2
5
3
3
4
2
1
1
2
1
2
2
0
5
2
4
0
4
3
3
3
2
6
5
2
0
2
1
3
2
1
2
0
3
2
2
7
1
1
1
1
5
3
3
2
1
1
3
2
1
1
6
2
4
2
2
1
6
5
3
2
2
7
2
2
3
6
4
4
4
5
4
5
6
2
4
13
7
11
8
9
8
10
8
15
13
18
17
18
22
19
19
21
20
25
23
30
28
38
27
35
30
40
39
29
41
43
39
42
49
50
55
49
53
62
42
44
57
50
47
48
39
47
45
38
38
28
32
28
13
35
26
19
13
24
9
5
6
3
7
4
6
4
2
1
3
4
0
0
3
1
2
0
0
1
4
1
0
2
0
0
0
0
2
0
1
0
0
0
0
0
3
0
2
0
1
0
2
0
1
0
1
0
2
2
3
0
2
1
1
2
0
1
0
0
0
3
2
0
0
0
1
0
2
0
0
0
0
0
1
2
0
4
1
1
1
0
1
1
1
1
1
2
0
0
0
0
1
0
1
2
1
1
0
1
1
2
0
0
1
0
2
1
1
0
0
0
0
0
0
0
1
0
0
1
0
0
0
0
1
1
2
0
0
0
0
0
0
0
0
0
0
0
1
0
0
2
1
0
1
2
1
0
0
2
2
3
0
0
0
2
0
1
0
0
0
0
2
4
0
0
0
2
0
0
1
0
0
1
1
1
3
0
0
1
0
0
0
2
0
1
0
2
0
0
0
2
0
0
1
0
0
1
1
1
1
1
0
0
1
1
0
1
0
0
1
0
0
0
1
1
0
0
0
0
1
0
0
2
0
0
0
3
2
1
0
0
0
0
0
0
1
2
1
2
0
0
0
1
0
0
1
1
0
2
0
1
0
1
0
0
0
0
0
1
0
1
0
0
0
0
0
1
1
0
0
0
0
0
0
2
1
0
0
0
1
1
1
1
1
0
1
0
0
0
0
0
0
0
0
0
0
0
0
0
0
2
1
1
0
0
1
0
0
0
0
2
1
0
1
0
0
2
0
0
0
0
0
0
0
0
0
0
0
2
0
0
0
0
0
1
0
0
2
1
0
0
0
0
0
1
0
0
1
0
0
0
0
0
0
1
1
0
2
1
1
1
1
1
0
0
0
1
1
0
1
1
0
1
0
0
0
0
0
1
0
1
0
1
0
0
2
0
0
0
0
0
0
0
1
0
0
1
1
0
1
0
0
0
0
0
0
0
0
0
0
0
0
0
0
0
0
0
2
0
0
1
1
1
0
1
0
1
0
0
0
0
0
0
0
0
2
1
0
1
2
1
0
0
0
1
0
0
0
0
0
1
0
0
0
0
0
0
0
0
0
0
0
1
1
0
0
1
1
0
0
1
1
0
0
1
0
1
0
0
0
0
0
0
1
0
0
0
0
0
0
1
0
1
1
0
0
0
0
0
0
0
0
0
0
0
1
0
0
1
0
0
0
1
0
0
0
1
0
1
1
0
0
0
0
1
0
0
1
0
1
0
0
0
0
0
0
2
0
2
0
0
0
1
1
0
0
0
0
0
0
0
0
0
0
0
0
0
0
0
0
0
0
1
0
0
1
1
0
0
1
0
1
1
0
1
0
1
2
0
0
0
0
1
1
1
0
0
2
0
1
0
0
0
0
0
0
0
0
0
0
0
2
0
0
0
0
0
0
1
0
0
1
1
0
0
0
0
0
0
1
2
2
0
0
0
1
1
1
2
0
0
0
1
1
0
3
0
0
1
0
0
0
0
0
0
2
0
1
1
1
0
2
0
0
0
0
0
0
0
1
1
0
1
0
0
0
0
0
0
1
0
0
0
0
0
2
0
0
0
1
0
0
0
0
0
0
0
1
0
1
0
0
0
0
0
0
0
1
0
0
0
0
1
0
1
1
0
1
0
0
1
0
1
0
0
1
0
0
1
0
1
0
0
0
0
0
1
0
1
0
0
0
0
1
1
0
0
0
0
0
0
0
0
0
0
1
0
0
0
0
0
0
0
0
0
1
0
0
0
0
2
1
0
1
2
0
0
1
2
0
0
0
0
0
0
0
1
0
0
0
0
0
0
1
1
0
0
1
1
0
1
0
0
0
0
1
1
2
0
0
0
1
0
0
1
0
0
0
0
0
0
0
0
1
0
0
0
0
0
1
1
0
0
0
0
0
0
0
0
0
0
1
0
0
0
0
0
0
0
0
0
2
0
0
0
1
0
0
0
0
1
1
0
1
0
1
1
0
0
0
0
1
0
0
0
0
1
0
0
0
0
0
0
0
0
0
0
1
0
1
0
0
0
0
0
1
0
1
0
0
0
0
0
0
0
1
0
0
0
0
0
0
0
0
0
0
0
1
0
0
0
1
0
0
0
0
0
0
1
0
0
0
0
0
0
0
0
0
0
0
0
0
0
1
0
0
1
0
0
0
1
0
0
0
1
0
0
0
0
1
0
0
1
0
1
1
0
0
1
0
0
0
0
2
0
1
0
0
0
1
0
0
0
0
0
0
1
0
0
0
0
0
0
0
0
0
0
0
1
0
0
0
0
0
0
1
0
0
0
0
0
0
0
0
0
0
0
0
0
2
0
0
0
0
0
0
0
0
1
0
1
0
1
0
0
1
0
0
0
0
0
0
0
0
0
1
1
1
0
0
0
0
1
0
1
0
0
0
0
1
0
0
0
0
0
0
0
0
0
1
0
1
0
1
0
1
0
0
1
0
1
0
0
1
0
1
0
0
1
0
0
0
0
0
0
1
1
0
0
0
0
0
0
0
0
0
0
0
0
0
0
0
0
0
1
0
0
0
0
0
1
0
0
0
0
0
1
1
0
0
0
0
0
0
0
0
0
0
1
0
0
0
0
1
0
0
0
1
0
0
0
0
0
0
0
0
0
0
0
0
0
0
0
0
0
0
1
1
0
0
0
0
0
0
2
0
0
0
1
0
0
0
0
0
1
0
0
1
0
0
0
0
0
0
0
0
0
0
0
1
0
0
0
0
0
1
0
0
0
0
0
0
0
0
1
1
1
0
0
0
0
0
0
0
1
0
0
0
0
0
0
0
0
0
0
0
0
0
0
0
1
0
0
0
0
0
0
0
1
0
0
0
0
0
1
0
0
0
0
1
0
0
1
0
1
0
0
0
0
0
0
1
0
0
1
1
0
0
1
0
1
0
0
0
0
0
0
0
0
0
0
0
0
0
0
1
0
0
1
0
0
0
1
0
0
0
0
1
0
0
0
0
0
0
0
0
0
1
0
0
0
0
0
1
1
1
1
0
0
0
0
1
0
0
0
0
0
0
0
0
1
0
0
0
0
0
0
0
0
0
0
0
0
0
0
0
0
0
1
0
0
1
0
0
1
0
1
0
0
0
0
0
0
0
0
0
0
0
0
0
0
0
0
0
0
0
0
0
0
0
0
0
0
0
0
1
0
0
0
0
0
0
0
1
0
0
1
0
0
0
0
1
0
0
0
0
0
0
0
0
0
0
0
0
1
0
0
0
0
0
0
0
0
0
0
1
0
0
0
0
0
0
0
0
0
0
0
0
1
0
0
0
0
1
0
0
0
1
0
0
0
0
0
0
0
0
0
1
1
1
0
0
0
0
0
0
0
0
0
0
0
0
0
2
0
0
0
1
0
0
1
0
0
0
0
0
0
0
1
0
0
0
0
0
0
0
0
0
0
0
0
1
0
0
0
0
0
0
0
0
0
0
1
0
0
0
0
0
0
0
0
1
0
0
0
0
1
0
0
0
0
0
0
0
0
0
0
0
1
0
0
0
0
0
0
0
0
0
0
1
0
0
0
0
0
0
0
0
0
0
0
0
0
0
0
0
0
0
0
1
0
0
0
0
0
0
0
0
0
0
0
0
0
0
0
0
0
0
0
0
0
0
0
0
0
1
0
0
0
0
0
0
0
0
0
0
1
0
0
0
0
0
0
0
1
0
0
0
0
0
0
0
0
0
0
2
0
0
0
0
0
0
0
0
0
0
0
0
0
1
0
1
0
0
0
1
1
0
0
0
0
0
0
0
1
0
0
0
0
0
0
0
1
0
0
0
0
0
0
0
0
0
0
0
0
0
0
0
0
0
0
0
0
0
0
0
1
0
1
0
0
0
0
0
0
0
0
0
0
1
0
0
0
0
0
0
1
0
0
0
0
0
0
0
1
0
0
0
0
0
0
0
0
0
0
0
0
0
0
0
0
0
0
0
0
0
0
0
0
0
0
0
1
1
0
0
0
0
0
0
0
0
0
0
0
0
0
0
0
0
0
0
0
0
0
0
0
0
0
0
0
0
0
0
0
0
0
0
1
0
0
0
0
0
0
0
0
0
0
0
0
0
0
0
0
0
0
0
0
0
0
0
0
0
0
0
0
1
0
0
0
0
0
0
0
0
0
0
0
0
0
0
0
0
0
1
0
0
0
0
0
0
0
0
0
0
0
0
1
0
0
0
0
0
0
0
0
0
0
0
1
0
0
1
0
0
0
0
0
0
0
0
0
0
0
1
0
0
0
0
0
0
0
0
0
0
0
0
0
0
0
0
0
0
0
0
0
0
0
0
0
0
0
0
0
0
0
0
0
0
0
0
0
0
0
0
0
0
1
0
0
0
0
0
0
0
1
0
0
0
0
0
0
1
0
0
0
0
0
0
1
0
0
0
0
0
0
0
0
0
0
0
0
0
0
0
0
1
0
0
1
0
1
0
0
0
0
0
0
0
0
0
0
0
0
0
0
1
0
0
0
0
0
0
0
0
0
0
0
0
0
1
0
0
0
0
0
0
0
0
0
0
0
0
0
0
0
0
0
0
0
0
0
0
0
0
0
0
0
0
0
0
0
0
0
0
0
0
0
0
0
0
0
0
0
0
0
0
1
0
0
0
0
1
0
0
0
0
0
0
0
0
0
0
0
0
0
0
0
0
0
0
0
0
0
0
0
0
0
0
0
0
0
0
0
0
0
0
0
0
0
0
0
0
0
0
0
0
0
0
0
0
0
0
0
0
0
0
0
0
0
0
0
0
0
0
0
0
0
0
0
2
0
0
0
0
0
0
0
0
0
0
0
0
0
0
1
0
0
0
0
1
0
0
0
0
2
2
0
0
0
0
0
0
1
0
0
0
1
0
0
0
0
0
1
0
0
0
0
0
0
0
0
0
0
0
0
0
0
0
0
0
0
0
0
0
0
0
0
0
0
0
0
0
0
0
0
0
0
0
0
0
0
0
0
0
0
0
0
0
0
0
0
0
0
0
0
0
0
0
0
0
0
0
0
0
0
0
1
0
0
0
0
0
0
0
0
0
0
0
0
0
0
0
0
1
0
0
0
0
0
0
0
0
0
0
0
0
0
0
0
0
0
0
0
0
0
0
0
0
0
0
0
0
0
0
0
0
0
0
0
0
0
0
0
0
0
1
0
0
0
0
0
0
0
0
0
0
0
0
0
0
0
0
0
0
0
0
0
0
0
0
0
0
0
0
0
0
0
0
0
0
0
0
0
0
0
0
0
0
0
0
0
0
0
0
0
0
0
0
0
0
0
0
0
0
0
0
0
0
0
0
0
0
0
0
0
0
0
0
0
0
0
0
0
0
0
0
0
0
0
0
0
0
0
0
1
0
0
0
0
0
0
0
0
0
0
0
0
0
0
0
0
0
0
0
0
0
0
0
0
0
0
0
0
0
0
0
0
0
0
0
0
0
0
0
0
0
0
0
0
0
0
0
0
0
0
0
0
0
0
0
0
0
0
0
0
0
0
0
0
0
0
0
0
0
0
0
0
0
0
0
0
0
0
0
0
0
0
0
0
0
0
0
0
0
0
0
0
0
0
0
0
0
0
0
0
0
0
0
1
0
0
0
0
0
0
0
0
0
0
0
0
0
0
0
0
0
0
0
0
0
0
0
0
0
0
0
0
0
0
0
0
0
0
0
0
0
0
0
0
0
0
0
0
0
0
0
0
0
0
0
0
0
0
0
0
1
0
0
0
0
0
0
0
0
0
0
0
0
0
0
0
0
0
0
0
0
0
0
0
0
0
0
0
0
0
0
0
0
0
0
0
0
0
0
0
0
0
0
0
0
0
0
0
0
0
0
0
0
0
0
0
0
0
0
0
0
0
0
0
0
0
0
0
0
0
0
0
0
0
0
0
0
0
0
0
0
0
0
0
0
0
0
0
0
0
0
0
0
0
0
0
0
0
0
0
0
0
0
0
0
0
0
0
0
0
0
0
0
0
0
0
0
0
0
0
0
0
0
0
0
0
0
0
0
0
0
0
0
0
0
0
0
0
0
0
0
0
0
0
0
0
0
0
0
0
0
0
0
0
0
0
0
0
0
0
0
0
0
0
0
0
0
0
0
0
0
0
0
0
0
0
0
0
0
0
0
0
0
0
0
0
0
0
0
0
0
0
0
0
0
0
0
0
0
0
0
0
0
0
0
0
0
0
0
0
0
0
0
0
0
0
0
0
0
0
0
0
0
0
0
0
0
0
0
0
0
0
0
0
0
0
0
0
0
0
0
0
0
0
0
0
0
0
0
0
0
0
0
0
0
0
0
0
0
0
0
0
0
0
0
0
0
0
0
0
0
0
0
0
0
0
0
0
0
0
0
0
0
0
0
0
0
0
0
0
0
0
0
0
0
0
0
0
0
0
0
0
0
0
0
0
0
0
0
0
0
0
0
0
0
0
0
0
0
0
0
0
0
0
0
0
0
0
0
0
0
0
0
0
0
0
0
0
0
0
0
0
0
0
0
0
0
0
0
0
0
0
0
0
0
0
0
0
0
0
0
0
0
0
0
0
0
0
0
0
0
0
0
0
0
0
0
0
0
0
0
0
0
0
0
0
0
0
0
0
0
0
0
0
0
0
0
0
0
0
0
0
0
0
0
0
0
0
0
0
0
0
0
0
0
0
0
0
0
0
0
0
0
0
0
0
0
0
0
0
0
0
0
0
0
0
0
0
0
0
0
0
0
0
0
0
0
0
0
0
0
0
0
0
0
0
0
0
0
0
0
0
0
0
0
0
0
0
0
0
0
0
0
0
0
0
0
0
0
0
0
0
0
0
0
0
0
0
0
0
0
0
0
0
0
0
0
0
0
0
0
0
0
0
0
0
0
0
0
0
0
0
0
0
0
0
0
0
0
0
0
0
0
0
0
0
0
0
0
0
0
0
0
0
0
0
0
0
0
0
0
0
0
0
0
0
0
0
0
0
0
0
0
0
0
0
0
0
0
0
0
0
0
0
0
0
0
0
0
0
0
0
0
0
0
0
0
0
0
0
0
0
0
0
0
0
0
0
0
0
0
0
0
0
0
0
0
0
0
0
0
0
0
0
0
0
0
0
0
0
0
0
0
0
0
0
0
0
0
0
0
0
0
0
0
0
0
0
0
0
0
0
0
0
0
0
0
0
0
0
0
0
0
0
0
0
0
0
0
0
0
0
0
0
0
0
0
0
0
0
0
0
0
0
0
0
0
0
0
0
0
0
0
0
0
0
0
0
0
0
0
0
0
0
0
0
0
0
0
0
0
0
0
0
0
0
0
0
0
0
0
0
0
0
0
0
0
0
0
0
0
0
0
0
0
0
0
0
0
0
0
0
0
0
0
0
0
0
0
0
0
0
0
0
0
0
0
0
0
0
0
0
0
0
0
0
0
0
0
0
0
0
0
0
0
0
0
0
0
0
0
0
0
0
0
0
0
0
0
0
0
0
0
0
0
0
0
0
0
0
0
0
0
0
0
0
0
0
0
0
0
0
0
0
0
0
0
0
0
0
0
0
0
0
0
0
0
0
0
0
0
0
0
0
0
0
0
0
0
0
0
0
0
0
0
0
0
0
0
0
0
0
0
0
0
0
0
0
0
0
0
0
0
0
0
0
0
0
0
0
0
0
0
0
0
0
0
0
0
0
0
0
0
0
0
0
0
0
0
0
0
0
0
0
0
0
0
0
0
0
0
0
0
0
0
0
0
0
0
0
0
0
0
0
0
0
0
0
0
0
0
0
0
0
0
0
0
0
0
0
0
0
0
0
0
0
0
0
0
0
0
0
0
0
0
0
0
0
0
0
0
0
0
0
0
0
0
0
0
0
0
0
0
0
0
0
0
0
0
0
0
0
0
0
0
0
0
0
0
0
0
0
0
0
0
0
0
0
0
0
0
0
0
0
0
0
0
0
0
0
0
2
0
0
0
2
0
0
1
0
0
0
0
0
0
0
1
1
2
1
0
0
2
0
1
2
2
0
0
1
1
0
1
0
0
0
0
0
0
1
0
1
1
1
1
0
1
1
1
2
1
0
1
0
0
0
0
0
1
0
0
2
2
0
1
0
1
0
0
0
1
0
1
1
1
1
0
0
0
0
0
0
0
1
1
1
0
0
0
0
0
0
1
2
1
0
0
0
0
1
1
1
1
0
0
2
2
0
0
0
0
0
0
2
0
1
0
1
0
1
1
0
0
0
0
0
1
0
0
