0
0
0
0
0
0
0
0
0
0
0
0
1
0
0
1
0
3
2
3
3
6
5
5
9
5
1
7
15
7
10
10
5
9
11
15
9
11
6
15
12
9
11
12
7
5
15
9
14
10
17
9
9
9
11
4
13
8
7
16
11
10
16
23
37
37
65
54
98
87
105
122
151
212
242
295
364
423
447
462
468
471
521
532
542
522
555
545
577
566
576
625
673
721
710
743
661
687
669
628
639
599
622
559
577
603
561
536
540
577
539
553
540
528
519
511
506
533
527
543
502
491
543
545
547
525
499
576
588
529
542
523
512
539
497
533
514
518
495
523
515
560
510
533
543
531
519
497
523
516
516
518
518
516
528
567
518
510
505
484
525
522
473
502
504
529
526
547
521
572
538
495
515
501
503
511
496
523
515
501
495
507
512
507
495
494
489
511
485
456
531
512
485
539
482
546
498
501
515
494
541
473
497
494
532
524
543
484
516
484
508
540
511
513
483
519
503
498
522
528
545
489
512
517
536
501
510
510
501
503
511
535
577
517
485
531
485
534
494
531
513
546
512
503
484
564
490
525
496
484
498
525
518
515
468
529
532
501
494
524
485
507
547
561
536
507
483
502
491
504
500
521
507
483
541
537
523
495
503
503
523
476
509
488
563
530
506
468
499
492
504
522
506
514
512
528
450
499
483
485
482
476
543
495
494
539
501
514
483
507
505
480
495
515
520
465
485
503
526
491
505
498
519
487
540
503
508
524
484
521
532
514
525
515
506
495
512
484
514
500
517
548
523
481
503
526
502
493
528
520
484
517
495
526
510
516
521
484
477
546
499
496
573
541
478
505
527
534
510
537
513
540
533
581
515
554
553
553
609
590
531
570
573
577
582
599
549
567
561
586
574
561
577
577
584
576
596
542
587
559
580
577
586
583
630
576
577
596
582
607
589
595
586
611
598
582
546
530
572
596
588
598
621
563
576
583
624
596
540
626
567
563
581
589
566
584
593
586
566
591
598
566
568
596
557
590
587
594
540
578
560
567
587
571
573
590
529
570
561
546
554
582
553
581
573
553
569
578
613
565
611
563
583
575
571
571
545
565
552
587
583
588
547
530
593
552
590
608
555
562
611
598
563
552
590
534
576
578
581
576
534
614
592
565
571
582
609
527
541
578
584
570
592
585
571
577
577
561
551
590
574
548
567
564
581
593
579
544
601
573
549
542
533
560
554
556
568
591
584
550
526
517
596
542
581
541
579
512
568
555
596
526
574
541
592
607
559
552
542
564
565
520
554
545
551
555
559
534
518
564
569
557
522
561
578
543
574
542
544
546
551
564
548
542
608
555
562
529
559
550
555
579
573
544
583
521
543
561
516
557
541
532
575
539
530
512
532
533
563
545
549
548
546
608
563
544
575
543
572
544
562
551
546
555
553
560
581
568
531
537
531
603
592
621
553
522
583
555
554
564
594
604
583
556
580
554
533
565
556
553
574
561
582
556
587
591
546
551
561
570
608
593
606
567
576
531
573
601
565
600
570
568
587
626
584
552
568
580
604
617
564
605
588
579
589
571
602
627
555
616
603
578
626
598
623
645
599
573
559
624
561
572
548
620
631
621
603
601
616
614
615
664
593
613
602
624
603
613
658
615
609
590
635
654
594
662
580
591
593
656
635
634
602
669
617
621
634
681
623
662
613
634
642
656
652
634
653
625
668
652
650
683
643
715
701
640
670
717
692
688
653
656
656
677
696
626
680
713
726
719
680
717
679
694
692
701
684
720
692
693
730
691
755
718
721
686
670
675
693
715
742
721
686
719
664
735
694
740
703
735
756
653
715
732
708
693
696
687
704
667
646
665
642
635
610
617
580
621
552
540
556
543
489
532
519
526
468
469
445
480
489
440
442
469
407
445
453
412
431
416
389
443
423
400
389
390
408
384
391
398
411
409
372
368
409
379
380
342
398
366
361
387
374
394
376
364
354
329
383
377
371
389
347
335
346
345
365
336
290
319
320
338
343
346
354
330
309
344
334
307
300
339
340
333
340
351
325
322
314
325
301
330
307
302
304
317
319
330
295
333
308
271
283
311
291
288
288
281
263
319
243
268
289
271
289
266
264
273
269
307
255
238
269
257
253
265
280
238
275
270
283
239
257
252
250
242
264
233
237
258
231
253
213
245
261
253
226
273
217
231
213
231
228
229
235
230
235
224
209
212
231
234
203
191
214
228
213
228
200
218
209
188
219
214
206
221
188
194
194
214
213
199
213
196
173
218
209
233
206
216
203
194
207
176
187
187
199
187
196
189
186
203
196
168
164
188
198
182
178
181
178
167
176
171
175
190
178
180
164
187
173
189
162
179
159
192
176
192
194
170
182
167
183
158
162
171
177
172
185
182
154
157
201
158
184
182
185
175
183
175
179
190
178
158
182
156
179
193
183
158
171
186
190
170
182
164
177
173
173
187
167
155
163
180
168
156
175
186
162
188
190
198
190
168
196
173
146
173
156
178
164
174
173
186
151
157
181
198
159
161
173
164
159
162
210
141
151
157
175
186
144
169
174
148
183
167
150
139
172
160
169
182
161
167
163
148
179
162
150
179
190
164
175
156
136
164
171
150
168
154
162
154
180
158
142
166
149
153
153
173
165
147
132
180
149
147
152
161
167
161
147
161
149
158
163
157
155
157
157
168
173
144
178
179
156
150
148
165
152
152
156
168
180
163
156
154
153
132
154
157
194
131
148
130
173
174
171
154
155
156
159
148
147
142
165
157
161
153
145
129
150
162
148
152
157
153
158
165
153
169
221
172
198
230
229
265
279
407
485
617
809
987
1475
1909
2250
2980
3593
4296
5101
5914
6625
7222
7610
8334
8569
8830
8807
8695
8279
7862
7062
6227
5531
4765
3903
3110
2510
1928
1524
1233
866
695
553
488
361
272
273
237
191
166
155
166
139
145
147
128
132
121
116
108
131
114
114
116
125
102
87
123
110
115
91
126
87
91
101
100
103
110
99
108
108
88
93
90
101
102
88
93
94
108
102
100
96
89
91
106
104
104
87
92
117
85
94
82
100
103
97
81
88
101
99
92
96
91
81
93
87
110
99
87
103
112
101
89
98
80
96
89
89
96
99
93
87
94
81
76
88
96
103
91
105
95
87
102
84
92
96
104
84
106
96
100
88
100
110
80
84
89
82
93
91
85
99
111
83
90
93
86
73
99
74
73
95
79
90
79
102
97
78
76
78
119
99
89
74
102
90
90
122
81
102
91
104
92
101
84
109
75
81
107
96
73
108
76
92
81
81
87
69
82
99
81
83
73
65
84
69
95
79
96
95
75
65
99
85
78
90
67
80
82
81
86
87
90
97
89
75
53
67
85
79
77
93
66
80
91
77
85
93
91
69
85
79
73
66
64
91
83
94
77
85
74
75
82
80
77
80
69
94
71
80
85
93
84
80
60
74
77
69
82
90
85
74
86
89
72
71
79
91
79
80
98
75
73
78
80
79
86
68
71
76
95
59
67
72
87
90
58
80
83
86
75
84
74
71
103
82
92
80
88
75
81
73
97
70
82
72
86
88
92
69
74
78
88
74
79
76
76
80
89
79
76
75
81
72
75
77
81
83
92
78
69
71
64
78
76
100
90
78
75
87
76
82
87
78
76
69
81
87
89
66
80
73
76
82
69
74
69
85
79
82
81
72
73
75
71
84
67
75
89
65
94
87
84
67
89
75
90
83
90
82
87
68
70
88
61
87
83
70
86
70
98
99
98
77
78
88
102
71
73
82
85
86
94
78
73
73
80
82
84
81
76
71
94
69
80
76
78
72
90
80
74
88
80
71
74
92
81
56
81
66
89
88
69
83
98
89
77
72
81
73
70
71
74
85
78
73
75
77
81
83
82
103
93
93
90
67
76
78
60
95
67
104
76
67
94
86
80
82
68
75
78
87
84
78
105
89
78
96
84
76
77
93
73
78
62
86
76
79
67
78
80
79
83
71
71
79
70
70
73
91
71
86
84
83
88
85
80
75
78
73
96
67
80
79
74
65
59
101
93
73
68
70
83
71
77
71
93
78
63
64
90
77
79
80
83
85
80
82
78
66
77
81
74
83
77
79
93
77
95
98
81
71
91
91
77
91
82
68
83
71
74
67
92
80
93
72
81
88
101
74
78
53
67
79
98
84
74
72
74
76
77
71
76
83
91
74
80
74
88
95
93
86
80
72
76
79
91
90
69
87
78
86
82
83
92
84
85
94
81
87
74
76
90
71
72
77
72
68
90
63
68
69
76
67
89
81
80
84
70
73
83
96
70
71
76
80
83
93
80
81
90
66
72
92
106
73
94
97
98
97
67
81
66
93
87
94
100
93
85
83
80
96
88
88
84
78
69
84
77
83
85
78
82
79
73
88
90
101
89
85
98
71
83
80
74
98
75
82
87
77
76
70
85
67
90
88
70
101
79
82
77
85
96
105
74
78
72
90
82
96
86
83
74
78
81
78
82
80
61
93
82
90
86
73
78
101
75
83
89
87
73
71
87
92
77
94
76
76
83
68
88
97
82
96
80
74
99
75
100
83
86
77
77
72
79
83
83
92
111
69
64
71
91
85
82
87
83
88
86
78
96
80
81
91
85
82
80
85
73
86
78
81
94
80
94
67
86
85
71
85
89
75
90
80
81
91
86
82
91
75
90
90
90
74
70
73
87
84
101
87
86
97
97
76
85
85
89
93
83
74
92
91
87
93
77
90
90
83
92
94
86
66
85
86
72
79
81
86
98
105
94
81
80
95
82
81
89
78
80
83
88
85
100
72
79
88
82
93
98
83
85
97
82
64
98
92
93
75
71
94
75
94
101
65
102
79
91
100
90
86
94
90
85
77
81
90
102
85
90
91
107
79
95
92
83
108
76
80
70
91
93
78
84
73
79
93
90
82
83
86
87
88
94
91
91
89
113
94
103
94
97
89
99
92
92
93
68
106
90
87
82
89
95
90
90
85
97
100
99
83
87
92
96
81
106
97
99
103
92
94
86
101
98
99
101
85
98
96
92
97
94
108
84
107
103
71
79
85
96
104
120
97
88
87
120
102
104
97
80
76
98
95
81
97
91
86
113
82
80
95
84
96
108
88
92
93
93
109
75
94
113
97
102
104
73
95
107
77
105
97
78
102
120
89
91
95
87
84
72
98
74
97
100
98
106
98
81
89
95
104
84
92
110
98
79
80
100
90
107
104
96
103
101
100
88
93
108
87
85
102
98
112
107
106
101
101
105
106
101
105
83
103
82
86
89
107
95
96
110
102
92
91
113
105
95
108
104
92
84
103
94
109
111
108
110
96
98
109
112
98
104
110
89
97
95
96
104
116
94
111
96
93
113
100
96
110
100
98
91
109
111
100
120
94
99
94
132
96
108
101
104
86
104
106
113
100
103
97
115
105
100
99
106
91
98
117
91
123
124
96
114
105
121
92
101
103
109
116
107
102
104
106
116
102
113
120
104
99
117
90
130
109
119
116
116
121
120
128
104
113
110
98
109
104
111
107
112
103
112
93
122
120
115
115
115
109
101
112
129
116
106
117
124
115
112
115
90
112
123
121
123
121
124
118
128
121
121
107
124
114
120
114
113
111
105
113
139
115
113
127
131
110
126
135
126
119
99
125
100
131
133
117
150
128
117
134
127
134
135
114
128
117
123
110
108
132
106
106
134
115
119
123
132
102
105
146
104
109
126
124
123
101
128
124
129
115
114
121
124
136
121
116
129
125
118
137
131
131
124
137
124
120
131
128
129
139
133
128
135
138
148
135
115
149
123
131
140
142
127
142
142
137
161
135
143
142
136
127
145
146
131
139
143
125
131
132
140
137
146
142
127
147
131
150
141
141
140
155
134
142
107
145
131
138
127
110
144
141
154
159
134
139
143
145
139
135
133
138
140
151
155
146
166
141
134
168
146
159
149
126
179
149
154
148
157
158
144
138
136
150
151
160
158
155
169
164
157
145
157
156
152
138
167
133
153
163
151
164
170
168
178
174
160
175
155
151
176
172
151
153
161
158
170
166
137
154
159
126
156
153
156
174
159
170
154
149
141
140
136
144
124
142
147
148
159
125
152
136
129
122
141
144
140
129
101
133
124
116
129
119
94
109
100
100
90
106
107
114
112
116
99
114
99
99
99
99
96
109
101
106
94
122
93
96
87
94
112
100
110
121
84
97
84
104
98
98
78
86
90
97
91
96
101
76
100
112
108
86
95
79
88
75
97
97
66
89
91
100
94
81
89
94
95
95
80
90
92
94
71
91
79
97
97
81
90
68
92
89
79
81
80
83
76
86
91
71
72
77
89
78
82
90
85
71
78
94
86
95
106
83
97
62
77
83
92
64
82
87
73
99
77
93
84
80
75
77
72
74
73
72
80
72
68
78
101
81
66
87
57
77
75
74
84
85
69
83
60
80
61
75
82
79
79
66
72
69
85
76
68
58
92
84
84
72
67
77
61
75
85
72
85
63
68
64
56
65
62
73
74
64
76
68
71
66
46
61
64
62
61
73
70
81
66
57
62
60
67
83
58
64
62
61
47
66
56
57
65
68
52
39
50
73
72
57
53
63
48
53
77
55
60
61
57
57
54
62
44
55
57
53
65
46
57
51
55
66
46
58
60
45
46
55
45
40
53
55
48
40
39
42
43
45
50
51
45
49
42
48
43
55
35
44
41
41
39
50
29
55
48
57
50
40
50
43
54
43
39
48
26
39
49
45
43
37
35
46
36
21
49
37
40
33
45
46
44
29
42
38
45
36
33
34
37
39
37
37
33
32
37
28
43
45
32
43
45
43
29
35
34
35
29
40
31
36
31
35
39
35
46
36
25
41
35
35
32
30
32
44
28
30
26
42
34
37
39
39
29
34
41
39
43
36
35
42
37
44
38
31
18
30
41
30
34
34
38
39
26
39
38
32
43
27
34
38
30
36
31
35
28
33
38
41
37
20
25
29
37
30
31
42
45
34
24
33
31
42
21
34
35
43
37
29
33
36
28
32
32
27
37
43
32
37
42
32
38
35
30
36
39
28
27
27
32
34
25
27
33
21
41
38
39
28
27
32
32
40
28
26
46
35
33
38
30
36
32
41
31
39
25
36
32
26
38
28
34
27
39
34
34
34
42
31
34
30
29
34
28
21
35
27
33
21
42
34
27
37
31
31
25
31
29
37
26
29
24
32
33
33
43
43
33
28
20
34
31
28
40
33
28
25
36
45
27
31
50
41
47
44
38
36
36
41
49
51
56
66
65
64
74
83
111
141
128
161
186
202
287
264
318
384
431
467
479
546
577
599
665
647
669
703
824
801
903
840
997
955
990
1049
1099
1082
1132
1113
1101
1128
1123
1049
1013
938
822
739
651
569
518
412
332
283
224
173
172
124
84
75
59
64
44
47
41
40
37
34
41
41
36
23
35
29
34
27
30
32
29
26
30
24
24
25
36
37
25
29
41
27
34
27
24
33
29
27
31
19
26
24
25
23
29
24
27
27
32
32
25
27
24
15
35
34
30
28
35
29
29
26
26
32
25
31
28
21
25
27
24
27
12
26
24
35
24
27
21
15
33
18
18
24
29
27
20
37
31
30
28
24
21
19
21
27
17
24
26
28
24
22
25
24
22
28
28
20
20
17
21
25
27
34
29
23
27
23
25
28
23
28
34
26
33
22
30
20
23
27
25
16
25
24
29
30
21
23
28
30
17
26
26
39
26
23
23
23
29
23
31
19
25
32
18
23
21
31
28
26
14
30
29
23
30
29
23
27
24
24
23
26
14
28
25
20
27
24
21
28
16
22
25
28
19
28
19
21
18
26
25
29
21
21
19
17
36
24
34
25
26
21
22
22
18
34
17
27
22
24
16
21
22
17
24
22
28
19
21
14
16
34
23
15
19
15
22
24
26
27
28
19
27
16
17
18
19
23
25
22
16
20
25
16
17
30
26
23
27
24
18
29
11
22
21
22
23
23
23
17
21
23
19
20
18
23
27
18
14
19
19
22
22
18
19
16
18
11
18
18
17
20
27
22
25
23
16
21
30
12
26
15
27
23
23
23
19
26
13
24
15
16
13
23
22
25
20
17
19
21
20
20
20
19
21
19
18
18
19
21
15
13
19
21
20
20
12
21
14
19
16
15
15
13
19
23
16
19
24
18
21
22
7
18
21
19
20
15
13
19
12
17
20
18
27
16
26
23
19
21
15
14
21
21
25
21
25
13
20
18
12
18
18
17
13
18
19
15
20
19
16
17
23
16
16
9
26
18
20
16
13
19
12
23
18
22
19
20
21
17
17
14
21
18
22
19
18
17
14
14
24
18
19
16
21
24
21
14
12
17
20
16
16
18
16
20
21
17
22
22
17
22
13
18
19
17
18
16
15
19
11
25
14
16
19
13
20
24
15
13
20
24
19
25
19
27
20
21
29
19
22
26
17
20
28
18
27
20
21
15
16
10
22
16
17
18
14
14
23
19
13
14
11
13
22
11
13
28
18
16
15
12
11
13
17
23
17
14
18
20
21
20
16
16
12
13
17
19
17
20
16
18
10
8
23
17
21
13
19
12
16
18
21
21
27
23
17
18
14
24
23
15
20
13
12
15
16
24
22
17
26
16
11
12
20
15
18
14
20
17
15
19
8
17
18
26
19
13
15
14
20
19
16
12
13
21
13
23
14
15
16
18
29
9
13
13
18
16
19
16
24
16
11
13
19
21
17
18
15
11
11
14
20
16
21
20
17
17
16
18
15
17
10
12
15
14
16
17
19
15
22
18
17
17
17
13
17
26
11
29
19
22
20
12
18
8
18
18
16
21
13
17
17
16
21
18
13
11
9
19
18
17
20
17
19
18
19
17
20
19
12
15
18
12
13
17
22
17
14
14
14
17
17
16
28
16
21
11
21
17
20
18
12
14
19
18
21
14
19
11
18
20
23
23
21
15
15
16
19
13
16
19
17
17
14
17
14
12
14
19
21
15
16
12
21
20
14
24
18
20
16
12
18
16
10
18
16
15
16
27
12
15
11
21
16
19
9
25
17
17
16
22
17
22
17
21
20
5
10
17
8
23
16
14
19
11
20
11
13
17
25
10
11
21
15
11
17
12
15
14
10
14
16
12
16
14
13
10
14
16
14
22
10
11
15
13
17
20
19
13
13
12
14
12
13
11
17
17
15
20
15
18
14
11
9
18
17
15
12
7
11
14
12
21
19
8
22
14
12
10
15
17
9
10
11
11
17
14
11
19
4
11
8
17
17
10
16
14
10
16
12
16
17
16
16
16
20
17
12
14
14
12
12
12
13
13
5
14
11
14
10
10
14
9
9
14
9
13
9
12
16
12
14
17
13
19
7
5
6
13
9
11
16
7
7
11
5
11
9
10
11
15
16
9
7
12
5
10
9
12
8
7
12
6
8
12
6
4
7
5
3
7
9
9
6
9
5
9
10
10
15
6
6
7
5
5
8
11
13
12
6
4
9
6
11
8
6
4
5
10
10
5
5
10
5
11
3
9
4
4
8
5
7
4
5
5
5
7
5
10
5
7
6
6
6
6
9
0
9
7
2
5
5
6
5
5
6
4
4
4
4
5
6
6
6
8
6
5
2
1
6
5
9
3
8
4
5
4
8
2
4
7
6
5
5
1
4
2
7
1
3
2
6
6
4
2
3
2
7
2
6
1
6
6
5
3
1
1
6
4
5
3
5
3
5
5
2
7
4
4
4
3
4
2
1
3
2
1
4
3
2
2
6
4
0
7
3
5
3
1
2
4
5
6
6
4
2
3
2
7
3
4
4
5
4
2
7
4
1
2
4
3
2
2
5
5
3
1
4
1
6
3
3
2
0
5
4
0
1
4
3
2
2
2
4
2
3
3
4
6
1
0
3
4
1
4
4
3
2
3
1
4
6
4
3
6
3
5
3
3
3
1
2
1
4
1
1
2
1
1
1
5
2
2
3
4
3
1
6
4
3
4
1
4
2
4
6
3
5
2
1
2
1
6
3
8
1
2
4
4
5
3
2
3
3
4
0
1
4
1
4
5
1
1
0
1
1
2
3
2
4
3
4
2
1
1
2
3
4
2
5
0
5
4
6
4
3
3
2
2
0
3
3
2
1
2
1
0
5
3
1
2
3
3
1
3
3
3
1
3
0
0
2
0
0
4
2
4
4
4
2
4
2
8
1
3
4
4
3
2
2
7
2
1
5
8
2
3
6
7
4
5
8
4
1
4
6
11
8
8
11
8
18
16
17
16
19
18
26
19
32
25
24
19
25
38
28
37
41
41
38
35
45
51
43
47
49
42
58
38
38
61
51
65
57
53
54
49
44
58
42
40
46
45
30
31
36
35
31
29
26
16
17
17
12
9
9
11
5
7
2
4
4
0
2
0
3
0
2
0
2
0
4
0
0
3
2
1
1
1
0
1
0
0
0
1
1
0
1
1
3
0
1
1
0
2
1
2
2
0
1
2
0
2
2
2
2
0
1
0
2
0
1
1
0
1
0
0
0
1
0
0
0
1
0
1
0
0
0
0
1
1
0
2
0
1
0
0
0
0
0
0
1
0
1
0
1
0
0
0
0
2
0
0
0
0
0
1
0
2
1
0
0
1
3
0
1
0
0
2
0
2
0
1
0
0
1
0
0
2
1
1
1
1
0
0
0
1
1
0
0
1
2
1
0
0
1
0
1
1
0
1
0
0
0
0
0
1
0
0
2
0
1
0
2
0
0
1
0
0
0
0
1
1
0
0
1
1
1
3
0
0
2
6
1
2
0
0
0
0
1
1
3
4
0
1
0
1
0
0
0
0
0
2
2
1
1
2
0
0
0
0
0
1
0
0
1
1
0
0
0
0
1
0
1
1
1
1
0
1
0
1
0
1
1
1
0
1
0
2
0
0
1
0
1
2
0
0
0
0
0
0
0
0
0
1
0
0
0
0
0
0
2
1
1
0
0
1
0
0
0
0
0
0
1
2
1
1
0
0
1
0
0
0
2
1
0
0
1
0
0
1
0
0
1
0
0
0
1
1
2
2
1
1
0
0
1
0
0
0
0
1
0
0
0
0
0
1
1
0
0
0
0
1
0
0
0
1
0
0
0
0
1
1
0
0
0
2
1
0
1
1
1
0
0
0
0
0
1
1
0
0
0
0
2
0
0
0
0
0
0
0
0
1
0
1
0
0
3
0
0
0
0
2
0
0
0
1
0
2
0
0
0
0
0
1
0
0
0
0
1
0
0
0
2
0
1
0
0
1
0
0
0
1
0
2
0
0
0
1
0
0
2
0
0
2
0
2
0
0
0
1
0
0
2
1
0
1
0
0
0
0
0
0
2
0
0
0
1
1
0
0
0
0
1
1
0
1
0
1
1
1
1
1
2
0
1
1
1
0
1
0
0
0
0
0
0
1
1
1
1
0
1
0
0
0
1
1
0
0
0
0
0
0
0
0
1
1
0
0
1
0
0
0
0
0
0
1
0
0
0
0
0
0
0
0
0
1
0
0
0
2
0
0
0
1
0
0
2
0
0
0
1
0
2
0
0
0
0
0
0
0
1
0
0
0
0
1
0
0
0
0
0
0
0
1
1
1
0
0
0
0
0
0
2
1
0
0
0
0
0
2
0
0
0
0
0
1
0
0
0
0
0
0
1
1
0
1
1
0
0
1
1
0
0
1
0
0
0
0
0
1
0
0
0
1
0
1
0
0
0
0
1
0
0
0
0
0
0
0
0
0
1
1
0
1
1
1
1
0
0
0
1
1
0
0
0
0
0
0
2
1
1
0
0
1
0
1
0
0
2
0
0
0
0
0
0
0
0
0
0
1
0
1
1
0
0
0
0
0
0
0
1
0
0
0
1
0
0
0
1
0
0
3
0
1
0
0
0
2
0
0
0
0
0
0
0
0
0
0
0
0
0
1
0
0
0
0
0
0
0
0
0
0
0
0
1
2
1
0
0
0
0
0
2
0
1
0
0
0
0
0
0
0
0
0
0
0
0
0
0
1
0
1
0
0
1
1
0
1
0
0
0
0
0
0
0
0
2
0
1
0
0
0
0
1
1
0
0
0
0
0
0
0
1
0
0
1
0
0
0
1
0
0
0
0
0
0
0
1
0
0
0
0
0
0
0
1
0
0
0
0
0
1
0
1
0
0
0
0
0
1
0
0
0
0
0
1
0
0
0
0
0
0
1
1
0
0
0
0
0
0
0
0
0
0
0
1
0
1
0
1
0
0
0
0
0
0
0
0
0
0
0
1
0
1
1
0
1
0
0
0
1
1
1
0
0
0
0
0
0
0
1
0
1
0
1
0
0
2
1
0
0
0
0
0
0
0
0
0
0
0
0
1
0
0
1
1
1
0
0
0
0
0
0
0
0
0
0
0
0
0
0
0
1
0
0
0
0
0
1
0
0
0
0
0
0
0
0
0
1
0
0
0
0
0
0
0
0
0
0
0
0
0
0
0
0
0
0
1
0
0
1
0
0
0
0
0
0
0
0
0
1
0
0
0
0
1
0
0
0
0
0
0
1
0
1
0
0
0
0
1
0
0
0
0
1
0
0
1
0
0
0
0
0
0
0
1
0
0
0
0
0
0
0
0
3
0
0
0
0
0
0
0
0
1
0
2
0
0
0
0
0
0
1
0
1
0
0
0
0
0
0
0
0
0
0
0
0
1
0
0
0
0
0
0
0
0
1
0
0
0
0
0
0
0
0
0
0
1
0
0
0
0
0
0
1
0
0
1
1
1
0
0
0
0
0
1
0
1
0
1
0
1
1
0
1
0
0
0
0
0
0
0
0
0
0
1
0
0
0
0
0
0
0
0
0
1
0
0
1
1
0
0
0
0
1
1
0
1
0
0
0
0
0
0
0
0
1
0
0
1
0
1
0
0
1
0
0
0
0
0
1
0
0
3
0
0
0
0
0
0
0
0
0
1
1
0
0
1
0
1
0
1
0
1
0
1
0
0
1
0
0
0
0
0
0
0
0
1
0
0
0
0
0
0
1
0
0
0
0
0
0
0
0
0
0
0
0
0
0
0
1
0
0
0
1
1
1
0
1
1
1
1
0
0
0
0
0
0
0
0
0
0
0
1
0
1
0
0
0
0
1
0
1
0
0
0
0
0
2
0
0
0
0
1
0
0
0
0
0
1
0
0
0
0
0
0
1
0
0
0
1
0
0
0
0
0
0
0
0
1
0
0
0
0
0
0
0
0
1
0
0
0
2
1
0
1
1
0
0
0
0
0
0
0
0
0
0
0
1
0
0
0
0
0
1
0
1
0
0
0
0
0
0
0
0
0
0
1
0
0
0
0
0
0
0
0
0
0
0
0
0
0
0
0
0
0
0
0
0
0
1
0
0
0
1
0
0
0
0
0
0
0
0
0
0
0
0
0
0
0
0
0
0
0
0
0
0
0
0
0
0
0
0
1
0
1
0
0
1
0
0
0
1
0
0
0
0
0
0
0
0
0
0
0
0
0
0
0
0
0
0
0
0
0
0
0
0
0
0
0
0
0
0
0
0
0
0
0
1
1
0
0
0
0
0
0
0
1
1
1
0
0
0
1
0
0
0
0
0
0
1
0
0
0
0
0
0
0
0
0
0
1
0
0
0
0
0
0
0
0
0
0
0
0
0
0
0
1
0
1
0
0
1
0
0
1
0
0
0
0
0
0
0
0
1
1
0
0
0
0
0
1
0
0
0
0
0
0
0
0
0
0
0
0
0
0
0
0
1
0
0
1
0
0
0
1
0
0
0
1
0
0
0
0
0
0
0
0
1
1
0
0
0
0
0
0
0
0
0
0
0
0
1
0
0
0
0
0
1
0
0
0
0
0
0
1
0
0
0
0
1
1
0
0
0
0
0
0
0
0
0
0
0
0
0
0
0
0
0
0
0
0
0
0
0
1
0
0
0
0
0
0
0
0
0
0
0
0
0
0
0
0
0
0
0
0
0
1
0
0
0
0
0
1
0
0
0
0
0
0
0
1
2
0
0
0
0
0
0
0
0
0
0
0
1
0
0
0
0
0
0
0
2
0
0
0
0
1
1
0
0
0
0
0
0
0
0
0
0
1
0
0
0
0
0
1
1
0
0
0
0
0
0
0
1
0
0
0
0
1
0
0
0
0
0
0
0
0
0
0
0
1
0
0
0
0
0
0
0
0
0
0
0
0
0
0
0
0
0
0
1
0
0
0
0
0
0
0
0
0
0
0
1
0
0
0
0
0
0
0
0
0
0
0
0
0
0
0
0
0
0
0
0
0
0
0
0
0
0
0
0
0
0
0
0
0
0
0
0
0
0
0
0
0
0
0
0
0
0
0
0
0
0
0
0
0
0
0
1
0
0
0
0
0
0
0
0
0
0
0
0
0
0
0
0
0
0
0
0
0
0
0
0
0
0
0
1
0
0
0
0
0
1
0
0
0
0
0
0
0
0
0
0
0
0
0
0
0
0
0
0
0
0
0
0
0
0
0
0
0
0
0
0
0
0
0
0
0
0
0
0
0
0
0
0
0
0
0
0
0
0
0
0
0
0
0
0
0
0
0
0
0
0
0
0
0
0
0
0
0
0
0
0
0
0
0
0
0
0
0
0
0
0
0
0
0
0
0
0
0
0
0
0
0
0
0
0
0
0
0
0
0
0
0
0
0
0
0
0
0
0
0
0
0
1
0
0
0
0
0
0
0
0
1
0
0
0
0
0
0
0
0
0
0
0
0
0
0
0
0
0
0
0
0
0
0
0
0
0
1
0
0
0
0
0
0
0
0
0
0
0
0
0
0
0
0
0
0
0
0
0
0
0
0
0
0
0
0
0
0
0
0
0
0
0
0
0
0
0
0
0
0
0
0
0
0
0
0
0
0
0
0
0
0
0
0
0
0
0
0
0
0
0
0
0
0
0
0
0
0
0
0
0
0
0
1
0
0
0
0
0
0
0
0
0
0
0
0
1
0
0
0
0
0
0
0
0
0
0
0
0
0
0
0
0
0
0
0
0
0
0
0
0
0
0
0
0
0
0
0
0
0
0
0
0
0
0
0
0
0
0
0
0
0
0
0
0
0
0
0
1
0
0
0
0
0
1
0
0
0
0
1
0
0
0
0
0
2
0
0
0
0
0
0
0
0
0
0
0
0
0
1
1
2
1
0
3
0
0
0
0
0
1
0
1
0
1
0
0
0
0
0
0
0
1
0
0
1
0
0
0
0
0
0
0
0
0
0
0
0
0
0
0
0
0
0
0
0
0
0
0
0
0
0
0
0
0
0
0
1
0
0
0
0
0
0
0
0
0
0
0
0
0
0
0
0
0
0
1
0
0
0
0
0
0
0
0
0
0
1
0
0
0
0
0
0
0
0
0
0
0
0
0
0
0
0
0
0
0
0
0
0
0
0
0
0
0
0
0
0
0
0
0
0
0
0
0
0
0
0
0
0
0
0
0
0
0
0
0
0
0
0
0
0
0
0
0
0
0
0
0
0
0
0
0
0
0
0
0
0
0
0
1
0
0
0
0
0
0
0
0
0
0
0
0
0
0
0
0
0
0
0
0
0
0
0
0
0
0
0
0
0
0
0
0
0
0
0
0
0
0
0
0
0
0
0
0
0
0
0
1
0
0
0
0
0
0
0
0
0
0
0
0
0
0
0
0
0
0
0
0
1
0
0
0
0
0
0
0
0
0
0
0
0
0
0
0
0
0
0
0
0
0
0
0
0
0
0
0
0
0
0
0
1
0
0
0
0
0
0
0
0
0
0
0
0
0
0
0
0
0
0
0
0
0
0
0
0
0
0
0
0
0
0
0
0
0
0
0
0
0
0
0
0
0
0
0
0
0
0
0
0
0
0
0
0
0
0
0
1
0
0
0
0
0
0
0
0
0
0
0
0
0
0
0
0
0
0
0
0
0
0
0
0
0
0
0
0
0
0
0
0
0
1
0
0
0
0
0
0
0
0
0
0
0
0
0
0
0
0
0
0
0
0
0
0
0
0
1
0
0
0
0
0
0
0
0
0
0
0
0
0
0
0
0
0
0
0
0
0
0
0
0
0
0
0
0
0
0
0
0
0
0
0
0
0
0
0
0
0
0
1
0
0
0
0
0
0
0
0
0
0
0
0
0
0
0
0
0
0
0
0
0
0
0
0
0
0
0
0
0
0
0
0
0
0
0
0
0
0
0
0
0
0
0
0
0
0
0
0
0
0
0
0
0
0
0
0
0
0
0
0
0
0
0
0
0
0
0
0
0
0
0
0
0
0
0
0
0
0
0
0
0
0
0
0
0
0
0
0
0
0
0
0
1
0
0
0
0
0
0
0
0
0
0
0
0
0
0
0
0
0
0
0
0
0
0
0
0
0
0
0
0
0
0
0
0
0
0
0
0
0
0
0
0
0
0
0
0
0
0
0
0
0
0
0
0
0
0
0
0
0
0
0
0
0
0
0
0
0
0
0
0
0
0
0
0
0
0
0
0
0
0
0
0
0
0
0
0
0
0
0
0
0
0
0
0
0
0
0
0
0
0
0
0
0
0
0
0
0
0
0
0
0
0
0
0
0
0
0
0
0
0
0
0
0
0
0
0
0
0
0
0
0
0
0
0
0
0
0
0
0
0
0
0
0
0
0
0
0
0
0
0
0
0
0
0
0
0
0
0
0
0
0
0
0
0
0
0
0
0
0
0
0
0
0
0
0
0
0
0
0
0
0
0
0
0
0
0
0
0
0
0
0
0
0
0
0
0
0
0
0
0
0
0
0
0
0
0
0
0
0
0
0
0
0
0
0
0
0
0
0
0
0
0
0
0
0
0
0
0
0
0
0
0
0
0
0
0
0
0
0
0
0
0
0
0
0
0
0
0
0
0
0
0
0
0
0
0
0
0
0
0
0
0
0
0
0
0
0
0
0
0
0
0
0
0
0
0
0
0
0
0
0
0
0
1
0
0
0
0
0
0
0
0
0
0
0
0
0
0
0
0
0
0
0
0
0
0
0
0
0
0
0
0
0
0
0
0
0
0
0
0
0
0
0
0
0
0
0
0
0
0
0
0
0
0
0
0
0
0
0
0
0
0
0
0
0
0
0
0
0
0
0
0
0
0
0
0
0
0
0
0
0
0
0
0
0
0
0
0
0
0
0
0
0
0
0
0
0
0
0
0
0
0
0
0
0
0
0
0
0
0
0
0
0
0
0
0
0
0
0
0
0
0
0
0
0
0
0
0
0
0
0
0
0
0
0
0
0
0
0
0
0
0
0
0
0
0
0
0
0
0
0
0
0
0
0
0
0
0
0
0
0
0
0
0
0
0
0
0
0
0
0
0
0
0
0
0
0
0
0
0
0
0
0
0
0
0
0
0
0
0
0
0
0
0
0
0
0
0
0
0
0
0
0
0
0
0
0
0
0
0
0
0
0
0
0
0
0
0
0
0
0
0
0
0
0
0
0
0
0
0
0
0
0
0
0
0
0
0
0
0
0
0
0
0
0
0
0
0
0
0
0
0
0
0
0
0
0
0
0
0
0
0
0
0
0
0
0
0
0
0
0
0
0
0
0
0
0
0
0
0
0
0
0
0
0
0
0
0
0
0
0
0
0
0
0
0
0
0
0
0
0
0
0
0
0
0
0
0
0
0
0
0
0
0
0
0
1
0
0
0
0
0
0
0
0
0
0
0
0
0
0
0
0
0
0
0
0
0
0
0
0
0
0
0
0
0
0
0
0
0
0
0
0
0
0
0
0
0
0
0
0
0
0
0
0
0
0
0
0
0
0
0
0
0
0
0
0
0
0
0
0
0
0
0
0
0
0
0
0
0
0
0
0
0
0
0
0
0
0
0
0
0
0
0
0
0
0
0
0
0
0
0
0
0
0
0
0
0
0
0
0
0
0
0
0
0
0
0
0
0
0
0
0
0
0
0
0
0
0
0
0
0
0
0
0
0
0
0
0
0
0
0
0
0
0
0
0
0
0
0
0
0
0
0
0
0
0
0
0
0
0
0
0
0
0
0
0
0
0
0
0
0
0
0
0
0
0
0
0
0
0
0
0
0
0
0
0
0
0
0
0
0
0
0
0
0
0
0
0
0
0
0
0
0
0
0
0
0
0
0
0
0
0
0
0
0
0
0
0
0
0
0
0
0
0
0
0
0
0
0
0
0
0
0
0
0
0
0
0
0
0
0
0
0
0
0
0
0
0
0
0
0
0
0
0
0
0
0
0
0
0
0
0
0
0
0
0
0
0
0
0
0
0
0
0
0
0
0
0
1
0
1
1
0
0
1
1
0
1
0
0
2
1
1
0
0
1
0
0
0
0
0
1
1
0
0
2
1
1
1
0
0
0
2
1
0
1
0
1
0
0
1
0
1
0
1
0
1
1
0
0
0
0
0
1
0
2
1
0
1
1
2
1
1
0
2
1
0
0
1
0
1
0
0
0
0
0
0
0
0
0
0
0
0
1
1
1
0
0
0
1
0
1
0
0
0
1
3
1
1
1
0
1
0
1
0
0
0
1
1
1
0
1
0
1
2
0
0
0
2
0
2
1
0
0
1
