0
0
0
0
0
0
0
0
0
1
0
0
0
1
1
1
0
0
0
3
1
2
6
5
3
4
9
7
14
13
11
11
13
5
19
11
11
12
11
16
13
15
10
16
6
10
10
8
14
8
8
3
10
9
6
11
5
5
8
8
6
11
15
25
22
43
41
53
85
89
107
138
139
199
208
265
378
431
448
489
456
472
485
486
531
516
503
537
547
609
607
623
664
714
800
757
767
688
688
660
671
614
621
567
580
562
503
560
506
528
534
507
507
537
524
515
533
501
514
483
530
489
520
488
489
548
503
558
560
523
520
503
554
500
525
515
525
517
538
513
489
562
520
533
514
489
496
528
518
517
489
539
530
532
519
510
515
519
536
499
561
506
505
519
518
502
477
474
535
461
483
518
488
518
485
501
492
492
449
517
499
536
528
506
467
498
479
560
524
538
483
483
506
528
510
494
468
497
483
482
475
529
502
484
501
517
521
524
483
515
504
502
523
509
505
492
494
534
528
512
493
518
501
516
519
482
542
486
482
488
475
475
503
478
484
516
493
502
509
508
484
484
509
521
475
532
531
464
480
513
490
491
510
502
523
487
509
475
523
486
448
480
504
525
499
516
465
477
506
469
518
485
505
493
481
488
491
501
515
491
464
535
524
511
506
507
487
479
484
530
524
466
455
485
519
499
482
485
453
508
501
536
528
467
557
520
478
478
510
509
513
497
551
478
500
468
516
502
509
488
438
486
479
524
470
486
521
498
453
518
518
473
506
499
512
509
504
472
486
515
485
485
473
464
539
494
492
502
520
488
515
501
475
491
481
503
470
511
490
474
487
503
524
545
527
519
472
535
517
512
507
520
540
595
580
541
585
556
513
581
543
562
580
543
576
549
562
592
556
585
575
560
595
586
547
574
548
593
593
577
575
550
558
571
560
566
553
598
611
597
605
580
573
549
590
590
581
582
576
580
585
614
593
592
601
558
541
617
583
547
585
555
582
590
623
601
596
544
598
560
526
613
595
584
567
571
572
544
588
585
565
574
560
558
545
617
585
564
535
593
584
589
512
541
571
540
548
570
559
542
570
585
514
520
583
533
526
559
529
560
554
593
544
607
578
558
533
551
598
566
578
543
563
568
559
553
525
558
580
606
568
559
542
546
580
532
544
507
564
565
565
569
612
542
570
524
530
540
569
552
591
535
557
510
557
607
576
574
537
543
540
554
566
538
529
552
567
589
562
571
581
551
548
544
488
524
545
521
547
577
564
605
566
571
546
530
529
579
578
497
543
549
497
530
548
514
571
488
578
562
541
539
558
561
557
560
553
551
513
511
515
547
527
584
542
581
552
525
555
541
536
579
570
524
524
557
548
530
563
540
545
590
556
535
544
532
548
512
500
558
541
567
529
595
564
557
543
561
560
552
591
569
518
550
532
571
596
548
553
570
580
593
573
518
564
555
577
547
503
594
553
609
531
571
568
589
580
513
519
584
586
558
547
598
557
564
551
622
536
583
570
556
570
561
559
610
535
584
553
517
591
565
549
556
554
569
595
600
534
552
565
595
611
606
578
543
553
570
598
629
571
573
530
608
580
574
606
587
581
574
559
563
601
614
608
610
577
552
592
619
599
625
575
633
580
633
613
605
640
637
599
616
558
648
631
631
577
634
643
651
592
613
622
634
620
614
589
603
651
643
604
680
669
638
638
589
671
650
650
616
661
637
642
671
670
644
647
630
694
687
674
657
690
665
692
669
690
671
705
698
653
656
690
716
682
670
729
716
668
672
670
722
703
727
746
717
722
693
702
660
711
695
728
690
753
721
745
731
732
703
698
717
699
684
691
689
749
692
669
672
650
631
600
673
672
645
621
606
575
541
514
510
556
511
523
530
526
467
508
512
416
449
463
437
414
420
413
416
453
422
454
415
413
449
438
396
418
418
384
390
425
403
413
400
361
385
398
372
342
367
335
362
372
371
372
383
367
390
350
305
339
393
368
348
331
350
352
300
364
348
321
325
305
363
353
315
363
324
326
309
332
338
333
319
328
333
303
270
304
298
260
282
305
301
282
284
253
314
292
305
271
298
290
289
288
300
258
262
315
305
278
284
268
260
257
263
276
283
246
269
265
249
248
267
249
272
263
218
251
250
248
234
253
266
236
261
259
255
255
249
227
249
236
246
222
253
237
242
253
235
232
240
258
239
236
224
239
223
206
209
220
204
224
201
194
214
207
175
222
219
206
192
194
210
192
196
194
167
211
198
186
199
211
176
220
181
155
200
196
202
198
161
193
172
193
181
173
181
189
169
194
165
178
177
171
167
169
173
179
172
188
188
164
180
182
187
170
180
166
174
197
169
150
148
165
167
174
182
168
192
162
159
189
183
178
167
151
178
182
175
170
178
179
159
182
164
173
152
159
177
157
178
176
147
180
181
163
167
165
165
181
162
172
159
185
191
166
149
201
155
158
166
171
140
152
176
169
178
157
169
165
171
161
147
157
158
169
195
149
162
156
169
153
147
178
184
177
173
150
170
145
156
175
152
174
164
161
170
152
171
184
184
171
160
170
158
153
141
174
158
148
153
166
147
161
170
155
170
148
141
154
165
180
159
153
158
134
173
174
148
171
164
181
157
160
148
154
158
166
162
123
156
133
142
158
166
148
160
136
151
153
129
136
158
151
140
175
162
136
160
156
164
171
144
152
146
153
164
161
146
140
157
167
123
163
157
138
151
136
137
163
149
177
164
176
163
138
153
145
162
158
173
159
147
150
144
170
145
150
166
150
161
174
157
163
147
163
170
155
129
163
167
169
203
192
227
233
241
279
367
446
557
700
974
1230
1704
2297
2979
3794
4818
5865
7022
8083
8912
9806
10451
10530
10709
10366
10047
9207
8449
7401
6495
5406
4180
3427
2588
1973
1437
1097
851
640
525
374
352
295
264
236
217
192
165
155
155
136
125
133
137
114
123
105
99
106
111
112
94
100
103
111
111
102
116
91
103
110
107
106
107
99
92
93
96
101
96
99
110
99
87
110
122
107
86
95
99
90
109
102
93
98
113
119
110
115
83
102
117
93
89
99
84
89
72
106
101
92
91
89
92
92
93
108
95
100
88
94
87
87
97
92
81
81
88
94
83
93
92
94
93
92
103
99
85
101
101
78
92
79
88
86
101
86
87
94
83
95
99
86
78
82
101
101
76
94
87
90
101
80
93
88
100
95
90
119
119
94
92
76
92
103
80
104
87
86
90
74
111
91
107
96
113
92
105
98
89
70
103
87
82
86
97
101
94
79
96
92
88
99
100
101
96
91
81
79
93
96
82
89
79
82
74
73
100
91
96
83
85
79
83
89
79
95
93
88
87
96
85
88
77
95
72
77
82
77
89
69
76
100
110
70
77
79
96
79
77
72
72
84
88
82
70
86
82
93
84
74
76
80
84
67
71
76
83
70
80
95
73
85
84
89
81
78
83
70
79
73
81
78
93
86
89
72
84
79
78
73
84
64
76
85
78
78
76
75
81
93
78
77
74
74
80
78
68
85
84
84
92
90
87
108
82
77
71
73
93
75
75
81
76
75
75
84
69
66
67
77
94
84
79
79
73
58
85
87
77
64
93
85
88
67
77
65
63
81
85
64
89
81
57
72
84
81
98
65
91
66
69
76
89
63
83
92
86
72
78
90
80
81
88
89
88
82
74
76
77
88
85
69
92
79
92
89
80
85
96
89
79
93
74
90
79
88
90
84
69
66
69
92
77
76
89
80
88
92
92
79
89
72
82
85
80
82
78
78
74
88
67
61
90
84
81
93
72
79
85
87
103
66
85
85
78
73
71
75
91
73
75
99
79
85
77
60
81
95
84
92
69
79
97
72
75
76
71
78
83
97
67
77
77
83
71
89
75
70
80
83
77
106
92
93
71
91
93
72
84
87
80
88
88
98
78
81
83
65
95
88
87
84
81
74
74
79
75
85
81
88
83
80
85
69
89
86
74
77
75
86
85
74
87
80
75
81
69
84
85
90
85
88
76
100
77
92
83
77
84
84
75
84
83
73
91
98
69
80
81
93
69
78
84
75
71
67
92
84
84
82
84
92
86
74
84
86
82
89
86
79
84
81
96
85
77
75
78
81
75
79
85
75
88
86
89
90
75
90
89
67
81
86
80
79
67
79
76
67
66
79
86
82
74
74
83
93
89
97
80
94
82
93
77
66
90
77
69
83
79
78
75
91
76
72
82
81
78
83
76
85
74
97
82
85
82
77
94
80
77
75
81
81
88
73
78
80
77
70
88
78
77
87
105
82
78
100
87
79
75
68
95
64
103
87
76
87
108
89
74
103
86
86
71
96
64
75
95
79
86
71
73
85
75
78
100
85
74
79
96
93
87
77
82
85
76
96
91
76
78
90
83
87
88
68
93
88
88
92
82
75
88
84
83
69
93
74
113
82
75
84
90
84
82
72
77
85
81
75
87
88
79
89
90
99
94
79
105
89
77
76
73
80
77
86
83
85
77
80
90
79
82
84
89
103
84
76
81
77
77
79
91
95
88
96
92
87
95
58
59
85
91
84
78
78
95
81
91
100
77
75
73
77
82
73
95
75
82
90
89
101
81
79
73
77
84
73
84
90
73
94
79
97
90
75
97
92
76
77
83
69
85
79
88
64
95
87
71
95
90
88
81
79
93
89
82
66
76
82
84
77
84
86
96
84
78
80
93
83
81
81
86
93
98
100
74
83
67
79
73
83
102
73
69
80
97
77
77
92
97
78
85
79
85
88
88
89
92
93
87
79
80
81
79
87
90
83
94
81
90
88
84
77
79
75
93
74
103
92
89
88
100
90
97
85
87
74
75
93
97
77
76
78
86
96
98
100
86
96
78
96
74
96
86
97
107
75
75
85
87
96
91
84
92
91
75
89
85
85
89
94
88
103
80
84
78
74
91
90
90
82
103
83
106
98
112
84
93
87
82
102
87
87
81
94
90
84
96
76
110
89
84
87
73
95
99
87
103
92
88
83
99
98
117
97
96
82
96
82
93
105
108
91
95
93
94
103
89
92
90
104
81
92
92
109
93
92
92
83
97
99
89
92
81
91
112
83
92
75
88
119
85
91
104
96
92
86
93
102
101
89
105
107
91
76
110
80
98
91
98
102
94
92
112
91
102
95
86
106
120
94
109
94
102
95
100
96
101
102
74
94
103
95
80
99
93
116
83
101
96
99
86
92
85
90
99
106
115
88
95
97
113
91
102
105
106
91
100
110
89
98
96
81
95
96
98
105
82
111
71
106
103
95
105
90
107
110
106
96
82
86
95
108
115
97
98
96
109
104
117
107
113
99
112
87
113
85
99
103
112
99
103
96
98
126
99
98
90
111
114
99
110
100
106
101
83
116
120
93
102
94
118
103
118
105
105
118
98
114
98
96
118
108
98
104
97
126
117
125
113
119
107
123
113
101
116
113
108
126
113
105
104
123
107
101
108
108
108
104
111
106
139
106
95
113
126
110
109
106
80
132
110
135
104
110
113
117
119
111
103
113
118
114
113
118
125
121
95
102
127
121
110
102
106
133
111
116
95
118
106
124
131
120
113
112
125
123
126
134
110
112
108
118
109
127
118
114
114
135
105
113
106
106
119
123
132
97
119
98
131
111
110
122
131
113
138
114
136
119
121
129
89
126
104
113
124
124
126
125
121
128
133
110
134
117
122
121
132
127
122
127
129
124
134
120
123
118
127
121
122
139
126
114
116
127
126
127
142
104
128
138
119
143
108
123
131
131
129
124
132
142
131
127
124
120
116
112
131
130
122
117
117
135
130
143
136
136
145
127
138
136
137
135
134
136
147
123
138
114
127
134
150
135
146
171
138
153
136
141
116
140
128
139
136
152
122
167
132
135
145
133
136
140
144
158
146
148
148
143
150
149
139
131
148
127
119
145
170
149
147
146
154
132
139
148
144
135
146
152
143
127
157
155
154
140
167
158
138
154
178
139
145
151
153
156
151
153
142
153
161
140
140
144
146
165
166
155
146
157
158
162
159
165
176
180
143
163
154
149
135
169
160
167
166
156
160
153
161
171
156
159
148
153
181
154
139
124
134
167
139
136
145
127
145
131
142
119
111
119
115
138
107
140
146
115
133
116
98
106
134
128
131
112
115
118
113
104
95
112
125
95
108
102
93
102
100
115
109
102
81
93
100
99
87
105
86
98
92
83
86
83
102
98
112
88
102
91
82
80
97
96
93
96
94
103
103
85
100
85
86
106
83
92
94
85
91
96
92
92
90
85
79
93
91
74
83
93
89
114
87
85
87
92
114
83
90
88
85
88
84
60
78
81
95
85
91
87
78
82
89
85
84
87
77
81
91
89
86
75
85
81
71
85
69
76
80
80
80
75
82
77
80
83
88
72
90
75
84
78
69
80
74
73
82
69
80
70
80
82
70
88
95
85
80
69
89
56
68
91
69
75
70
93
85
79
67
78
74
83
72
65
78
71
75
86
69
72
65
80
78
75
73
62
72
61
58
78
69
60
65
59
73
87
66
51
60
76
70
63
48
68
75
75
75
66
63
59
78
60
62
70
63
75
58
54
64
69
57
65
57
51
46
51
59
58
66
47
45
57
59
60
63
46
51
62
58
57
51
51
54
46
57
45
52
45
47
54
57
47
60
58
51
41
53
54
48
61
38
55
48
48
48
40
53
46
46
47
43
47
47
50
43
62
45
42
49
40
44
34
39
49
30
50
27
49
38
33
39
46
45
31
39
48
45
53
43
43
55
41
37
56
40
36
38
43
35
29
47
44
38
35
40
45
30
53
40
47
43
35
34
46
45
37
32
36
35
34
36
37
40
39
37
38
35
36
46
43
37
35
42
32
41
32
35
28
29
35
33
27
35
27
43
34
37
28
28
29
35
33
28
30
30
38
34
40
35
33
21
31
33
30
26
32
31
42
41
39
38
37
36
39
22
40
30
23
24
32
28
32
36
26
39
42
45
34
25
41
32
28
36
26
32
31
38
36
38
29
27
30
35
34
28
36
32
31
30
29
24
19
33
32
32
29
32
34
34
32
33
25
27
35
25
26
33
40
36
29
31
39
38
33
25
34
25
27
32
23
22
26
42
40
31
27
28
29
34
41
27
29
26
31
27
17
38
31
32
21
38
31
35
40
35
32
33
30
25
23
48
28
29
26
37
40
29
27
33
32
24
34
29
26
29
30
24
30
31
32
38
41
34
29
29
30
46
13
25
32
29
27
33
29
37
34
36
38
38
30
41
40
37
54
41
45
49
44
58
61
63
71
83
103
107
133
124
134
180
194
235
274
332
391
468
540
640
762
797
844
910
923
1080
1018
1072
1098
1116
1163
1167
1136
1141
1109
1122
1119
1212
1205
1172
1250
1140
1036
1043
976
900
785
615
538
415
348
273
210
162
128
102
86
91
67
75
52
52
56
51
35
35
49
33
47
34
36
35
38
29
27
28
29
25
43
39
28
39
31
34
38
40
31
24
37
30
28
28
31
33
19
21
27
25
36
28
27
26
32
22
22
32
26
24
30
48
29
19
27
29
21
36
35
33
37
15
30
29
18
34
27
27
28
26
22
18
35
23
19
23
34
22
35
27
24
29
29
28
31
27
24
28
25
21
26
24
30
27
22
22
24
21
36
22
29
27
34
24
16
24
32
31
23
25
18
22
31
23
26
21
24
29
31
33
26
25
23
24
16
45
18
28
19
15
35
25
23
33
27
31
19
27
23
21
22
24
22
34
17
21
33
38
26
27
25
21
29
21
30
24
23
28
25
22
15
22
21
27
24
17
26
24
23
18
27
22
29
22
24
24
28
20
28
25
26
25
26
32
14
25
23
18
29
23
23
25
16
21
33
19
29
17
20
28
23
17
23
22
32
30
30
34
17
17
18
24
23
35
21
23
17
17
16
25
22
26
19
34
20
26
25
18
24
20
26
28
13
26
27
18
19
15
19
31
21
15
27
17
23
21
28
28
20
27
21
19
20
14
20
28
23
19
19
23
28
22
17
31
16
18
22
27
21
23
15
13
19
17
21
25
17
30
27
19
30
17
21
19
22
28
17
28
22
21
18
26
19
17
19
19
22
11
22
19
17
17
17
17
16
21
16
12
34
9
22
20
23
24
20
21
18
25
24
21
20
14
20
21
15
23
12
15
23
22
20
21
19
14
20
18
18
23
11
24
23
25
22
17
9
18
24
15
19
10
23
18
21
19
16
20
18
13
20
28
20
19
24
19
14
23
24
19
16
22
19
15
19
14
14
16
22
19
20
14
18
18
21
16
31
13
19
18
17
17
21
13
15
27
13
17
19
21
16
11
22
23
25
26
13
19
21
20
18
17
27
28
29
16
16
17
19
25
27
22
14
23
18
20
20
14
18
11
25
13
22
13
19
13
23
22
17
20
22
18
21
22
25
27
21
24
26
24
33
23
23
20
25
20
16
27
17
20
24
23
17
27
15
22
19
24
19
21
28
20
29
17
21
21
20
24
16
10
22
22
19
14
14
22
17
27
22
15
14
5
20
17
11
23
16
22
20
16
15
14
24
13
15
23
23
24
13
14
21
19
16
14
12
17
22
18
16
19
17
15
16
16
14
15
14
18
20
23
18
21
20
21
29
16
15
23
23
16
22
21
26
21
11
22
20
19
17
20
24
23
17
24
25
22
21
18
12
20
16
23
21
16
18
17
27
19
14
15
17
20
12
18
17
31
14
16
18
23
17
10
17
14
18
15
21
16
18
21
17
14
18
20
16
18
20
15
24
18
13
22
18
17
24
19
20
19
25
24
16
12
17
9
14
19
18
19
15
23
11
17
22
19
13
20
10
22
19
18
15
9
9
18
11
21
17
10
21
20
20
17
18
19
17
24
13
21
19
11
16
14
15
13
17
24
14
14
23
23
15
17
18
29
10
14
23
23
18
19
16
17
26
17
26
20
23
23
17
21
17
17
22
17
23
19
19
24
17
22
30
17
21
19
17
21
11
14
18
19
13
23
20
15
21
22
21
22
20
17
16
22
22
18
27
15
15
18
16
27
15
23
20
21
16
23
11
13
15
15
23
21
26
17
18
12
15
19
15
19
23
21
17
13
18
19
21
12
8
16
19
15
17
13
26
18
18
11
12
18
16
12
15
11
17
21
13
13
14
23
18
11
16
22
19
17
25
26
27
15
18
23
16
15
14
20
13
11
12
20
11
14
6
13
17
14
21
14
18
11
13
14
18
22
19
12
17
12
15
11
11
11
16
12
14
21
13
13
8
20
13
17
15
11
12
10
14
13
14
12
18
11
19
16
9
9
9
10
12
15
9
11
11
18
20
15
12
15
12
15
12
13
8
14
13
9
9
10
19
12
13
7
14
9
5
13
7
17
9
10
10
9
13
18
6
13
11
8
16
9
5
12
12
9
5
10
5
10
10
7
5
9
8
11
20
12
8
10
9
12
3
6
7
14
10
12
4
10
4
4
12
8
8
7
9
3
9
9
10
7
7
7
8
12
9
9
10
9
12
9
5
5
9
5
6
6
5
6
8
7
7
6
4
12
8
5
8
7
6
9
7
4
4
5
3
7
5
8
7
6
2
5
6
4
6
2
8
13
4
7
9
8
2
4
4
7
5
6
7
7
3
4
8
2
4
5
3
1
10
7
6
5
4
5
1
4
3
3
6
0
3
4
6
5
4
4
7
9
4
4
8
3
4
3
3
6
4
4
2
8
6
2
3
2
3
12
9
3
5
3
6
7
4
5
5
4
8
8
1
6
4
2
2
8
5
2
4
2
3
6
3
3
5
4
1
1
5
3
3
3
3
4
8
4
3
3
4
9
4
1
7
7
2
4
1
2
3
2
4
2
5
3
4
4
3
2
2
2
3
4
7
5
4
1
3
2
1
1
2
6
2
4
8
1
2
2
1
3
3
4
4
4
6
6
3
5
3
5
1
4
1
1
2
2
1
4
7
0
5
2
3
1
3
1
3
3
4
3
4
2
1
2
4
5
5
4
2
5
4
6
5
3
3
2
3
2
3
0
4
3
1
4
4
4
3
3
4
2
3
1
6
4
2
3
1
4
4
4
8
1
5
0
3
2
3
0
4
4
2
2
7
4
3
2
3
3
4
0
2
2
3
2
3
1
1
0
4
2
0
0
4
2
1
1
3
3
1
3
1
2
2
5
6
4
6
1
3
3
0
7
4
0
2
5
2
4
2
6
1
4
5
5
3
3
7
3
4
2
6
11
14
9
2
8
7
10
5
12
10
12
8
9
15
16
13
19
18
16
24
22
23
31
34
32
34
37
32
32
55
48
39
48
51
47
60
52
58
66
54
60
71
71
75
66
65
67
62
56
75
49
64
56
49
58
51
44
46
36
42
28
31
29
19
19
21
18
6
11
6
6
9
3
5
4
4
1
2
1
0
0
0
0
1
1
2
3
1
0
1
0
1
1
1
2
0
0
1
3
0
0
0
0
0
3
0
1
1
0
0
1
0
3
2
4
0
0
0
0
0
3
2
1
2
2
0
1
0
1
1
0
0
2
1
3
0
0
1
0
0
0
1
2
1
0
1
0
0
1
0
1
0
2
0
2
1
0
0
0
2
1
0
0
1
0
1
1
0
2
0
0
0
1
1
0
0
0
0
0
0
0
0
2
1
0
1
0
0
1
0
0
0
1
0
1
2
0
0
2
1
0
0
1
0
0
0
1
0
1
0
0
1
0
1
2
0
1
0
1
0
0
0
0
0
1
0
1
0
0
0
1
2
1
2
2
1
1
0
2
0
1
1
0
0
1
1
1
1
2
0
0
1
0
1
0
1
0
2
2
0
0
1
1
0
0
0
0
0
1
0
0
0
0
0
1
0
0
4
1
1
1
2
1
2
0
1
0
0
0
0
1
1
0
1
0
0
0
1
0
2
0
2
1
0
2
0
0
1
0
0
0
0
2
0
0
0
1
1
1
0
0
0
0
1
1
0
0
0
0
1
0
2
0
0
1
0
1
2
1
1
2
0
1
1
0
0
0
0
0
0
3
0
0
0
0
0
2
0
0
1
0
0
0
0
0
0
0
1
1
0
2
1
1
0
1
2
0
0
1
0
0
0
0
1
0
0
0
0
0
0
0
1
0
0
0
0
1
0
1
0
0
0
0
0
0
0
0
0
0
0
0
0
0
1
0
0
0
0
2
0
0
0
0
0
2
0
0
0
0
0
0
0
1
0
0
0
0
0
0
0
0
0
1
0
1
0
0
0
0
0
1
0
1
0
0
0
0
2
0
0
0
1
1
0
0
1
0
0
1
0
0
1
0
2
0
1
1
1
0
1
0
2
0
2
0
1
0
1
0
0
1
0
0
0
0
0
1
0
0
0
1
0
0
0
0
1
0
2
1
1
0
0
0
1
0
2
0
0
1
0
0
2
0
1
0
1
2
0
0
0
0
1
0
1
0
2
0
0
1
0
1
1
0
0
0
0
1
0
0
0
1
1
1
2
2
1
0
0
1
0
0
0
0
2
0
0
0
0
0
0
1
0
0
1
1
1
0
0
0
0
0
1
2
0
2
1
0
0
0
0
0
0
1
1
0
1
0
1
1
1
1
0
0
0
1
0
0
0
0
0
1
0
1
0
0
1
0
1
0
0
0
1
0
0
1
0
1
0
0
0
0
0
1
0
1
1
0
1
0
1
0
0
0
0
0
0
0
0
0
0
0
0
0
0
1
0
0
1
0
1
0
0
1
0
1
0
0
1
0
0
0
0
0
0
0
0
0
1
2
1
0
0
0
1
0
0
0
0
0
2
0
0
0
1
1
0
0
0
0
0
1
2
1
0
0
0
0
0
0
0
0
0
0
0
0
0
0
0
0
0
0
1
0
0
0
0
0
0
1
0
1
0
0
0
0
0
0
1
0
1
0
0
0
2
0
1
1
1
0
1
0
0
0
1
1
0
1
2
0
1
0
1
0
1
0
0
2
0
0
1
0
1
2
0
0
0
0
0
0
0
0
0
0
0
0
0
0
0
0
1
0
0
0
0
0
1
0
0
0
1
0
0
1
1
0
0
0
1
0
0
0
0
1
0
0
0
0
0
0
0
0
0
0
0
0
0
1
0
0
1
0
0
1
0
0
0
0
0
0
1
1
0
0
1
0
0
0
0
0
0
1
0
0
0
1
1
0
0
0
0
0
0
1
0
0
0
1
1
1
0
1
0
0
0
1
0
0
0
2
0
0
0
1
1
0
0
0
0
0
0
0
0
1
0
0
0
0
0
0
0
0
0
1
0
0
0
0
1
1
0
0
0
1
0
0
0
0
1
0
0
0
1
0
0
0
0
0
0
0
0
1
0
0
0
0
1
0
0
0
0
0
0
0
0
0
0
0
0
0
0
0
1
0
0
0
0
0
0
1
0
0
0
0
0
1
0
0
0
0
0
0
0
0
1
0
0
1
0
0
0
0
0
2
0
2
1
0
0
0
1
0
0
0
0
0
1
1
0
0
0
0
0
0
0
0
0
0
0
0
0
0
0
0
0
0
0
0
1
0
0
0
1
0
0
0
0
0
0
0
0
0
0
0
0
0
0
0
0
0
1
0
1
0
0
0
0
0
0
0
0
0
0
0
1
0
0
0
0
0
0
0
0
0
0
0
1
1
0
0
0
0
0
0
0
0
1
0
0
0
0
0
0
0
0
0
0
0
0
0
0
0
0
1
0
0
0
0
0
0
1
0
0
0
0
0
0
0
0
0
0
0
0
1
0
0
0
0
0
0
1
0
0
0
0
0
0
2
0
1
0
0
0
0
0
0
0
0
0
1
0
0
0
1
0
0
0
0
1
0
0
0
0
0
0
0
0
0
0
0
0
0
0
0
0
0
0
0
0
1
0
0
0
0
0
0
0
0
2
0
0
0
0
0
0
1
0
0
0
0
0
0
1
0
0
1
0
0
1
1
0
0
0
0
0
0
0
0
0
0
0
0
0
0
0
0
1
1
0
0
0
0
0
0
0
0
0
0
0
0
0
1
0
1
0
0
0
1
0
0
0
1
0
0
0
0
0
0
0
0
1
0
1
0
0
0
0
0
0
0
1
0
0
1
0
0
0
0
0
0
0
0
0
0
0
1
0
0
0
0
0
0
0
1
0
0
0
0
0
1
0
0
0
0
0
0
0
0
0
0
0
0
0
0
0
0
0
0
0
0
0
0
0
0
0
0
0
0
0
0
0
0
0
0
0
1
0
0
0
0
0
0
1
0
0
0
0
0
1
0
0
0
0
0
0
0
0
0
0
0
0
0
0
0
0
1
1
0
0
0
1
0
0
0
0
0
1
0
0
0
0
0
0
0
0
0
1
1
0
0
0
0
1
0
0
0
0
0
1
0
0
1
1
1
0
0
0
0
0
0
0
0
0
0
0
0
0
0
0
0
0
0
0
1
0
0
0
0
0
1
1
1
0
0
0
0
0
0
0
0
0
0
0
0
0
0
0
0
1
1
1
0
0
0
0
0
0
1
1
0
2
0
0
0
0
0
1
0
0
0
0
0
0
0
0
1
0
0
0
0
0
0
0
0
2
0
0
0
0
0
0
2
0
0
0
0
0
1
0
0
0
0
0
0
0
0
0
1
0
0
0
0
0
0
0
0
0
0
0
0
0
0
0
1
0
1
1
0
0
0
0
1
0
1
1
0
0
0
0
1
0
0
0
1
0
1
0
0
0
0
0
0
0
0
0
0
0
0
0
0
0
0
0
1
0
0
0
0
0
0
0
2
0
0
0
0
0
0
0
2
0
0
0
0
0
0
0
0
0
0
0
0
0
0
0
0
0
0
0
0
0
0
0
0
0
0
0
0
0
0
1
0
0
0
0
0
0
0
0
0
0
0
0
0
1
0
0
0
0
0
0
0
0
0
0
0
0
0
0
0
0
0
0
0
0
0
1
0
1
0
0
0
0
0
0
0
0
1
0
0
0
0
0
0
0
0
0
1
0
0
0
0
1
0
1
0
0
1
0
0
0
1
0
0
0
0
0
0
0
0
0
0
1
0
0
0
0
0
1
0
0
1
0
0
1
0
0
1
0
0
0
1
0
0
0
0
0
0
0
0
1
0
0
0
0
0
0
0
0
0
0
0
0
0
0
0
0
0
0
0
0
2
0
0
0
0
0
0
0
0
0
0
0
0
0
0
1
0
0
0
0
0
0
0
0
0
0
0
0
0
0
0
0
0
0
0
0
0
0
0
0
0
0
0
0
0
0
0
0
1
0
0
0
1
0
0
0
0
0
0
1
0
0
0
0
0
0
0
0
0
0
0
0
0
0
0
0
0
0
0
0
0
1
0
0
0
0
0
1
0
0
0
0
0
0
1
0
0
0
0
0
0
0
0
0
0
0
0
0
0
0
0
0
0
0
0
0
0
0
0
0
0
0
0
0
0
0
0
0
0
0
0
0
0
0
0
0
0
0
0
0
0
0
0
0
0
0
0
0
0
0
0
0
0
0
0
0
0
0
0
0
0
0
0
0
0
0
0
0
0
0
0
0
0
0
0
0
0
0
0
0
1
0
0
0
0
0
0
0
0
0
0
0
0
0
0
0
0
0
0
0
0
0
0
0
0
0
0
0
0
0
0
0
0
0
0
0
0
0
0
0
0
0
0
0
0
0
0
0
0
0
0
1
0
0
0
0
0
0
0
0
0
0
0
0
0
0
0
0
0
0
0
0
0
0
0
2
0
0
0
0
0
0
0
0
0
0
0
0
0
0
0
0
0
0
0
0
0
0
0
0
0
0
0
0
0
0
1
0
0
0
0
0
0
0
0
0
0
0
0
0
0
0
0
0
0
0
0
0
1
0
1
0
0
0
0
0
0
0
0
0
0
0
0
0
0
0
0
0
0
0
0
0
0
0
0
0
0
0
0
0
0
0
0
0
0
0
0
0
0
0
0
0
0
0
0
0
0
0
0
0
0
0
0
0
0
0
0
0
0
0
0
0
0
0
0
0
0
0
0
0
1
0
0
0
0
0
0
0
0
0
0
0
0
0
0
0
0
0
0
0
0
0
0
0
0
0
0
0
0
0
0
0
0
0
0
0
0
0
0
0
0
1
0
0
0
0
0
0
0
0
0
0
0
0
1
0
0
2
1
0
0
0
0
0
0
1
0
1
1
0
2
0
0
0
0
0
1
0
0
0
0
0
0
0
0
0
0
0
0
0
1
0
0
0
0
0
0
1
1
0
0
0
0
0
1
0
0
1
0
0
0
0
0
0
0
0
0
0
0
0
0
0
0
0
0
0
0
0
0
0
0
0
0
0
0
0
0
0
0
0
0
0
0
0
0
0
0
0
1
0
0
0
0
0
0
0
0
0
0
0
0
0
0
0
0
0
0
0
0
0
0
0
0
0
0
0
0
0
0
0
1
0
0
0
0
0
0
0
0
0
0
0
0
0
0
0
0
0
0
0
0
0
0
0
0
0
0
0
0
0
0
0
0
1
0
0
0
0
0
0
0
0
0
0
0
0
0
0
0
0
0
0
0
0
0
0
0
0
0
0
0
0
0
0
0
0
0
0
0
0
1
0
0
0
0
0
0
0
0
0
0
0
0
0
0
0
0
0
0
0
0
0
0
0
0
0
0
0
0
0
0
0
0
0
0
0
0
0
0
0
0
0
0
0
0
1
1
0
0
0
0
0
0
0
0
0
0
0
0
0
0
0
0
0
0
0
0
0
0
0
0
0
0
0
0
0
0
0
0
0
0
0
0
0
0
0
0
0
0
0
0
0
0
0
0
0
0
0
0
0
0
0
0
0
0
0
0
0
0
0
0
0
0
0
0
0
0
0
0
0
0
0
0
0
0
0
0
0
0
0
0
0
0
0
0
0
0
0
0
0
0
0
0
0
0
0
0
0
0
0
0
0
0
0
0
0
0
0
0
0
0
0
0
0
0
0
0
0
0
0
0
0
0
0
0
0
0
0
0
0
0
0
0
0
0
0
0
0
0
0
0
0
0
0
0
0
0
0
0
0
0
0
0
0
0
0
0
0
0
0
0
0
0
0
1
0
0
0
0
0
0
0
0
0
0
0
0
0
0
0
0
0
0
0
0
0
0
0
0
0
0
0
0
0
0
0
0
0
0
0
0
0
0
0
0
0
0
0
0
0
0
0
0
0
0
0
0
0
0
0
0
0
0
0
0
0
0
0
0
0
0
0
0
0
0
0
0
0
0
0
0
0
0
0
0
0
0
0
0
0
0
0
0
0
0
0
0
0
0
0
0
0
0
0
0
0
0
0
0
0
0
0
0
0
0
0
0
0
0
0
0
0
0
0
0
0
0
0
0
0
0
0
0
0
0
0
0
1
0
0
0
0
0
0
0
0
0
0
0
0
0
0
0
0
0
1
0
0
0
1
0
0
0
0
0
0
0
0
0
0
0
0
0
0
0
1
0
0
0
0
0
0
0
0
0
0
0
0
0
0
0
0
0
0
0
1
0
0
0
0
0
0
0
0
0
0
0
0
0
0
0
0
0
0
0
0
0
0
0
0
0
0
0
0
0
0
0
0
0
0
0
0
0
0
0
0
0
0
0
0
0
0
0
0
0
0
0
0
0
0
0
0
0
0
0
0
0
0
0
0
0
0
0
0
0
0
0
0
0
0
0
0
0
0
1
0
0
0
0
0
0
0
0
0
0
0
0
0
0
0
0
0
0
0
0
0
0
0
0
0
0
0
0
0
0
0
0
0
0
0
0
0
0
0
0
0
0
0
0
0
0
0
0
0
0
0
0
0
0
0
0
0
0
0
0
0
0
0
0
0
0
0
0
0
0
0
0
0
1
0
0
0
0
0
0
0
0
0
0
0
0
0
0
0
0
0
0
0
0
0
0
0
0
0
0
0
0
0
0
0
0
0
0
0
0
0
0
0
0
0
0
0
0
0
0
0
0
0
0
0
0
0
0
0
0
0
0
0
0
0
0
0
0
0
0
0
0
0
0
0
0
0
0
0
0
0
0
0
0
0
0
0
0
0
0
0
0
0
0
0
0
0
0
0
0
0
0
0
0
0
0
0
0
0
0
0
0
0
0
0
0
0
0
0
0
0
0
0
0
0
0
0
0
0
0
0
0
0
0
0
0
0
0
0
0
0
0
0
0
0
0
0
0
0
0
0
0
0
0
0
0
0
0
0
0
0
0
0
0
0
0
0
0
0
0
0
0
0
0
0
0
0
0
0
0
0
0
0
0
0
0
0
0
0
0
0
0
0
0
0
0
0
0
0
0
0
0
0
0
0
0
0
0
0
0
0
0
0
0
0
0
0
0
0
0
0
0
0
0
0
0
0
0
0
0
0
0
0
0
0
0
0
0
0
0
0
0
0
0
0
0
0
0
0
0
0
0
0
0
0
0
0
0
0
0
0
0
0
0
0
0
0
0
0
0
0
0
0
0
0
0
0
0
0
0
0
0
0
0
0
0
0
0
0
0
0
0
0
0
0
0
0
0
0
0
0
0
0
0
0
0
0
0
0
0
0
0
0
0
0
0
0
0
0
0
0
0
0
0
0
0
0
0
0
0
0
0
0
0
0
0
0
0
0
0
0
0
0
0
0
0
0
0
0
0
0
0
0
0
0
0
0
0
0
0
0
0
0
0
0
0
0
0
0
0
0
0
0
0
0
0
0
0
0
0
0
0
0
0
0
0
0
0
0
0
0
0
0
0
0
0
0
0
0
0
0
0
0
0
0
0
0
0
0
0
0
0
0
0
0
0
0
0
0
0
0
0
0
0
0
0
0
0
0
0
0
0
0
0
0
0
0
0
0
0
0
0
0
0
0
0
0
0
0
0
0
0
0
0
0
0
0
0
0
0
0
0
0
0
0
0
0
0
0
0
0
0
0
0
0
0
0
0
0
0
0
0
0
0
0
0
0
0
0
0
0
0
0
0
0
0
0
0
0
0
0
0
0
0
0
0
0
0
0
0
0
0
0
0
0
0
1
0
0
1
0
0
0
0
0
0
0
0
0
0
0
0
0
0
0
0
0
0
0
0
0
0
0
0
0
0
0
0
0
0
0
0
0
0
0
0
0
0
0
0
0
0
0
0
0
0
0
0
0
0
0
0
0
1
0
0
0
0
0
0
0
0
0
0
0
0
0
0
0
0
0
0
0
0
0
0
0
0
0
0
0
0
0
0
0
0
0
0
0
0
0
0
0
0
0
0
0
0
0
0
0
0
0
0
0
0
0
0
0
0
0
0
0
0
0
0
0
0
0
0
0
0
0
0
0
0
0
0
0
0
2
1
2
1
0
0
0
0
2
0
2
0
0
2
2
0
0
1
1
1
0
0
1
0
0
0
0
0
0
1
0
1
0
0
0
1
2
1
0
2
0
1
1
0
0
1
0
1
0
1
1
2
1
0
1
1
0
1
0
0
0
1
0
0
1
0
1
0
0
1
0
1
1
1
0
0
1
0
2
1
1
0
0
1
0
1
0
1
0
1
1
0
1
0
1
0
0
0
0
1
0
0
0
1
0
1
1
1
0
1
0
1
0
0
0
1
1
0
1
1
2
2
0
1
