0
0
0
0
0
0
0
0
0
0
0
0
0
0
0
0
0
0
0
3
3
1
5
3
5
4
9
9
4
11
10
11
10
17
11
10
16
7
12
10
11
12
13
10
11
10
10
16
16
7
13
10
7
9
5
10
10
6
12
5
7
5
11
23
26
38
50
46
74
87
95
100
134
153
167
258
345
386
449
410
466
491
459
497
466
519
534
565
554
537
585
660
659
670
771
723
745
668
700
637
660
610
624
582
577
568
516
527
478
504
476
485
522
502
512
475
502
482
504
505
487
490
521
493
509
536
534
514
526
496
503
487
531
496
546
519
518
536
512
480
468
509
562
567
539
524
535
548
534
531
506
498
513
479
511
515
508
498
503
547
485
464
549
526
470
487
470
504
459
485
503
460
469
543
472
529
517
518
480
499
486
531
488
483
436
520
477
485
481
523
488
485
520
554
467
489
474
497
430
494
481
484
482
490
509
464
504
515
495
538
496
476
511
510
499
452
528
478
518
472
533
516
488
482
507
466
490
510
479
493
490
472
491
481
462
505
475
463
505
461
491
493
519
533
473
519
522
507
507
475
487
471
513
494
504
510
492
469
519
530
499
502
502
500
504
480
491
532
525
526
488
482
480
534
532
509
465
514
450
511
487
503
491
509
511
495
507
509
495
477
492
461
544
461
466
469
514
492
519
470
540
468
495
469
467
489
508
454
501
485
505
550
507
492
485
512
530
487
490
464
503
512
488
466
467
491
476
455
515
474
478
503
488
501
467
450
475
491
541
489
493
518
484
478
516
460
482
501
482
485
477
520
451
508
466
472
482
495
492
530
475
486
505
497
472
527
497
479
481
463
494
518
557
533
523
543
545
554
512
517
563
576
530
516
543
582
528
542
566
583
598
590
616
588
535
573
559
539
594
532
546
537
581
569
532
542
548
567
585
552
563
576
582
548
597
576
586
529
573
565
584
603
560
564
571
590
594
572
547
582
585
556
585
550
585
550
561
558
601
572
609
558
599
595
596
551
531
573
577
553
590
532
552
550
602
514
579
558
550
587
531
589
563
539
560
555
567
501
534
570
574
530
563
566
536
550
560
536
556
579
575
533
551
580
603
575
554
619
518
590
581
595
590
506
560
569
594
548
550
589
565
571
567
567
561
558
559
534
525
542
547
536
579
569
550
540
513
547
585
570
585
544
527
539
538
593
516
534
523
537
528
566
576
531
568
594
549
539
532
560
553
542
543
534
537
567
549
544
578
526
573
491
561
540
547
561
553
542
568
560
479
562
573
569
529
537
567
522
544
568
539
569
558
523
552
529
556
561
521
522
555
581
565
484
577
574
558
585
551
539
531
563
530
516
522
557
531
538
525
532
561
537
582
536
538
531
543
503
522
479
548
551
544
560
550
573
548
551
581
541
509
530
552
527
508
554
512
573
579
532
537
576
546
535
561
524
550
560
541
601
540
545
606
586
565
564
534
568
576
538
541
571
572
584
520
552
545
541
598
514
533
635
580
563
581
560
568
553
574
551
585
572
555
570
549
551
560
515
580
593
567
529
578
588
540
567
599
549
538
620
575
568
565
589
570
605
554
587
580
580
603
593
593
598
585
591
603
604
601
614
630
580
594
601
569
602
567
584
597
614
579
661
586
600
622
601
632
626
601
629
640
631
614
664
661
617
605
602
709
614
676
612
630
605
649
652
640
658
635
638
649
628
613
621
634
665
655
623
669
578
690
692
675
672
707
670
661
714
670
707
707
649
689
725
631
690
677
650
714
706
641
710
716
674
721
704
682
714
673
685
694
747
661
767
667
713
682
718
763
707
664
712
739
703
709
713
737
681
695
715
690
637
630
638
647
601
619
605
562
556
556
541
562
524
500
528
525
481
488
456
455
465
443
438
479
435
458
434
383
420
428
449
458
404
405
378
391
400
419
385
400
396
380
386
374
376
378
388
353
350
353
362
366
370
351
387
355
351
356
328
351
355
348
317
365
338
348
343
335
375
328
349
352
348
319
312
358
320
340
314
307
310
335
340
326
304
310
310
311
315
319
290
312
311
307
303
267
294
319
315
298
297
284
301
280
279
281
249
286
285
255
284
255
317
231
296
274
275
234
248
274
252
228
278
246
258
272
256
267
240
266
287
266
264
227
211
235
228
244
233
233
228
200
212
233
247
218
210
237
246
246
246
234
210
218
206
211
207
216
209
213
201
193
189
228
226
222
206
210
214
192
208
205
204
212
205
206
207
213
197
195
177
194
203
183
198
194
200
191
176
194
189
197
180
196
187
203
183
188
173
189
172
178
181
170
182
213
168
155
177
172
169
179
145
192
172
186
175
177
159
169
180
170
178
176
151
167
180
191
188
175
145
178
177
176
159
153
177
170
182
172
184
167
154
174
153
184
174
177
176
179
157
178
179
165
165
167
161
165
174
164
156
164
160
175
147
193
168
154
171
151
168
177
140
162
152
168
173
173
147
166
165
166
159
173
180
182
157
158
155
146
156
126
164
161
168
163
176
151
164
156
134
169
168
137
155
157
201
146
169
151
172
177
165
166
164
162
153
136
170
164
185
176
175
140
155
185
137
137
154
165
146
133
157
152
165
173
171
164
171
138
147
143
139
161
141
168
161
133
145
157
162
147
163
138
145
153
152
161
152
155
170
126
143
157
137
160
161
172
165
141
140
153
134
152
138
156
155
154
156
155
162
150
147
153
152
148
132
142
126
155
162
129
137
157
150
146
164
155
158
155
146
137
156
127
130
126
151
151
172
169
179
162
151
162
163
143
163
174
147
145
189
157
187
177
185
207
218
255
268
334
376
454
563
762
1100
1487
2032
2772
3672
4639
5928
6917
8491
9324
10165
10877
11242
11280
11164
10407
9865
8934
7716
6436
5303
4373
3406
2609
1857
1466
1119
834
592
538
389
342
277
262
225
205
185
154
151
140
149
137
122
135
129
137
127
110
104
105
128
123
116
102
114
109
116
93
81
100
87
98
111
103
110
91
107
117
98
109
99
101
97
94
85
84
97
116
109
103
100
86
115
113
99
84
84
98
79
90
95
101
85
77
100
101
93
81
87
100
80
80
102
100
87
88
88
97
90
87
100
89
97
103
97
106
84
95
98
98
108
100
105
97
102
108
94
96
106
108
100
85
98
107
99
87
100
108
94
99
84
91
95
97
99
94
80
80
80
104
81
94
80
98
98
67
81
105
102
105
96
89
85
94
91
94
113
79
77
89
103
91
94
104
90
93
93
90
93
77
82
94
113
93
89
96
85
93
92
92
86
88
94
93
78
88
75
93
88
87
72
83
73
84
78
82
93
85
72
83
101
88
81
93
89
78
79
81
66
68
87
77
107
80
80
79
87
85
86
90
78
82
74
64
82
79
84
78
79
82
76
86
75
94
76
88
87
83
62
89
76
74
85
64
74
79
75
82
70
85
85
84
67
73
78
86
77
66
101
82
68
63
65
106
81
70
92
84
95
73
85
89
79
82
75
93
79
71
64
79
78
74
76
104
77
77
77
80
74
85
77
62
91
77
82
78
86
77
100
86
80
73
82
80
109
91
70
76
90
80
73
87
80
93
97
76
81
78
83
82
92
88
75
90
71
88
66
84
67
65
76
88
76
81
68
73
84
69
93
79
83
78
68
73
79
78
73
94
85
91
76
71
74
84
90
93
86
77
65
81
71
83
80
77
93
81
79
85
83
77
81
88
86
79
94
66
71
74
73
86
72
88
81
77
92
77
68
72
69
65
80
75
71
84
67
71
81
74
77
80
74
74
81
80
94
83
79
84
92
97
91
95
85
88
68
81
72
66
73
81
85
80
77
74
77
70
85
80
98
82
95
86
87
89
83
76
94
79
92
87
85
82
78
86
84
95
74
80
82
86
87
81
90
85
81
71
87
70
93
72
86
83
92
80
71
100
92
76
91
80
97
90
93
90
74
87
91
72
91
106
80
80
75
74
99
83
89
87
73
92
96
80
71
80
79
79
81
73
81
87
68
68
105
82
76
85
100
74
82
81
78
88
84
75
85
78
96
83
75
91
101
88
90
96
74
75
88
68
71
88
82
89
66
75
86
71
74
80
77
81
91
67
80
75
102
73
82
86
73
75
89
79
84
85
82
76
88
93
89
80
76
77
71
78
96
81
79
79
66
72
84
88
80
87
76
75
77
81
86
87
85
70
102
96
79
93
88
79
67
73
74
83
79
90
84
74
87
88
75
81
83
88
93
91
95
82
86
69
84
76
84
77
68
73
88
86
80
68
97
75
60
63
80
92
75
80
72
85
61
74
66
72
79
77
80
94
69
95
73
90
73
74
75
87
95
85
80
83
76
93
90
88
79
80
77
93
81
77
102
82
94
87
92
91
96
95
86
79
97
83
78
92
78
87
67
70
96
83
85
74
87
101
65
79
88
84
97
81
80
89
84
76
79
64
89
70
79
92
88
81
88
74
75
87
86
80
79
84
82
92
81
100
90
83
77
92
94
90
81
87
75
77
90
89
85
84
91
76
83
101
77
93
93
92
64
89
74
86
90
80
81
67
83
78
74
95
97
86
82
81
100
77
81
84
61
77
90
97
67
80
93
97
103
91
90
81
80
77
85
68
80
76
80
83
73
98
69
80
93
88
96
75
81
74
86
93
76
88
82
76
87
78
87
74
78
72
77
90
71
93
99
89
69
97
83
93
95
86
103
78
77
94
84
96
95
88
83
81
80
83
90
84
88
67
77
96
80
86
92
77
80
76
90
93
89
96
79
89
92
93
85
91
80
96
92
81
95
93
68
84
81
89
87
82
85
81
94
112
93
101
95
86
68
100
89
84
94
79
86
102
102
98
105
95
84
76
97
83
77
80
97
68
81
99
72
91
89
66
106
89
81
95
103
85
92
102
84
98
86
88
90
105
73
103
84
86
93
75
88
86
90
90
104
84
106
83
84
89
91
80
108
77
98
81
76
98
102
100
93
96
94
78
89
80
95
79
94
92
75
90
82
95
90
103
100
98
76
95
97
94
93
103
107
96
103
90
95
95
86
92
73
98
80
98
87
99
96
91
78
105
108
79
111
89
102
91
100
109
84
93
109
86
97
100
97
112
124
98
92
88
102
89
86
94
91
89
145
101
99
101
92
90
103
103
91
98
124
95
98
96
89
88
93
111
92
85
99
98
112
107
85
105
100
89
90
97
115
104
105
105
98
85
105
126
100
95
100
122
106
90
97
97
98
98
100
87
86
89
70
101
98
89
94
112
99
90
108
100
111
105
90
86
102
89
99
96
90
111
110
87
108
91
92
103
92
108
101
108
95
104
111
125
104
98
90
93
98
86
125
109
110
111
95
106
88
105
95
107
96
118
93
108
82
115
90
126
108
92
96
118
108
89
102
109
108
101
106
91
102
108
106
108
96
113
98
107
101
109
108
109
115
106
110
125
126
130
97
90
117
97
122
105
107
103
107
128
105
104
106
104
86
100
125
113
98
119
110
107
98
107
129
118
110
117
124
106
116
110
123
94
106
109
116
124
111
115
113
112
122
123
112
133
127
115
118
125
112
122
106
108
112
98
110
124
111
101
101
112
118
129
109
119
108
127
124
111
123
123
124
113
105
101
138
99
126
120
98
128
132
130
122
113
115
136
114
107
128
127
119
108
126
119
123
117
119
122
121
118
133
118
126
120
115
118
137
112
145
108
127
123
104
124
132
139
121
134
121
142
124
125
117
128
134
125
126
132
127
139
141
129
148
137
120
131
93
135
138
122
129
125
132
131
157
114
130
150
134
117
128
125
126
130
125
151
143
151
125
128
142
123
122
147
160
122
114
158
134
133
174
130
152
123
174
132
155
143
141
145
141
167
159
143
148
150
127
146
129
130
122
143
146
145
136
134
153
146
126
158
126
155
148
144
139
152
147
145
162
139
147
150
149
146
133
153
125
147
116
132
169
145
153
158
177
151
142
152
149
128
186
138
167
143
144
171
153
158
134
135
142
162
179
158
145
152
171
160
145
154
175
172
154
167
152
189
155
176
145
155
160
155
142
151
176
152
174
130
149
170
169
179
156
143
158
132
137
152
174
160
136
139
142
146
133
152
129
141
150
131
125
142
146
134
116
120
128
142
124
126
128
104
85
112
114
126
88
107
110
117
108
116
105
98
86
95
91
98
99
99
121
115
106
98
101
107
84
104
84
78
116
89
127
107
88
88
107
81
101
80
88
93
107
100
99
88
96
102
101
87
94
109
96
82
86
83
104
98
112
81
90
105
85
75
93
99
108
87
106
103
99
105
74
99
91
79
85
77
73
87
84
85
90
84
93
87
102
88
79
89
84
83
79
64
97
101
108
81
75
88
77
79
71
73
82
87
78
69
93
70
74
82
80
87
86
79
93
79
74
87
75
76
77
73
76
88
84
85
72
77
91
72
89
66
94
83
72
80
85
81
83
84
73
84
81
73
65
80
60
66
76
69
87
74
65
65
74
61
49
67
71
72
70
65
84
74
83
65
72
71
66
67
81
57
73
73
63
77
68
62
63
57
67
74
56
62
71
67
59
66
76
69
64
58
71
77
47
58
62
54
54
54
57
77
73
50
63
58
54
52
60
69
44
42
58
58
60
61
53
42
60
52
67
43
52
49
49
50
56
50
63
43
50
50
49
41
61
56
56
57
47
45
39
32
48
55
35
39
43
45
40
46
46
43
53
43
50
38
60
49
38
41
42
53
49
41
50
47
45
28
49
40
37
45
44
47
39
36
38
50
39
34
42
37
35
39
42
36
55
39
33
40
34
35
37
48
33
39
45
31
36
38
33
40
40
45
39
47
44
47
33
32
24
34
32
32
39
39
43
39
35
34
41
35
34
37
45
36
36
35
35
37
35
27
39
40
32
40
40
36
32
31
34
26
31
37
30
32
39
34
35
37
34
26
29
40
31
38
39
30
33
35
40
23
36
30
26
33
26
33
38
38
39
28
34
26
29
45
21
28
31
25
41
36
24
32
28
40
36
30
27
34
31
25
31
33
33
32
37
34
33
38
32
27
31
31
25
39
25
27
28
30
38
35
29
28
32
33
32
33
31
28
34
31
18
21
40
33
32
37
29
31
30
30
41
33
43
42
23
36
38
32
21
27
30
37
37
27
36
30
41
31
35
31
41
32
34
19
38
23
35
29
28
41
31
27
37
28
36
31
25
35
30
25
41
34
24
33
37
35
24
30
27
31
35
39
30
26
31
27
25
24
32
34
35
31
26
37
30
31
51
27
45
48
49
44
48
46
60
68
52
51
85
75
100
102
115
137
134
178
188
228
286
353
434
498
634
746
875
998
993
1118
1153
1174
1278
1182
1226
1264
1256
1249
1193
1232
1272
1263
1172
1237
1226
1136
1134
1126
1077
1030
895
776
592
503
389
318
257
188
143
114
105
78
83
69
57
49
57
46
36
37
41
46
43
31
40
33
33
33
29
27
42
36
29
28
38
31
34
40
36
39
37
37
38
29
31
34
36
34
28
21
26
30
29
35
36
30
31
35
24
37
36
33
24
27
26
30
31
36
29
30
26
27
33
31
35
28
25
22
30
24
21
25
24
30
34
24
29
36
21
27
36
27
29
19
39
26
24
23
25
24
35
30
24
20
37
24
21
31
34
26
28
21
18
25
33
27
23
30
14
28
18
21
27
41
26
37
23
19
29
27
20
20
25
22
34
20
28
25
33
29
29
22
18
20
28
24
27
22
25
26
23
27
32
21
24
17
21
21
21
23
18
31
23
32
23
22
35
26
18
22
33
14
26
27
22
30
34
30
28
32
22
23
26
18
27
32
21
23
20
13
22
39
29
13
30
16
15
32
18
17
27
20
27
18
22
24
21
24
19
21
25
21
25
22
27
31
22
23
21
22
26
22
36
30
12
31
24
23
19
17
31
18
40
17
22
22
25
18
21
21
26
25
25
22
18
22
23
24
18
24
27
20
31
15
19
27
23
28
20
27
14
26
12
26
19
23
23
21
22
31
21
24
24
24
23
22
18
16
19
15
20
25
29
22
25
27
25
19
13
17
18
19
24
24
27
23
24
26
20
15
22
18
28
22
9
14
24
21
20
22
18
16
16
18
25
17
20
32
16
21
23
24
23
19
21
23
25
17
16
20
14
14
14
21
25
23
20
29
19
19
17
17
26
26
17
11
17
23
24
25
22
28
19
21
23
16
20
15
12
22
9
11
21
26
17
15
20
20
24
15
19
17
5
24
17
19
13
15
18
22
20
24
24
13
22
17
18
22
22
22
24
17
13
25
30
22
18
24
20
23
16
23
20
18
29
15
17
19
15
19
18
15
22
18
12
24
22
16
22
13
14
22
16
23
13
20
17
19
18
18
26
13
26
18
16
24
15
22
17
24
22
19
22
21
18
17
20
23
25
21
26
19
21
23
20
16
16
30
19
28
30
23
23
23
19
23
28
24
19
22
21
25
18
26
23
19
26
26
22
15
19
17
20
19
25
23
21
24
26
26
17
15
24
11
21
16
28
28
22
17
22
22
21
19
25
21
27
26
20
16
20
25
12
17
25
24
14
16
19
11
21
14
18
17
17
11
18
18
16
23
16
20
18
11
18
17
12
18
23
24
19
15
19
15
22
17
20
21
12
16
20
19
20
11
21
15
17
22
20
14
32
18
20
21
17
12
26
19
17
21
18
20
17
17
20
14
18
15
23
23
21
27
17
15
16
18
23
20
17
32
24
13
24
21
14
20
17
12
15
21
21
11
13
20
13
24
19
18
22
22
25
16
16
14
25
24
16
28
9
15
23
21
12
12
22
18
17
18
16
13
14
21
21
13
19
27
22
18
15
17
20
18
12
15
15
13
21
16
20
18
18
15
13
25
20
24
23
18
8
16
22
14
15
14
14
17
23
24
16
20
19
13
27
17
16
9
17
17
20
13
22
17
21
22
19
20
28
19
14
22
18
19
25
18
15
25
19
21
20
15
13
15
15
23
24
17
23
17
16
11
23
10
16
22
26
25
25
19
22
13
27
16
27
18
21
20
17
19
24
19
18
22
18
18
11
21
19
27
21
12
18
15
22
19
23
22
15
12
10
15
10
24
16
18
21
22
18
22
17
16
24
17
21
21
15
22
23
21
16
14
10
15
14
21
18
15
21
11
13
27
15
18
17
16
16
14
18
22
12
19
17
18
22
16
25
19
12
23
18
17
8
18
18
18
17
19
11
17
16
14
19
18
15
21
18
20
18
16
17
8
15
11
14
19
16
15
14
17
17
18
20
10
13
14
10
19
17
17
18
13
14
14
15
12
14
16
17
12
21
15
15
18
18
22
10
17
15
15
10
15
14
9
11
13
14
20
13
8
14
12
13
10
15
14
15
12
16
9
9
12
6
9
9
16
12
13
9
10
6
15
7
11
10
10
8
8
8
13
11
10
5
8
7
12
2
8
5
12
7
13
6
9
10
9
9
9
9
9
10
15
10
10
9
10
11
3
10
8
12
5
9
10
15
7
10
4
5
7
2
9
8
6
11
4
5
11
5
10
5
10
8
9
6
8
11
8
7
4
8
9
3
6
5
9
13
4
12
7
4
9
3
12
6
6
12
10
7
5
6
6
10
5
4
7
6
5
4
7
12
9
3
2
2
6
7
4
5
4
7
5
2
5
6
7
6
6
9
6
4
6
4
2
8
7
6
3
3
2
5
4
2
6
8
4
4
3
3
2
5
6
6
3
5
5
6
2
8
2
4
3
2
2
1
5
3
4
3
2
5
0
7
3
3
6
0
8
3
7
4
3
6
3
5
3
4
2
1
4
5
5
7
4
0
4
4
6
1
5
4
4
1
3
8
3
2
1
2
7
4
2
4
2
3
4
4
5
0
1
3
5
2
3
2
3
1
2
7
10
2
3
2
3
2
1
1
6
1
3
2
3
2
2
2
3
2
2
5
1
4
3
2
5
6
5
3
0
1
3
2
5
3
3
4
4
7
3
5
2
3
2
4
3
4
2
2
2
2
3
4
1
5
2
2
4
1
2
7
2
6
3
3
4
4
4
1
5
1
1
0
4
3
2
1
0
1
1
3
7
2
3
3
1
2
4
3
3
6
1
2
2
2
2
1
4
1
4
4
1
2
5
3
3
3
5
3
6
5
2
2
3
4
2
1
1
1
2
5
2
2
6
3
3
3
3
5
1
2
3
2
6
2
9
3
0
3
1
3
6
5
1
4
3
6
2
2
3
7
5
1
6
2
4
6
2
8
6
5
9
6
10
5
12
10
10
14
17
10
11
22
26
30
26
29
31
26
33
34
43
39
36
56
47
56
64
56
70
72
67
52
69
74
76
95
75
67
55
73
84
67
64
63
64
66
66
52
48
52
47
31
35
30
45
54
25
21
20
16
18
9
14
7
5
6
4
5
1
2
1
2
1
2
1
2
1
1
2
0
1
2
0
0
3
0
1
0
0
2
1
0
1
0
0
2
4
0
1
0
1
2
2
1
0
0
2
1
2
1
2
3
2
0
1
1
3
1
1
0
1
1
1
1
1
1
0
0
1
1
0
0
2
0
1
0
0
2
1
2
1
1
0
1
0
1
1
0
1
1
0
1
0
1
0
0
1
3
2
0
0
0
0
2
0
0
0
0
1
1
0
0
3
3
0
1
1
0
3
1
2
0
0
2
1
1
0
0
2
2
3
0
0
0
0
3
0
2
2
0
3
2
0
2
0
1
0
2
0
0
0
0
1
0
1
0
2
0
0
1
1
1
2
0
0
0
0
0
0
1
2
1
1
0
2
0
1
3
0
1
1
1
2
0
0
0
0
1
1
1
0
2
0
0
1
0
0
2
1
0
0
0
0
1
1
0
0
0
0
0
3
1
1
1
0
1
0
1
0
1
0
0
0
0
0
0
0
2
1
1
1
0
1
0
0
0
0
2
1
1
0
0
0
0
1
0
0
1
1
0
0
0
0
1
1
1
1
3
0
1
0
0
1
0
1
0
1
1
1
1
1
0
0
1
1
1
1
1
0
0
0
0
0
0
2
0
0
0
0
0
0
2
0
2
0
0
1
0
0
0
0
0
0
1
1
1
1
1
1
0
1
0
0
0
0
0
0
0
0
1
1
0
1
0
0
0
0
0
0
2
1
0
0
0
0
1
2
0
0
0
1
0
1
0
0
0
0
1
0
0
1
0
3
0
0
0
1
0
1
0
0
1
0
0
1
1
0
0
0
0
0
2
0
0
0
1
1
0
0
0
1
0
0
0
1
1
1
3
0
1
0
0
1
1
0
0
1
0
1
0
0
0
1
0
0
0
0
2
0
1
1
1
0
0
0
0
1
0
0
0
0
0
0
1
0
0
0
1
0
0
0
0
0
0
1
0
0
1
0
1
2
0
0
0
1
1
0
0
1
1
1
1
1
1
0
1
0
0
1
2
1
2
0
1
0
0
0
0
0
1
1
0
1
0
0
0
0
0
0
0
1
0
0
1
0
1
1
1
0
0
0
1
1
2
0
1
1
1
0
0
0
0
0
1
1
0
0
0
0
0
0
1
2
0
0
1
1
2
1
0
2
1
1
0
1
1
1
0
0
1
0
1
0
1
0
0
0
1
0
0
1
0
0
0
0
1
0
1
1
1
1
0
0
0
0
0
0
0
0
1
0
0
0
1
0
1
1
1
0
0
0
0
0
1
0
0
0
0
0
0
0
1
0
0
0
0
0
0
0
0
0
1
0
0
0
0
2
0
0
0
1
0
0
1
0
1
2
0
1
0
0
0
0
0
0
0
0
0
0
0
1
1
0
0
0
0
0
1
1
0
0
1
0
1
1
0
1
0
0
1
1
0
0
0
1
0
0
0
0
0
1
0
1
0
0
0
0
0
0
1
0
0
0
0
1
0
0
0
0
0
0
1
0
0
0
0
0
3
0
0
1
1
0
0
1
0
0
0
0
0
0
0
0
0
0
0
1
0
0
1
0
0
0
0
0
0
0
0
0
0
0
1
0
1
1
0
0
0
0
0
0
2
1
1
0
0
0
0
0
0
0
0
1
1
0
0
0
0
1
0
0
1
0
0
0
1
1
1
0
0
1
0
0
1
1
1
0
1
1
0
0
0
1
0
0
0
1
0
1
0
0
0
0
1
0
0
0
0
0
1
0
0
1
1
1
0
0
0
0
0
2
0
1
0
0
0
0
0
0
1
0
0
0
0
0
0
0
1
0
0
0
0
1
0
0
0
0
0
0
0
0
0
0
0
1
0
0
0
0
1
0
0
1
1
0
0
0
0
0
0
1
1
0
0
0
0
0
0
0
0
1
1
1
0
1
0
1
0
1
0
0
0
0
2
0
0
0
0
0
1
0
1
0
0
0
0
0
1
1
0
0
1
2
0
0
0
0
0
1
0
0
0
0
0
2
0
0
0
0
0
0
0
0
0
0
0
0
0
0
0
0
0
1
0
0
1
0
0
1
0
0
0
1
0
0
0
0
0
1
0
0
0
2
0
0
0
0
0
0
0
0
0
0
0
0
0
0
0
0
0
0
0
0
0
0
0
0
0
1
0
0
0
1
0
0
1
0
0
0
0
0
0
0
1
0
0
0
0
0
0
0
0
1
2
0
1
1
1
0
0
0
0
0
0
1
0
0
1
0
2
1
0
0
0
0
0
0
1
0
0
0
1
0
0
0
1
0
0
1
0
0
0
0
0
0
0
1
0
1
1
1
1
0
0
0
0
1
0
0
0
0
1
1
0
0
0
0
0
1
0
0
0
0
0
0
0
0
1
0
0
0
1
0
0
2
1
0
0
0
0
0
0
0
0
0
0
0
0
0
0
0
1
0
0
0
2
0
0
1
2
0
0
0
1
0
0
1
0
0
0
0
0
0
0
0
0
0
0
1
0
0
0
0
0
1
0
0
0
1
0
0
0
0
0
0
2
0
1
1
0
0
0
1
0
0
2
0
0
0
0
0
0
0
1
1
0
0
0
0
0
0
0
0
1
0
0
1
0
0
0
0
0
0
0
0
0
0
0
0
0
0
1
0
0
0
0
0
2
0
1
0
0
0
0
0
0
0
2
0
0
0
0
0
0
0
0
0
1
1
0
0
0
0
0
0
1
0
0
1
0
0
0
0
0
0
0
1
1
0
0
0
0
1
0
0
0
1
0
0
0
0
0
0
0
0
0
0
0
0
0
0
0
0
0
1
0
0
0
0
0
0
0
0
0
0
0
0
1
1
1
0
0
0
0
0
0
0
1
0
0
0
0
0
1
0
0
0
0
1
1
0
0
0
0
1
0
0
0
0
0
0
0
0
0
1
0
0
0
0
0
0
1
0
0
0
0
0
0
0
0
0
0
1
0
1
0
0
0
0
0
0
1
0
0
0
0
1
0
0
0
0
0
0
0
0
0
0
0
1
0
0
0
0
0
0
1
0
0
0
0
1
0
0
1
0
0
3
0
0
1
0
0
0
0
1
1
0
0
0
0
0
0
0
0
1
0
1
0
1
0
0
1
0
0
0
0
0
0
1
0
0
0
0
0
1
0
0
0
0
1
0
0
0
0
0
1
0
0
0
0
1
1
0
0
0
1
0
0
0
0
1
0
0
0
0
0
0
0
0
1
0
0
0
1
0
0
0
0
0
0
0
0
0
0
0
1
0
0
0
0
2
0
0
0
1
0
3
0
0
1
0
0
4
0
1
0
0
0
0
0
0
0
0
0
1
0
0
0
0
0
0
0
0
0
0
0
0
0
0
1
1
0
0
0
0
0
0
0
0
1
0
0
0
0
0
0
0
0
0
0
2
0
0
0
0
0
0
0
0
0
0
1
0
0
0
0
1
0
0
0
0
0
0
0
0
0
0
0
0
0
0
0
0
0
0
1
0
0
1
0
0
0
0
1
0
0
0
0
1
1
1
0
0
1
0
0
0
1
0
0
0
1
0
0
0
0
1
0
0
0
0
0
0
0
0
0
0
0
0
0
0
0
0
0
1
0
0
0
0
0
0
0
0
0
0
0
1
0
0
0
0
0
0
0
0
0
0
0
0
0
1
0
1
0
0
1
0
0
0
0
0
0
0
0
0
1
0
0
0
0
0
0
0
0
0
0
0
0
0
0
0
0
0
0
0
0
0
0
0
0
1
0
0
0
0
0
0
0
0
0
0
0
0
0
0
0
0
0
0
0
0
1
0
0
1
0
0
0
0
0
0
1
0
0
0
0
0
0
0
0
0
0
0
0
0
0
0
0
0
0
0
0
1
0
0
0
1
0
0
0
0
0
0
0
0
0
0
1
0
0
0
0
0
0
0
0
0
0
0
1
0
0
1
0
0
0
0
1
0
0
0
0
0
0
0
0
0
0
0
0
0
0
0
0
0
1
0
0
0
0
0
1
0
0
0
0
0
0
0
0
1
0
0
0
0
0
0
1
0
0
0
0
0
0
0
0
0
0
0
0
0
0
0
0
0
0
0
0
0
0
0
0
0
0
0
0
0
0
1
0
0
0
0
0
0
0
0
0
0
0
1
0
0
0
0
0
0
0
0
0
0
0
0
0
0
0
0
1
0
0
0
0
0
0
0
0
0
0
0
0
0
0
0
0
1
0
0
0
0
0
0
0
0
0
0
0
0
0
0
0
0
0
0
0
1
0
0
0
0
0
0
0
0
0
0
0
0
0
0
0
0
0
0
0
0
0
0
0
0
0
1
0
0
0
0
0
0
0
0
0
0
0
0
0
0
0
0
0
0
0
0
1
0
0
0
0
0
0
0
0
0
0
1
0
0
1
0
0
0
0
0
0
0
0
0
0
0
0
1
1
0
0
0
0
0
0
0
0
0
0
0
0
0
0
0
0
0
0
0
1
0
0
0
0
0
0
0
0
0
0
0
0
0
0
0
0
0
0
0
0
0
0
0
0
0
0
0
0
0
0
0
0
0
0
0
0
0
0
0
0
0
0
0
0
0
0
0
0
0
0
0
0
0
0
0
0
0
0
0
0
0
0
0
0
0
0
0
0
0
0
0
0
0
0
0
0
0
0
0
0
0
0
0
0
0
0
0
0
0
0
1
0
0
0
0
0
0
0
0
0
0
0
0
0
0
0
1
0
0
0
1
1
0
0
1
0
0
0
0
0
1
0
0
2
0
0
0
1
1
2
1
0
0
2
0
0
0
0
0
0
0
0
0
1
0
0
0
0
3
0
0
1
0
0
0
0
1
1
0
0
1
0
0
0
0
1
0
0
0
0
1
0
0
0
0
0
0
1
0
0
0
0
0
0
0
0
1
0
0
0
0
0
0
0
0
0
1
0
0
0
0
0
0
0
0
0
0
0
0
0
0
0
0
0
0
1
0
0
0
0
0
0
0
0
0
0
0
0
0
0
0
0
0
0
0
0
0
0
0
0
0
0
0
0
0
0
0
0
0
0
0
0
0
0
0
0
0
0
0
0
0
0
0
0
0
0
0
0
0
0
0
0
0
0
0
0
0
0
0
0
0
0
0
0
0
0
0
0
0
0
0
0
0
0
0
0
0
0
0
0
0
0
0
0
0
0
0
0
0
0
0
0
0
0
0
0
0
0
0
0
0
0
1
0
0
0
0
0
0
0
0
0
0
0
0
0
0
0
0
0
0
0
0
0
0
0
0
0
0
0
0
0
0
0
0
0
0
0
0
0
0
0
0
0
0
0
0
0
0
1
0
0
0
0
0
0
0
0
0
0
0
0
0
0
0
0
0
0
0
0
0
0
0
0
0
0
0
0
0
0
0
0
0
0
0
0
0
0
0
0
0
0
0
0
0
0
0
0
0
0
0
0
0
0
0
0
0
0
0
0
0
0
0
0
0
0
0
0
0
0
0
0
0
0
0
0
0
0
0
0
0
0
0
0
0
0
0
0
0
0
0
0
0
0
0
0
0
0
0
0
0
0
0
0
1
0
0
0
0
0
0
0
0
0
0
0
0
0
0
0
0
0
0
0
0
0
1
0
0
0
0
0
0
0
0
0
0
0
0
0
0
0
0
0
0
0
0
0
0
0
0
0
0
0
0
0
0
0
0
0
0
0
0
0
0
0
0
0
0
0
0
0
0
0
0
0
0
0
0
0
0
0
0
0
0
0
0
0
0
0
0
0
0
0
0
0
0
0
0
0
0
0
0
0
0
0
0
0
0
0
0
0
0
0
0
0
0
0
0
0
0
0
0
0
0
0
0
0
0
0
0
0
0
0
0
0
0
0
0
0
0
0
0
0
0
0
0
0
0
0
0
0
0
0
0
0
0
0
0
0
0
0
0
0
0
0
0
0
0
0
0
0
0
0
0
0
0
0
0
0
1
0
0
0
0
0
0
0
0
0
0
0
0
0
0
0
0
0
0
0
0
0
0
0
0
0
0
0
0
0
0
0
0
0
0
0
0
0
0
0
0
0
0
0
0
0
0
0
0
0
0
0
0
0
0
0
0
0
0
0
0
0
0
0
0
0
0
0
0
0
0
0
0
0
0
0
0
0
0
0
0
0
0
0
0
0
0
0
0
0
0
0
0
0
0
0
0
0
0
0
0
0
0
0
0
0
0
0
0
0
0
0
0
0
0
0
0
0
0
0
0
0
0
0
0
0
0
0
0
0
0
0
0
0
0
0
0
0
0
0
0
0
0
0
0
0
0
0
0
0
0
0
0
0
0
0
0
0
0
0
0
0
0
0
0
0
0
0
0
0
0
0
0
0
0
0
0
0
0
0
0
0
0
0
0
0
0
0
0
0
0
0
0
0
0
0
0
0
0
0
0
0
0
0
0
0
0
0
0
0
0
0
0
0
0
0
0
0
0
0
0
0
0
0
0
0
0
0
0
0
0
0
0
0
0
0
0
0
0
0
0
0
0
0
0
0
0
0
0
0
0
0
0
0
0
0
0
0
0
0
0
0
0
0
0
0
0
0
0
0
0
0
0
0
0
0
0
0
0
0
0
0
0
0
0
0
0
0
0
0
0
0
0
0
0
0
0
0
0
0
0
0
0
0
0
0
0
0
0
0
0
0
0
0
0
0
0
1
0
0
0
0
0
0
0
0
0
0
0
0
0
0
0
0
0
0
0
0
0
0
0
0
0
0
0
0
0
0
0
0
0
0
0
0
0
0
0
0
0
0
0
0
0
0
0
0
0
0
0
0
0
0
0
0
0
0
0
0
0
0
0
0
0
0
0
0
0
0
0
0
0
0
0
0
0
0
0
0
0
0
0
0
0
0
0
1
0
0
0
0
0
0
0
0
0
0
0
0
0
0
0
0
0
0
0
0
0
0
0
0
0
0
0
0
0
0
0
0
0
0
0
0
0
0
0
0
0
0
0
0
0
0
0
0
0
0
0
0
0
0
1
0
0
0
0
0
0
0
0
0
0
0
0
0
0
0
0
0
0
0
0
0
0
0
0
0
0
0
0
0
0
0
0
0
0
0
0
0
0
0
0
0
0
0
0
0
0
0
0
0
0
0
0
0
0
0
0
0
0
0
0
0
0
0
0
0
0
0
0
0
0
0
0
0
0
0
0
0
0
0
0
0
0
0
0
0
0
0
0
0
0
0
0
0
0
0
0
0
0
0
0
0
0
0
0
0
0
0
0
0
0
0
0
0
0
0
0
0
0
0
0
0
0
0
0
0
0
0
0
0
0
0
0
0
0
0
0
0
0
0
0
0
0
0
0
0
0
0
0
0
0
0
0
0
0
0
0
0
0
0
0
0
0
0
0
0
0
0
0
0
0
0
0
0
0
0
0
0
0
0
0
0
0
0
0
0
0
0
0
0
0
0
0
0
0
0
0
0
0
0
0
0
0
0
0
0
0
0
0
0
0
0
0
0
0
0
0
0
0
0
0
0
0
0
0
0
0
0
0
0
0
0
0
0
0
0
0
0
0
0
0
0
0
0
0
0
0
0
0
0
0
0
0
0
0
0
0
0
0
0
0
0
0
0
0
0
0
0
0
0
0
0
0
0
0
0
0
0
0
0
0
0
0
0
0
0
0
0
0
0
0
0
0
0
0
0
0
0
0
0
0
0
0
0
0
0
0
0
0
0
0
0
0
0
0
0
0
0
0
0
0
0
0
0
0
0
0
0
0
0
0
0
0
0
0
0
0
0
0
0
0
0
0
0
0
0
0
0
0
0
0
0
0
0
0
0
0
0
0
0
0
0
0
0
0
0
0
0
0
0
0
0
0
0
0
0
0
0
0
0
0
0
0
0
0
0
0
0
0
0
0
0
0
0
0
0
0
0
0
0
0
0
1
0
0
0
1
0
1
0
1
0
2
2
0
0
2
1
0
1
0
1
1
0
0
1
1
0
2
1
1
0
0
0
1
0
1
1
0
1
1
0
0
0
0
1
0
0
0
3
1
1
0
0
0
1
1
0
0
1
1
0
2
0
0
0
2
0
2
0
0
1
1
1
0
0
1
0
1
2
1
0
0
0
2
0
0
0
1
1
0
2
2
1
0
0
0
0
0
1
0
0
1
3
4
0
0
0
0
0
0
0
3
0
0
1
1
1
2
0
0
0
0
1
2
1
0
1
0
0
