0
0
0
0
0
0
0
0
0
0
0
0
0
0
0
0
0
0
0
2
3
2
3
3
5
11
9
14
9
8
13
11
11
15
10
10
13
10
7
15
7
11
22
10
12
10
8
6
11
11
10
5
13
12
8
5
9
11
9
8
4
8
12
14
27
37
52
57
82
73
91
106
142
164
199
294
388
400
394
441
441
445
426
515
468
520
554
538
550
606
578
648
631
709
687
762
738
693
666
626
652
602
609
588
574
557
556
534
523
505
555
510
497
501
476
515
524
480
517
509
496
521
496
489
506
478
513
506
508
533
508
545
513
471
512
519
508
495
500
517
514
497
516
529
469
506
491
506
504
538
526
515
491
538
472
479
503
538
496
514
504
487
487
523
492
495
541
501
449
462
472
505
472
530
510
517
518
510
509
512
459
485
531
477
478
486
504
499
512
478
490
510
488
462
500
482
491
485
473
466
461
492
514
481
514
484
543
504
470
474
486
483
497
499
444
448
463
496
526
479
503
507
444
518
488
459
535
504
450
497
469
494
528
499
482
468
511
448
486
468
506
475
465
542
464
501
470
477
464
474
530
502
500
476
507
495
498
494
497
556
492
472
480
515
505
489
502
472
518
511
491
522
462
489
479
525
498
442
515
484
482
484
505
437
490
497
488
524
498
494
495
506
496
503
469
461
499
513
471
489
478
563
492
497
520
484
475
461
525
481
487
519
459
489
480
495
470
507
480
510
481
464
504
494
487
484
460
533
470
481
439
496
489
475
491
444
512
494
508
520
469
493
486
508
467
488
487
465
504
497
496
515
481
452
477
428
457
479
486
470
475
528
493
458
515
467
490
492
504
526
498
511
467
553
571
580
519
514
617
538
556
559
594
549
535
559
566
542
552
543
589
565
594
575
562
545
524
583
556
529
525
546
592
579
577
539
561
547
580
532
519
576
546
559
545
580
591
572
610
536
566
581
618
578
576
554
588
568
578
562
592
547
548
567
529
556
535
580
556
552
553
561
566
580
574
652
573
570
545
568
566
537
556
555
554
553
563
530
550
542
572
560
596
581
584
536
528
543
516
567
551
526
534
546
524
556
570
572
541
556
553
564
572
520
563
567
581
548
595
616
513
545
558
549
537
549
550
535
540
500
588
558
542
574
530
555
571
557
518
534
505
520
536
589
553
548
543
556
543
586
560
562
572
486
507
561
589
547
523
568
582
588
590
528
539
555
553
528
573
565
539
548
529
576
563
542
501
500
590
554
534
548
569
550
550
543
527
592
537
524
520
578
568
595
552
529
601
542
546
542
573
556
514
551
532
545
533
496
522
558
538
517
531
538
520
529
526
567
578
530
563
573
570
579
502
499
567
589
529
463
516
550
520
567
546
556
562
537
548
563
484
581
523
537
546
570
545
550
551
528
563
527
554
520
553
580
587
547
557
555
531
528
584
553
557
560
567
567
559
530
553
582
546
532
549
571
541
545
533
552
565
546
547
527
558
569
554
501
573
553
583
550
545
565
602
561
611
575
547
579
522
559
556
538
561
592
551
608
555
586
583
557
557
611
589
562
581
554
563
575
558
549
536
576
556
604
655
586
564
550
527
621
584
607
557
573
625
589
608
611
550
595
567
623
602
597
616
583
578
583
649
632
616
626
630
616
624
616
619
605
596
614
638
656
640
630
616
609
655
633
637
612
625
646
613
651
626
675
642
619
648
669
638
646
660
692
637
674
661
630
717
666
669
712
645
695
639
634
645
741
652
687
661
672
629
652
716
700
682
681
717
712
659
691
720
723
705
755
708
746
717
703
688
710
727
685
718
683
754
723
711
720
778
700
724
708
735
631
675
681
690
676
657
648
598
643
607
591
547
563
552
575
534
522
489
532
511
488
504
459
484
460
430
468
437
474
425
452
434
450
399
401
378
433
361
427
400
422
395
388
344
401
384
375
381
368
359
380
365
357
386
372
341
372
327
379
316
338
333
333
393
352
340
348
339
370
333
299
344
317
332
337
334
313
318
370
318
327
321
302
314
328
310
341
301
348
317
326
297
307
284
314
299
278
304
318
280
335
267
337
284
291
279
270
292
279
291
300
284
281
274
272
242
274
264
267
245
264
276
259
279
248
255
264
231
226
265
227
234
274
263
239
234
233
257
259
238
233
249
243
232
231
251
231
239
260
214
241
234
217
233
211
223
229
192
237
221
213
234
217
223
222
204
166
210
198
218
180
199
209
218
184
193
197
197
186
190
192
185
217
211
203
172
182
195
211
187
189
184
174
195
176
176
210
181
182
182
169
202
171
178
193
178
206
175
165
188
166
172
187
177
187
189
153
163
172
176
164
156
190
156
170
152
160
147
140
148
166
166
143
188
181
175
187
180
169
139
149
167
189
162
162
172
174
164
164
169
153
172
162
153
158
158
141
170
148
185
188
175
166
164
164
184
153
162
177
170
165
168
153
174
153
165
154
157
169
156
162
172
153
165
173
179
169
155
156
166
167
160
172
163
180
162
148
155
163
160
170
158
186
139
143
161
156
164
161
158
166
160
171
187
165
183
160
176
162
160
163
175
136
147
135
143
169
142
164
152
160
154
156
140
169
152
148
156
122
149
183
158
149
156
139
165
160
139
171
137
170
161
163
148
149
153
139
135
147
152
134
151
163
148
130
168
145
149
154
131
139
164
151
134
145
132
168
122
154
148
145
134
148
154
156
153
131
134
148
140
136
153
162
150
177
132
137
156
157
161
134
143
161
172
138
159
157
132
146
133
144
126
125
158
137
148
143
162
144
150
141
139
134
144
158
146
149
151
158
156
161
183
170
226
228
256
330
416
535
728
937
1341
1977
2736
3758
5076
6518
7982
9580
10712
12004
12932
12982
12943
12443
10987
9823
8418
6803
5470
4079
3150
2234
1741
1249
917
688
513
437
405
312
296
233
230
185
186
158
134
149
134
121
121
117
121
112
111
112
105
114
96
114
101
86
105
89
107
101
109
103
98
108
115
102
99
99
96
131
94
118
103
92
92
114
87
112
110
83
94
104
88
81
87
84
73
81
97
95
106
97
95
102
97
91
106
92
105
87
94
93
88
100
81
98
100
107
83
92
108
102
94
100
96
75
90
100
102
92
92
87
94
112
93
96
84
98
78
94
82
98
85
102
82
87
101
81
91
86
74
98
75
86
88
82
94
85
82
94
98
96
89
112
98
89
97
91
80
83
102
96
82
87
88
97
83
102
86
98
86
90
91
118
86
109
101
115
82
103
87
98
95
97
89
76
77
102
119
102
88
105
89
80
67
81
65
85
80
91
99
83
77
82
103
93
74
78
99
73
78
77
77
80
88
80
77
81
82
85
72
74
84
92
80
74
73
86
74
88
78
92
71
80
83
76
62
87
81
91
79
79
87
79
82
79
87
81
77
73
67
85
85
68
63
91
80
83
80
84
76
79
82
79
91
77
77
69
89
86
82
82
89
76
91
90
94
91
73
52
80
76
82
68
89
80
61
86
72
80
79
72
94
96
96
80
70
74
79
87
79
66
79
80
76
81
79
72
70
75
94
101
83
73
76
93
79
75
86
69
94
81
87
70
79
74
75
79
81
75
93
82
83
76
86
97
79
65
79
82
76
90
72
84
78
53
72
78
76
82
93
75
86
82
85
85
72
58
74
89
103
87
89
79
84
82
85
76
79
93
88
72
59
80
75
78
89
95
77
89
76
83
78
85
74
63
75
81
78
100
76
79
84
84
76
85
85
75
71
83
79
77
86
69
84
80
90
80
66
82
61
88
95
94
80
85
81
91
75
92
70
72
87
102
78
87
71
69
67
71
75
76
66
86
99
68
92
77
85
74
74
95
64
92
83
83
86
74
68
83
81
87
73
79
81
75
82
81
71
62
86
85
79
87
106
92
88
72
73
83
83
91
87
69
90
86
86
84
82
71
92
89
72
78
73
86
89
89
79
83
78
87
88
87
85
79
67
84
87
85
83
92
66
92
67
86
76
95
78
79
92
87
86
95
84
86
71
90
74
67
56
86
83
80
80
69
91
81
63
95
79
77
69
71
85
89
73
93
84
74
73
74
82
73
99
84
82
77
90
59
70
93
92
77
86
79
92
92
82
75
85
80
84
82
82
70
69
94
88
82
66
83
74
79
85
86
81
74
90
85
91
83
80
81
84
83
83
75
64
89
80
72
76
77
81
81
89
97
82
85
80
82
81
75
60
69
63
69
88
84
76
82
65
73
82
75
76
74
90
89
88
70
82
83
83
74
85
88
94
87
86
83
96
60
80
85
84
100
90
71
94
87
87
86
83
80
89
79
88
70
65
82
88
79
94
79
100
80
99
105
89
83
96
92
82
94
89
88
86
83
84
80
73
88
89
90
65
76
75
90
83
93
85
73
85
79
79
96
82
82
98
69
68
87
89
92
96
97
84
87
79
68
71
72
88
100
86
88
79
79
88
90
78
66
72
93
90
82
100
92
76
85
97
64
84
87
85
80
93
100
69
79
94
78
60
78
81
90
85
87
86
83
72
98
67
93
96
75
75
80
71
90
90
76
69
90
79
79
92
74
98
75
85
88
86
78
89
89
83
80
76
81
74
99
80
73
95
94
91
89
87
77
93
81
77
94
78
70
76
82
83
95
87
83
99
94
93
88
102
54
96
77
79
64
79
64
89
83
89
78
77
91
91
80
89
91
90
88
87
90
74
90
75
97
86
77
83
67
81
85
94
83
88
68
90
74
103
82
88
92
83
72
80
80
77
93
69
78
95
64
101
97
84
90
93
89
93
83
77
91
92
76
67
97
93
92
95
85
85
82
81
86
87
80
78
74
99
83
83
107
94
91
94
97
89
96
74
82
88
86
80
90
78
82
74
88
87
80
83
85
101
89
90
79
97
85
91
102
90
92
93
101
105
100
95
101
101
93
89
87
96
74
77
87
75
94
103
94
108
99
99
94
92
101
90
102
100
89
102
95
89
107
99
92
94
89
102
84
105
97
92
76
84
97
112
108
80
81
98
87
89
69
89
77
72
71
66
104
86
95
98
105
79
103
89
91
91
91
93
98
87
106
106
85
108
86
102
84
84
99
95
85
108
79
94
96
102
86
95
85
85
75
90
97
87
98
96
112
69
97
89
110
86
91
100
92
103
89
85
96
90
101
99
90
104
87
99
95
95
76
101
99
107
103
105
89
94
77
89
95
94
86
100
81
103
93
97
95
86
120
80
95
99
98
92
95
92
99
104
105
91
102
106
79
105
93
91
106
118
98
109
80
109
96
102
103
108
97
95
117
86
108
112
93
114
97
103
96
98
104
88
94
94
105
102
92
110
116
84
96
108
106
98
104
86
82
117
100
111
106
110
103
113
94
115
103
100
106
90
106
93
87
93
112
115
96
113
129
94
125
95
110
95
99
91
95
110
129
113
111
105
103
104
88
111
106
98
115
116
128
114
111
101
112
109
108
82
105
103
133
121
109
121
115
99
122
119
104
109
115
119
106
119
111
105
112
101
119
105
99
120
116
111
123
98
104
120
130
112
116
129
101
100
124
83
112
93
112
119
126
120
110
104
125
110
123
132
120
113
125
130
120
127
135
110
116
123
120
148
119
108
126
137
116
119
117
123
111
108
121
129
117
117
112
119
111
115
140
129
130
122
132
117
124
113
117
114
119
127
107
116
125
115
135
130
124
121
109
137
120
126
136
135
141
130
97
139
125
120
126
115
133
125
128
127
118
129
113
146
154
133
127
132
126
129
158
115
111
132
132
150
139
118
152
127
159
137
155
132
119
129
146
143
129
145
126
130
140
145
132
142
139
118
127
158
127
139
127
129
132
165
133
141
140
125
149
147
131
131
151
126
138
148
123
145
148
146
158
132
128
131
138
150
159
171
142
142
137
136
151
153
165
145
142
130
136
154
136
147
141
141
138
144
152
149
148
143
149
152
126
150
133
125
161
152
151
138
171
152
155
136
129
134
164
149
143
184
130
133
139
145
193
149
144
162
165
192
163
149
142
136
157
163
156
164
154
138
169
161
142
160
154
161
151
153
194
147
169
157
165
158
147
167
149
146
164
161
165
160
156
147
156
166
140
144
150
135
163
127
165
149
133
147
126
134
129
110
144
109
154
110
117
118
114
110
133
106
115
109
87
104
95
100
130
106
111
128
89
96
108
107
103
116
89
112
103
93
99
104
111
94
104
108
109
82
98
78
107
112
98
82
106
88
113
95
111
98
97
87
90
98
97
102
107
90
92
97
84
77
90
92
85
74
87
99
89
83
89
95
83
92
92
85
97
95
77
89
82
90
81
93
66
82
100
88
72
80
73
89
91
91
84
79
79
78
80
99
96
89
85
76
105
75
93
77
105
85
76
69
79
70
77
79
78
83
74
71
87
79
80
70
82
77
70
82
79
66
78
80
102
60
91
57
73
74
72
66
68
65
72
81
64
80
71
78
65
85
76
65
72
77
72
62
98
73
66
63
75
77
65
74
67
58
65
70
50
60
79
63
72
70
73
64
71
73
67
80
73
65
71
64
71
54
83
71
58
62
76
59
57
61
52
60
61
68
75
47
58
50
73
59
54
55
54
56
48
49
51
52
63
54
69
40
53
56
54
53
53
47
63
63
45
53
58
44
73
45
64
48
64
43
65
51
49
37
49
52
57
47
54
48
48
54
42
42
60
36
36
43
47
49
39
47
57
49
53
45
42
40
46
46
48
44
46
40
60
34
27
41
42
49
45
38
36
38
47
37
36
46
39
40
59
46
40
31
40
38
36
44
41
47
41
30
38
42
34
28
29
28
48
37
37
37
40
34
22
40
40
34
43
37
35
38
32
29
46
33
34
38
37
43
27
49
38
30
37
33
42
33
40
22
37
26
29
43
32
28
24
30
28
35
24
36
37
30
26
31
30
39
38
37
37
18
29
32
36
35
42
28
37
31
38
27
33
28
31
35
37
23
32
33
33
33
26
30
22
32
36
30
37
29
30
34
33
29
28
26
31
38
27
28
27
27
33
31
23
35
31
27
28
29
20
29
34
29
35
27
29
32
37
30
25
44
28
33
34
32
23
34
28
22
32
35
46
25
35
29
29
43
26
29
27
42
35
35
23
26
29
41
22
32
36
35
30
31
26
32
29
30
36
22
37
30
33
32
34
37
34
36
19
41
37
25
23
28
29
37
32
28
30
37
29
33
32
24
33
41
18
25
29
28
32
25
32
27
39
26
20
18
23
26
26
37
28
28
34
33
28
28
26
40
32
29
23
24
35
42
33
35
40
46
32
50
48
49
60
48
71
74
97
85
84
96
137
146
185
217
256
299
399
490
599
747
897
1043
1170
1281
1347
1420
1491
1485
1578
1622
1589
1565
1576
1582
1630
1602
1514
1466
1380
1293
1089
881
683
536
381
260
227
168
134
118
94
73
75
64
56
52
56
49
35
34
30
27
39
42
34
37
37
31
31
29
39
31
40
39
34
32
31
36
33
27
35
34
31
26
32
25
31
29
35
31
37
24
31
34
26
20
28
29
28
23
27
39
28
40
36
27
18
24
22
32
33
28
27
28
25
18
28
21
23
28
41
28
24
30
34
36
27
38
32
31
24
34
29
28
27
24
32
14
24
19
32
36
31
25
25
20
29
29
23
33
30
29
22
28
11
25
29
25
31
17
24
44
23
18
40
28
24
23
38
25
30
19
21
30
22
18
33
29
28
20
38
30
28
27
24
23
16
27
22
28
31
21
19
36
29
19
22
19
27
29
23
25
26
31
22
20
31
20
17
24
32
33
22
19
26
29
38
25
28
30
28
30
15
26
31
21
24
19
19
18
29
28
29
32
35
28
31
19
21
26
29
25
26
24
31
22
26
24
28
25
23
29
19
19
27
33
24
26
31
31
29
23
23
25
22
27
23
25
31
14
28
28
34
16
25
21
29
24
21
27
17
20
19
9
15
22
21
24
23
19
13
16
20
15
21
22
20
27
22
17
24
23
20
17
16
18
23
23
24
20
20
33
24
15
22
17
19
18
12
27
26
28
22
20
20
24
18
17
23
19
24
17
20
21
23
23
25
26
29
19
16
23
19
21
23
18
20
15
18
27
24
25
10
21
26
17
16
24
23
22
20
14
24
26
32
27
23
15
19
23
23
16
21
24
22
22
21
18
20
24
13
23
29
23
25
17
18
18
21
20
32
26
29
22
21
18
20
11
22
28
17
17
16
18
20
22
15
18
24
16
21
21
20
22
24
21
24
18
18
13
20
22
19
18
23
19
15
21
18
24
28
17
21
19
18
16
23
15
24
25
25
20
15
21
20
24
31
23
17
21
22
21
18
22
19
20
18
24
16
18
23
21
17
21
20
20
17
16
20
27
19
16
22
16
13
16
16
22
16
28
15
21
14
21
21
18
19
26
27
21
18
18
19
27
15
18
24
14
25
16
15
24
16
28
21
24
22
28
24
21
21
25
23
20
21
28
16
25
20
26
20
27
19
25
23
19
17
21
27
23
23
26
26
18
8
16
17
17
23
13
23
21
21
16
14
24
14
20
20
14
29
17
27
31
23
18
19
15
20
16
23
13
24
22
14
17
13
18
18
19
20
21
16
12
16
13
19
13
16
17
17
24
19
21
19
14
16
27
21
20
24
19
18
17
27
20
14
15
13
16
14
15
19
15
15
20
22
20
12
17
14
18
30
25
25
11
13
22
16
22
20
16
22
16
17
21
23
14
18
15
16
25
17
22
16
23
16
29
24
28
24
18
12
19
22
23
23
20
16
18
17
19
18
15
19
12
27
23
18
22
21
18
20
14
16
22
12
21
32
16
27
24
25
17
16
18
12
16
17
20
22
18
19
17
11
17
17
26
17
25
15
18
17
21
14
16
16
23
16
12
20
18
16
22
21
13
16
20
30
17
18
19
21
17
27
18
20
15
17
21
14
22
20
11
25
20
16
22
13
17
14
11
23
18
12
24
17
30
19
15
24
20
24
25
19
21
23
21
29
22
13
19
22
18
19
23
15
22
24
23
23
19
19
19
17
15
17
20
23
19
16
18
23
21
26
16
25
21
23
16
13
17
15
29
28
11
21
19
26
19
20
17
18
17
25
24
20
16
22
12
13
20
16
20
21
15
29
19
22
15
12
20
13
15
13
16
12
22
17
15
15
11
17
14
19
16
11
16
14
10
17
21
20
17
18
14
22
20
10
14
18
16
14
16
15
21
17
12
11
13
18
18
18
11
19
14
21
18
24
15
22
14
23
14
18
22
25
16
16
11
20
23
21
20
14
14
9
19
15
22
12
18
24
17
17
21
14
12
17
19
13
13
18
16
12
9
16
13
13
13
14
7
15
16
11
11
9
12
14
10
13
17
10
10
9
7
15
13
14
13
17
13
10
7
8
11
6
9
12
12
4
13
11
7
13
11
11
8
9
10
10
13
7
8
9
6
12
7
10
4
13
13
6
12
6
9
9
9
13
8
7
14
7
6
14
9
10
17
8
9
8
8
9
10
4
3
8
6
12
3
10
9
5
1
7
6
7
11
6
9
9
5
8
7
8
7
6
6
9
8
7
4
8
3
8
11
8
10
10
5
13
10
7
5
2
9
6
7
7
5
10
6
6
7
12
6
11
8
7
4
0
6
6
8
8
3
8
6
0
10
4
6
5
4
4
4
8
4
5
10
2
4
6
3
6
2
5
8
3
3
4
4
3
4
5
1
5
5
5
11
4
4
10
1
6
5
4
6
3
2
5
8
4
2
6
1
2
2
2
5
7
2
6
4
2
4
3
4
4
3
5
0
5
1
3
6
3
0
0
6
2
4
2
4
4
4
3
4
3
1
7
2
5
2
4
2
5
5
6
3
3
1
4
2
3
3
2
5
5
5
1
1
1
3
3
2
3
4
5
2
4
3
2
1
4
2
1
1
6
5
6
4
6
2
3
3
2
1
5
4
2
3
4
5
2
4
3
2
2
4
2
3
4
3
4
3
4
1
2
4
2
1
4
1
5
2
2
1
3
1
1
1
6
2
5
4
2
7
7
4
3
4
2
3
2
1
4
2
2
2
3
2
5
4
3
5
6
4
1
2
2
4
0
4
2
4
1
1
4
2
1
1
4
6
5
3
1
7
2
2
3
2
1
2
1
3
2
1
3
2
4
1
3
1
7
1
3
0
3
2
5
1
1
3
1
3
3
3
3
1
3
2
4
2
3
5
4
4
4
2
5
3
3
2
4
1
2
3
2
3
2
3
3
3
2
5
6
7
4
4
10
8
8
3
5
7
8
6
13
9
16
19
19
16
14
15
16
26
28
24
34
27
37
44
56
48
52
54
56
67
83
89
81
80
60
98
82
88
83
86
79
89
71
79
67
67
77
75
57
60
65
50
44
45
24
31
21
27
17
10
12
11
7
4
5
4
4
5
2
0
2
3
3
2
1
0
1
2
2
0
1
1
1
1
1
0
1
0
0
0
2
1
1
0
1
1
1
2
0
0
2
1
3
1
1
1
3
0
2
0
0
0
2
0
1
1
1
2
0
0
2
0
0
1
1
0
1
0
0
0
2
1
3
0
3
0
0
0
0
1
1
0
1
0
0
1
1
0
2
1
1
2
1
2
0
0
0
0
0
1
0
1
0
0
0
0
0
0
1
0
1
1
0
2
1
0
1
0
0
0
1
0
0
0
0
3
0
0
0
1
0
0
0
3
0
1
1
1
1
0
0
1
0
1
0
0
4
0
1
0
0
1
1
2
2
0
1
0
0
1
2
0
1
1
0
0
1
0
0
0
0
1
1
2
1
1
0
1
0
1
1
1
1
1
0
0
1
1
0
1
0
0
0
0
0
0
2
1
0
1
0
0
0
0
0
0
0
0
1
1
0
1
0
2
1
0
2
0
0
0
2
0
0
1
0
1
0
1
0
1
0
1
0
2
0
0
0
0
1
0
0
0
2
0
1
0
1
0
2
0
0
0
0
0
1
0
1
0
0
1
0
0
0
0
0
1
3
3
0
0
1
0
0
2
0
1
0
0
1
0
0
0
0
0
1
1
2
0
3
2
1
0
1
0
0
0
1
0
0
1
1
0
0
0
0
0
0
1
0
1
1
0
0
2
1
1
1
0
1
0
1
1
0
0
1
0
0
0
1
0
1
0
0
1
0
1
0
0
0
0
1
0
0
0
1
1
1
0
1
0
1
1
1
0
0
0
1
1
1
0
1
1
0
0
0
0
1
0
3
0
0
1
0
0
1
0
0
0
1
0
0
0
0
0
0
0
1
1
0
0
1
0
2
1
0
1
1
0
0
0
0
0
1
0
1
1
0
0
0
0
2
0
0
2
0
0
0
0
0
0
0
1
0
2
0
0
1
0
0
0
0
0
0
1
0
1
3
1
0
1
0
1
1
2
0
0
1
0
0
0
0
1
1
0
0
0
1
2
0
0
0
0
0
0
1
0
0
0
1
1
0
0
0
0
0
1
0
0
0
1
0
0
1
0
0
0
1
0
0
1
0
0
0
1
1
1
1
2
0
1
0
1
1
0
1
0
0
0
0
0
0
0
0
0
0
1
0
0
1
1
0
1
0
0
0
0
0
0
2
0
0
0
0
0
0
0
0
1
1
1
2
0
0
1
0
0
0
0
1
0
1
0
1
0
0
2
0
1
2
0
0
0
0
1
0
0
1
0
0
0
0
0
1
0
1
1
1
0
1
0
1
0
1
0
0
0
0
0
0
0
0
1
0
0
0
0
1
0
1
0
0
0
0
0
1
0
0
1
1
0
1
3
0
0
0
0
0
0
0
0
0
0
0
0
0
2
1
0
0
0
0
0
2
0
0
0
0
1
0
2
1
0
1
0
0
1
1
0
1
0
1
0
1
0
0
1
0
0
2
0
0
0
0
0
0
0
0
0
1
0
1
1
2
0
1
1
0
0
0
0
0
1
0
0
0
0
0
0
1
0
0
0
1
0
0
0
1
0
1
0
0
0
1
1
1
0
1
0
3
0
0
0
0
0
0
0
0
0
0
0
1
0
1
0
0
1
0
0
1
1
0
0
0
0
0
0
0
0
0
0
0
0
0
1
0
1
0
0
0
0
1
0
0
0
0
0
0
1
0
0
0
1
0
0
0
1
0
0
0
0
0
1
0
0
0
0
0
0
1
0
0
0
0
0
0
0
0
0
0
0
2
1
2
2
2
0
0
0
0
0
0
0
0
0
1
1
0
0
0
1
0
1
2
0
0
0
1
0
0
0
0
1
0
2
0
0
0
0
0
0
1
0
0
0
0
0
0
1
0
1
0
0
0
0
1
0
1
0
0
1
0
1
0
0
0
0
0
1
1
0
0
1
0
0
0
0
0
1
0
0
1
2
0
0
0
0
0
1
0
0
0
1
0
0
0
0
0
0
0
2
0
1
0
1
0
0
0
0
0
0
0
0
0
0
0
0
0
0
0
0
0
0
0
0
0
0
0
0
0
0
0
0
0
0
0
0
0
0
0
0
1
0
0
0
0
1
0
0
0
0
1
0
0
0
0
0
0
1
0
0
0
0
0
0
0
0
0
0
0
0
0
0
1
0
0
0
0
0
1
0
0
0
0
0
0
0
0
0
0
0
1
0
1
0
1
0
0
0
0
0
2
0
0
0
0
1
1
0
1
0
0
0
0
1
0
3
0
0
0
0
0
0
0
1
0
1
0
1
0
0
0
0
0
0
0
0
0
1
0
0
0
0
0
0
0
0
0
0
0
0
0
0
0
0
0
0
0
1
0
0
1
1
0
1
0
0
0
0
1
0
1
0
0
1
1
1
0
0
0
0
0
0
0
0
0
1
1
0
0
0
0
0
0
0
0
0
2
0
0
0
1
0
0
0
0
0
0
0
0
0
0
0
0
1
1
0
0
1
0
0
0
0
0
0
0
0
0
0
0
0
0
0
0
0
0
0
0
0
0
0
1
0
0
0
0
0
0
0
0
0
1
0
0
0
0
1
0
0
1
0
0
1
0
0
0
0
0
0
0
0
0
1
0
0
1
0
0
0
0
0
0
0
1
1
0
0
0
0
0
1
0
0
0
2
0
0
0
0
0
0
0
0
0
0
0
0
0
0
0
0
0
0
0
0
1
2
0
0
1
0
0
0
0
0
0
0
0
0
0
0
0
1
0
1
1
0
0
0
0
0
0
0
0
1
1
0
1
1
0
0
0
0
0
0
0
0
0
0
0
1
0
0
0
0
0
0
0
0
0
0
1
0
0
1
0
0
0
1
0
0
0
0
0
0
1
0
0
0
1
0
0
1
0
0
0
0
0
0
0
0
0
0
0
0
0
0
2
0
0
0
0
0
0
0
0
0
0
0
0
0
0
0
0
0
0
0
0
0
0
0
0
0
0
1
0
0
0
0
0
0
0
0
0
0
0
0
0
1
0
0
0
0
0
0
0
0
0
0
0
0
0
0
0
0
0
0
0
1
0
0
0
0
0
0
0
0
0
0
0
0
0
0
0
0
0
0
1
1
0
0
0
1
0
0
0
0
0
0
0
0
0
0
0
0
1
0
1
0
0
0
0
2
0
0
0
1
0
0
0
0
0
0
0
0
0
0
0
1
0
0
0
0
0
0
0
0
0
0
0
0
0
0
1
1
0
0
0
0
0
1
0
0
0
0
0
0
0
0
0
0
0
0
0
0
0
0
1
0
0
0
0
0
0
0
0
0
0
0
0
0
0
0
0
0
0
1
0
1
0
0
0
0
0
0
0
0
1
0
0
0
0
0
0
0
0
0
0
0
0
0
0
0
0
1
1
0
0
0
0
0
0
0
0
0
0
0
0
1
0
0
0
0
1
0
0
0
0
0
0
0
0
0
0
0
0
0
0
0
0
0
0
0
0
0
0
0
0
0
0
0
0
0
1
0
0
0
0
0
0
0
0
0
0
0
0
0
0
0
0
0
0
1
0
0
0
0
0
0
0
0
0
0
0
0
0
0
0
1
0
0
0
0
1
0
0
0
1
0
0
0
0
0
0
0
0
0
0
1
0
0
0
0
1
0
0
0
0
0
0
0
0
0
0
0
0
0
0
0
0
0
0
0
0
0
0
0
0
0
0
1
0
0
0
1
0
0
0
1
0
0
0
0
0
0
0
0
0
0
0
0
0
0
0
0
0
0
0
0
0
0
0
0
0
0
1
0
0
0
1
0
0
0
0
0
0
0
0
0
0
1
0
0
0
0
0
0
0
0
1
0
0
0
0
0
1
0
0
0
0
0
0
0
0
0
0
0
0
1
0
0
0
0
0
0
0
0
0
1
1
0
1
0
0
0
0
0
0
0
0
0
0
0
0
0
0
0
0
0
0
0
0
0
0
0
0
0
0
0
0
0
0
0
0
0
0
0
0
0
0
0
0
0
0
0
0
0
0
0
0
0
0
0
0
0
0
0
0
0
0
0
0
0
0
0
0
0
0
0
0
0
0
0
0
1
0
0
0
0
0
0
0
0
0
0
0
0
0
0
0
0
0
0
0
0
0
0
0
0
0
0
1
0
0
0
0
0
0
0
0
0
1
0
0
0
0
0
0
0
0
0
0
0
0
1
0
0
0
0
0
1
0
0
0
0
0
0
0
0
1
0
0
0
0
0
0
0
0
0
0
0
0
0
1
0
0
0
1
0
0
0
0
0
0
0
0
0
0
0
1
0
0
0
0
0
0
0
0
0
0
0
0
0
0
0
0
0
0
0
0
1
0
0
0
0
1
0
0
0
0
0
0
0
0
0
0
0
0
1
0
0
0
1
0
1
0
0
0
0
0
0
0
0
0
0
0
1
0
0
0
0
0
0
1
0
0
0
0
0
0
0
0
0
0
1
0
0
0
0
0
0
0
0
0
0
0
0
0
0
0
0
0
0
0
0
0
0
0
0
0
0
0
0
0
0
0
0
0
0
0
0
0
0
0
0
0
0
0
0
0
0
0
0
1
0
0
1
0
0
0
0
0
0
0
0
0
0
0
0
0
0
0
0
0
0
0
0
0
0
0
0
0
0
0
0
0
0
0
0
0
0
0
0
1
0
0
0
0
0
0
0
0
0
0
0
0
0
0
0
0
0
0
0
0
0
0
0
0
1
0
0
0
0
0
0
0
0
0
0
0
0
0
0
1
1
0
0
1
0
1
0
0
0
0
1
0
0
0
1
1
0
1
0
0
0
0
1
0
0
0
0
1
1
0
1
0
2
0
0
0
0
1
0
0
1
0
0
0
1
0
0
0
0
0
0
0
0
0
0
0
0
0
0
0
0
0
0
0
0
0
0
0
0
0
0
0
0
0
0
0
0
0
0
1
0
0
0
0
0
0
0
0
0
0
0
0
0
0
0
0
0
0
0
0
0
0
0
0
0
0
0
0
0
0
0
0
0
0
0
0
0
0
0
0
0
0
0
0
0
0
0
0
0
0
0
0
0
0
0
0
0
0
0
0
0
0
0
1
0
0
0
0
0
0
0
0
0
0
0
0
0
0
0
0
0
0
1
0
0
0
0
0
0
0
0
0
0
0
0
0
0
0
0
0
0
0
0
0
0
0
0
0
0
0
0
0
0
0
0
0
0
0
0
0
0
0
0
0
0
0
0
0
1
0
0
0
0
0
0
0
0
0
0
0
0
0
0
0
0
0
0
0
0
0
0
0
0
0
0
0
0
0
0
0
0
0
0
0
0
0
0
0
0
0
0
0
0
0
0
0
0
0
0
0
0
0
0
0
0
0
0
0
0
0
0
0
0
0
0
0
0
0
0
0
0
0
0
0
0
0
0
0
0
0
0
1
0
0
0
0
0
0
0
0
0
0
0
0
0
0
0
0
0
0
0
0
0
0
0
0
0
0
0
0
0
0
0
0
0
0
0
0
0
0
0
0
0
0
0
0
0
0
0
0
0
0
0
0
0
0
0
0
0
0
0
0
0
0
0
0
0
0
0
0
0
0
0
0
0
0
0
0
0
0
0
0
0
0
0
0
0
0
0
0
0
0
0
0
0
0
0
0
0
0
0
0
0
0
0
0
1
0
0
0
0
0
0
0
0
0
0
0
0
0
0
0
0
1
0
0
0
1
0
1
0
0
0
0
0
0
0
0
0
0
0
0
0
0
0
0
0
0
0
0
0
0
0
0
0
0
0
0
0
0
0
0
0
0
0
0
0
0
0
0
0
0
0
0
0
0
0
0
0
0
0
0
0
0
0
0
0
0
0
0
0
0
0
0
0
0
0
0
0
0
0
0
0
0
0
0
0
0
0
0
0
0
0
0
0
0
0
0
0
0
0
0
0
0
0
0
0
0
0
0
0
0
0
0
0
0
0
0
0
0
0
1
0
0
0
0
0
0
0
1
0
0
0
0
0
0
0
0
0
0
0
0
0
0
0
0
0
0
0
0
0
0
0
0
0
0
0
0
0
0
0
0
0
0
0
0
0
0
0
0
0
0
0
0
0
0
0
0
0
0
0
0
0
0
0
0
0
0
0
0
0
0
0
0
0
0
0
0
0
0
0
0
0
0
0
0
0
0
0
0
0
0
0
0
0
0
0
0
0
1
1
0
0
0
0
0
0
0
0
0
0
0
0
0
0
0
0
0
0
0
0
0
0
0
0
0
0
0
0
0
0
0
0
0
0
0
0
0
0
0
0
0
0
0
0
0
0
0
0
0
0
0
0
0
0
0
0
0
0
0
0
0
0
0
0
0
0
0
0
0
0
0
0
0
0
0
0
0
0
0
0
0
0
0
0
0
0
1
0
0
0
1
0
0
0
0
0
0
0
0
0
0
0
0
0
0
0
0
0
0
0
0
0
0
0
0
0
0
0
0
0
0
0
0
0
0
0
0
0
0
0
0
0
1
0
0
0
0
0
0
0
0
0
0
0
0
0
0
0
0
0
0
0
0
0
0
0
0
0
0
0
0
0
0
0
0
0
0
0
0
0
0
0
0
0
0
0
0
0
0
0
0
0
0
0
0
0
0
0
0
0
0
0
0
0
0
0
0
0
0
0
0
0
0
0
0
0
0
0
0
0
0
0
0
0
0
0
0
0
0
0
0
0
0
0
0
0
0
0
0
0
0
0
0
0
0
0
0
0
0
0
0
0
0
0
0
0
0
0
0
0
0
0
0
0
0
0
0
0
0
0
0
0
0
0
0
0
0
0
0
0
0
0
0
0
0
0
0
0
0
0
0
0
0
0
0
0
0
0
0
0
0
0
0
0
0
0
0
0
0
0
0
0
0
0
0
0
0
0
0
0
0
0
0
0
0
0
0
0
0
0
0
0
0
0
0
0
0
0
0
0
0
0
0
0
0
0
0
0
0
0
0
0
0
0
0
0
0
0
0
0
0
0
0
0
0
0
0
0
0
0
0
0
0
0
0
0
0
0
0
0
0
0
0
0
0
0
0
0
0
0
0
0
0
0
0
0
0
0
0
1
0
0
0
0
0
0
0
0
0
0
0
0
0
0
0
0
0
0
0
0
0
0
0
0
0
0
0
0
0
0
0
0
0
0
0
0
0
0
0
0
0
0
0
0
0
0
0
0
0
0
0
0
0
0
0
0
0
0
0
0
0
0
0
0
0
0
0
0
0
0
0
0
0
0
0
0
0
0
0
0
0
0
0
0
0
0
0
0
0
0
0
0
0
0
0
0
0
0
0
0
0
0
0
0
0
0
0
0
0
0
0
0
0
0
0
0
0
0
0
0
0
0
0
0
0
0
0
0
0
0
0
0
0
0
0
0
0
0
0
0
0
0
0
0
0
0
0
0
0
0
0
0
0
0
0
0
0
0
0
0
0
0
0
0
0
0
0
0
0
0
0
0
0
0
0
0
0
0
0
0
0
0
0
0
0
0
0
0
0
0
0
0
0
0
0
0
0
0
0
0
0
0
0
0
0
0
0
0
0
0
0
0
0
0
0
0
0
0
0
0
0
0
0
0
0
0
0
0
0
0
0
0
0
0
0
0
0
0
0
0
0
0
0
0
0
0
0
0
0
0
0
0
0
0
0
0
0
0
0
0
0
0
0
0
0
0
0
0
0
0
0
0
0
0
0
0
0
0
0
0
0
0
0
0
0
0
0
0
0
0
0
0
0
0
0
0
0
0
0
0
0
0
0
0
0
0
0
0
0
0
0
0
0
0
0
0
0
0
0
0
0
0
0
0
0
0
0
0
0
0
0
0
0
0
0
0
0
0
0
0
0
0
0
0
0
0
0
0
0
0
0
0
0
0
0
0
0
0
0
0
0
0
0
2
2
0
0
1
1
2
0
1
0
1
4
0
1
0
1
1
0
0
1
1
1
1
0
2
1
1
0
0
0
2
2
0
0
0
0
0
1
0
1
1
0
0
0
3
0
1
0
0
0
1
0
1
1
1
0
0
0
0
0
1
0
1
1
0
1
0
0
1
1
1
2
0
0
0
0
0
0
0
0
0
0
1
0
0
0
1
0
0
0
1
0
1
0
1
0
0
0
0
0
3
0
2
0
0
1
0
0
0
0
1
2
0
0
0
1
0
3
0
1
1
1
1
1
1
0
0
0
