0
0
0
0
0
0
0
0
0
0
0
0
0
0
0
0
0
1
4
0
1
1
0
8
4
13
11
12
11
13
12
14
14
15
15
14
7
20
9
7
17
8
10
9
6
13
7
5
8
8
5
10
11
9
5
13
16
10
9
11
10
14
9
22
27
35
33
55
65
84
105
83
137
141
184
275
340
446
438
421
424
456
486
477
515
505
506
529
542
559
628
629
716
702
743
733
731
735
680
649
634
592
605
592
560
522
533
538
518
548
481
483
544
524
499
540
487
485
485
480
518
478
464
502
500
474
461
511
490
499
473
493
532
525
498
509
483
509
505
530
521
507
484
511
500
491
495
520
530
512
508
525
519
493
521
467
501
516
490
516
475
481
523
546
541
493
494
525
537
543
476
468
501
512
463
493
480
510
528
495
493
475
459
518
558
460
488
486
501
519
477
487
555
520
475
475
495
490
494
500
474
501
475
477
499
489
509
523
457
496
503
464
490
515
462
483
500
551
464
512
528
475
533
457
479
479
479
508
480
489
508
509
491
477
498
511
519
477
485
507
461
467
527
481
498
481
445
478
487
477
509
451
535
486
501
507
502
506
531
475
505
529
496
467
467
552
502
511
496
488
455
455
512
474
466
481
476
527
495
490
512
514
497
493
487
491
530
538
515
493
523
483
458
468
489
483
496
469
488
466
495
507
507
471
476
478
495
510
478
501
497
494
462
473
474
471
491
462
485
499
459
480
472
505
489
466
508
485
503
509
483
493
518
506
446
492
497
492
482
510
525
478
487
483
471
493
483
478
513
475
494
477
495
516
515
447
483
501
490
498
495
506
493
511
508
517
499
511
487
478
533
487
557
439
535
508
531
535
552
559
572
569
600
594
594
520
564
560
555
557
567
534
561
611
523
538
566
601
531
569
571
593
540
566
573
548
537
572
552
561
613
561
587
559
558
569
587
573
579
588
593
547
585
574
553
559
551
531
588
576
538
567
575
558
554
556
523
585
504
561
547
579
564
585
563
556
548
520
585
568
569
540
552
518
577
545
577
599
553
590
566
586
556
533
542
549
566
554
539
538
572
564
547
524
500
562
555
562
564
562
548
544
523
537
549
549
569
547
527
580
545
584
566
559
519
576
559
538
591
574
559
546
556
495
514
534
585
561
578
537
559
574
537
557
561
552
550
552
568
547
549
567
530
580
559
548
541
512
556
552
558
518
537
538
572
597
565
514
530
567
525
526
519
471
537
544
587
573
454
590
515
557
576
560
539
580
566
537
538
522
544
490
548
576
530
531
538
522
569
554
525
555
570
545
581
541
542
572
517
536
533
534
517
528
519
568
575
528
546
588
570
530
521
543
556
564
550
521
506
564
569
554
534
541
526
519
550
538
526
568
593
533
541
511
562
550
560
569
564
580
545
537
530
554
561
547
545
557
534
543
532
584
547
550
535
540
598
584
580
535
579
510
507
570
570
523
605
565
562
610
608
585
548
596
569
571
607
543
556
595
614
528
570
559
575
529
577
538
552
582
566
599
543
568
566
506
598
567
560
597
533
571
549
569
555
555
551
613
594
565
586
559
571
585
577
623
590
575
583
583
573
591
577
559
645
633
589
595
611
618
580
610
625
592
631
557
598
591
636
572
644
596
595
632
635
638
613
577
601
629
594
618
592
583
653
632
616
597
631
603
624
595
621
618
645
629
626
663
653
672
626
636
665
631
669
636
649
644
645
662
643
634
630
707
672
669
712
694
611
719
661
633
703
624
696
684
668
645
674
681
693
612
755
703
691
695
715
673
738
711
710
707
720
724
702
672
655
692
713
684
739
724
721
716
732
679
708
671
658
710
677
716
628
696
597
625
645
594
587
553
587
555
532
492
532
483
493
459
475
458
467
441
466
494
442
424
444
463
424
413
378
391
415
392
412
415
392
382
415
387
326
371
374
385
418
359
388
351
344
361
342
349
354
376
327
356
376
378
372
351
353
360
330
322
320
355
363
318
358
318
338
312
341
317
337
337
313
325
296
341
337
302
329
317
326
295
283
292
322
329
348
318
273
295
288
299
295
279
331
298
280
251
295
294
291
249
274
288
281
284
291
281
283
279
252
312
267
284
293
244
221
258
260
275
243
259
259
248
243
245
251
235
223
224
233
232
268
245
234
252
231
245
245
235
256
253
250
245
213
201
226
222
236
230
215
208
203
214
220
225
213
206
223
192
219
213
208
210
193
198
187
186
221
210
208
190
197
208
185
207
200
201
194
175
195
209
217
194
192
151
202
180
171
189
168
177
202
183
172
182
180
164
179
172
170
152
166
190
165
171
163
171
175
170
184
176
186
172
177
147
158
212
172
175
176
182
164
177
156
172
153
165
174
148
132
175
175
179
162
181
170
162
163
160
167
162
175
175
154
133
153
157
176
158
159
176
151
168
153
186
158
161
167
164
156
149
166
167
169
174
164
172
148
172
155
155
172
147
159
161
163
156
157
149
162
185
176
153
152
163
153
175
159
144
160
175
158
127
143
135
168
141
162
155
176
157
162
141
156
134
152
149
150
172
171
151
134
161
141
156
167
176
153
152
156
138
157
150
154
136
175
154
151
155
167
141
161
136
160
159
164
164
158
159
151
148
139
154
152
142
134
145
154
137
164
138
157
146
150
168
160
147
146
143
143
150
153
152
143
140
139
144
164
149
134
131
143
160
153
141
148
157
143
159
138
159
124
153
145
143
155
142
148
155
137
144
144
146
140
126
143
120
146
118
118
148
137
127
144
170
145
145
149
134
136
169
164
155
123
140
145
135
127
193
152
156
138
168
174
185
235
218
231
304
386
482
529
810
1100
1537
2118
2999
4032
5269
6828
8242
9935
11373
12369
12945
13348
12852
12184
10762
9371
7902
6299
4848
3666
2725
1920
1435
1104
830
659
521
414
364
317
269
230
211
193
152
154
156
148
151
135
137
116
105
116
111
107
120
112
124
102
93
127
89
98
101
90
116
126
79
100
91
103
102
87
98
107
109
95
96
89
114
77
97
104
106
95
90
93
101
95
103
88
83
105
104
101
87
115
101
91
102
102
93
98
93
109
104
76
99
89
110
97
104
96
101
86
88
97
81
88
103
109
91
85
85
90
85
79
95
94
90
77
94
92
96
89
85
78
99
89
88
102
78
80
94
81
105
107
94
84
80
103
109
85
89
96
69
89
89
87
91
104
97
90
78
92
89
68
111
81
90
89
106
73
97
87
122
78
102
81
89
122
72
97
112
112
99
107
91
96
87
109
97
96
96
96
102
102
88
81
82
76
81
95
60
90
84
89
96
83
91
74
76
93
68
84
108
87
83
76
80
84
82
66
75
82
84
108
69
79
93
77
89
84
76
74
81
100
85
86
78
75
87
70
81
78
78
73
79
82
82
70
83
65
88
72
96
78
86
85
98
76
69
74
72
85
85
80
86
82
77
80
73
91
81
91
92
69
91
72
83
74
71
65
83
92
91
84
80
69
81
89
70
91
87
82
93
84
83
82
85
57
86
91
84
88
79
85
83
67
79
64
77
64
91
80
81
75
81
74
75
79
81
88
80
92
76
94
70
67
88
70
75
74
86
81
64
86
82
60
76
63
87
79
82
85
86
71
92
86
79
64
67
75
93
81
74
73
91
88
69
86
81
70
88
67
86
87
87
79
82
79
78
70
89
69
84
73
79
69
74
84
82
75
89
73
63
77
74
73
72
92
71
77
82
100
77
82
85
68
75
61
80
71
79
74
79
73
68
83
70
89
66
66
67
68
79
74
75
75
85
86
84
79
80
63
74
94
71
97
76
77
80
76
67
79
74
80
97
71
74
83
79
75
80
83
68
75
86
78
87
77
72
70
74
87
92
57
82
68
72
62
89
77
84
75
74
69
82
74
83
86
97
83
65
77
87
94
89
79
91
84
87
95
65
73
86
83
80
84
65
77
76
110
82
88
90
65
76
81
79
84
86
72
90
90
72
88
88
76
79
92
82
82
83
76
68
87
82
82
81
80
84
60
78
79
76
91
78
72
79
92
76
71
82
71
84
96
77
75
76
94
67
79
80
77
84
90
73
79
79
96
93
86
89
64
82
80
62
82
82
72
92
71
74
75
82
83
87
91
78
71
88
80
77
79
86
78
92
78
81
78
82
67
72
89
67
88
76
79
76
85
73
76
97
85
96
75
78
90
85
74
79
77
77
76
65
85
79
84
88
95
87
80
84
90
78
88
94
78
75
88
85
81
80
71
83
83
83
73
83
85
81
70
82
79
77
72
89
68
75
73
80
94
76
63
87
94
69
76
81
86
96
78
109
72
94
83
82
86
68
81
77
82
88
81
90
79
79
84
109
97
85
78
94
87
85
93
76
92
80
85
85
84
75
80
91
73
108
92
93
93
77
82
84
68
77
89
80
88
82
72
82
64
92
78
71
84
78
83
84
79
92
92
76
83
74
85
93
74
82
87
83
96
82
71
87
76
93
77
89
84
82
78
90
80
87
75
83
82
84
80
82
77
85
82
85
89
80
79
76
88
86
73
89
81
82
74
77
87
100
90
84
96
90
90
92
99
84
69
76
99
86
91
78
87
95
94
83
80
82
88
75
84
84
77
84
72
69
82
80
88
91
69
76
78
87
92
89
78
88
77
84
83
89
85
96
74
72
103
80
89
67
90
89
76
82
83
99
87
79
84
66
90
94
83
79
94
83
92
98
82
81
82
83
81
98
82
110
101
67
75
89
76
74
83
75
103
88
79
60
93
91
95
104
87
91
70
90
89
79
106
101
95
100
103
74
98
82
83
94
104
106
94
81
83
81
94
93
80
103
93
95
93
86
104
84
94
82
90
62
95
76
94
82
86
76
99
78
87
104
104
95
93
86
96
113
83
101
70
86
95
92
103
83
93
81
92
92
91
87
98
80
94
100
91
89
88
88
98
95
87
83
76
84
87
80
91
94
90
98
72
101
79
83
80
90
95
99
98
98
89
99
101
89
88
95
90
99
85
81
91
88
92
99
102
80
73
96
98
91
90
81
79
82
95
88
85
88
97
113
86
96
105
95
94
107
87
92
101
100
74
101
86
85
98
99
92
113
88
92
84
83
101
93
73
99
80
92
100
82
98
86
72
104
104
116
111
89
87
101
110
99
112
94
87
104
98
86
97
90
102
91
92
107
104
93
78
91
105
109
96
100
84
96
93
95
97
108
114
96
115
93
97
114
95
136
93
99
87
100
91
113
119
104
98
90
107
99
109
98
116
94
113
94
142
87
96
96
82
113
100
107
102
101
103
101
89
92
95
112
120
113
110
105
104
102
109
85
101
107
111
97
90
93
107
86
100
109
107
99
98
119
88
96
124
101
101
109
101
114
109
100
98
130
100
117
112
111
115
97
97
107
90
101
101
83
119
102
114
112
105
90
90
101
127
110
99
93
100
113
92
95
105
112
117
111
99
109
123
104
108
120
121
96
120
103
119
100
88
86
116
105
123
95
109
115
131
116
103
132
121
118
96
109
106
141
102
129
102
120
108
112
111
128
94
124
109
109
110
111
114
122
104
115
100
126
127
94
121
105
115
125
111
95
117
120
125
113
119
113
113
114
113
117
108
102
116
125
102
101
122
112
139
112
117
131
131
128
122
111
128
104
92
108
115
112
112
115
107
118
113
99
124
131
117
123
120
120
133
126
126
125
115
120
147
119
115
125
124
132
141
135
124
122
128
111
137
119
131
150
136
101
124
116
131
138
132
150
119
123
122
114
124
127
124
121
136
135
143
155
118
117
134
140
152
133
142
134
128
138
120
127
119
131
154
129
137
130
129
159
148
135
143
145
154
154
149
136
135
134
160
131
137
153
140
163
137
151
146
149
122
130
163
119
141
145
135
130
157
162
139
148
158
129
135
130
160
131
155
134
146
125
158
158
149
163
152
152
151
139
160
133
174
126
164
146
152
177
145
141
153
166
138
161
151
155
119
143
152
149
166
147
168
153
177
157
132
143
142
167
158
155
160
170
157
146
159
169
142
177
169
153
143
169
168
159
166
191
156
146
181
154
150
163
158
175
148
154
153
168
162
162
170
163
148
127
140
141
166
147
134
153
132
146
159
142
150
120
116
144
129
137
122
128
115
122
121
103
108
99
111
107
94
107
120
91
111
99
103
97
124
93
78
103
92
79
117
98
98
91
110
99
103
99
113
85
77
105
84
85
93
109
105
102
101
79
92
105
100
115
87
95
104
91
110
92
93
110
86
92
92
68
120
87
106
96
95
97
78
96
81
99
86
99
95
96
66
81
106
92
85
78
76
104
101
85
98
84
83
83
77
87
81
100
86
74
85
82
79
72
89
80
67
80
79
111
78
74
97
91
74
86
70
98
103
85
82
95
84
78
72
87
58
83
75
72
56
83
64
69
69
82
76
79
80
77
83
81
79
68
67
76
74
74
94
96
80
72
82
90
79
70
86
65
61
61
79
79
77
67
66
67
85
80
56
69
64
64
73
70
79
76
67
72
64
64
83
57
59
69
71
64
57
78
64
68
65
63
57
63
58
64
62
63
61
75
63
65
78
69
68
72
58
62
66
43
58
60
63
62
43
46
49
51
53
59
43
50
56
55
60
59
48
52
60
53
55
43
45
55
52
58
50
64
45
46
34
61
62
55
57
42
57
42
46
52
45
56
45
37
46
66
52
39
44
41
49
46
43
34
47
47
44
46
33
51
41
45
39
46
39
43
48
40
40
43
39
55
48
47
50
45
43
39
28
46
43
42
25
36
36
48
26
47
40
35
44
38
43
28
39
38
37
52
34
32
31
39
29
44
38
29
48
34
40
35
29
36
45
35
31
38
35
36
35
32
35
36
23
46
46
33
31
23
27
35
35
31
27
44
31
27
46
35
46
34
35
31
33
27
35
35
37
42
32
30
29
27
38
33
33
39
30
29
31
33
32
38
26
44
35
33
33
30
27
24
39
36
36
40
22
41
30
35
29
31
35
39
25
35
35
27
26
33
28
31
40
36
36
39
30
29
29
38
37
38
33
36
43
37
33
38
32
36
26
23
28
34
43
27
33
31
30
32
31
30
31
32
31
32
27
25
27
33
33
27
32
34
36
38
33
35
40
37
33
32
32
29
32
36
23
28
22
38
42
36
29
38
30
35
23
27
24
30
32
28
34
25
24
25
29
29
32
25
28
31
28
35
24
34
31
27
31
19
35
31
31
47
31
25
22
29
36
33
23
30
21
35
37
35
31
38
32
40
36
29
26
25
15
38
27
36
38
35
36
29
37
47
43
44
51
46
67
75
83
80
91
104
106
148
148
212
229
272
355
466
586
722
857
1023
1096
1250
1407
1516
1536
1444
1500
1591
1702
1661
1713
1627
1756
1722
1575
1527
1456
1271
1018
849
644
505
408
319
194
139
123
100
80
65
59
54
57
57
52
46
38
42
43
52
43
36
42
38
45
32
34
26
27
32
43
32
36
32
28
40
28
29
28
35
42
27
28
36
39
32
36
29
32
33
29
38
37
35
19
30
27
35
41
30
33
26
29
31
29
28
31
22
24
23
30
20
32
30
31
18
40
17
33
29
24
26
26
23
29
35
28
34
27
35
32
21
29
19
23
38
21
28
28
41
31
28
29
38
29
31
30
22
32
30
23
22
25
30
27
26
24
29
27
16
29
27
28
38
29
20
29
21
30
25
26
19
28
30
32
32
28
25
19
27
29
23
24
27
27
28
23
17
25
23
29
31
30
35
25
22
22
25
38
23
29
26
27
23
23
28
21
23
18
29
32
20
24
21
29
34
20
36
28
22
24
24
22
24
18
24
20
26
26
26
19
14
23
18
21
31
23
24
28
25
23
28
27
35
28
31
19
16
22
24
18
22
23
21
15
30
31
21
23
17
19
28
24
17
25
23
24
27
17
20
15
30
26
27
14
23
20
14
21
22
20
25
20
20
18
23
21
29
21
16
25
25
23
22
23
27
21
17
23
16
22
21
27
23
19
27
11
28
27
19
29
19
20
27
25
20
28
25
22
24
16
24
15
17
19
21
17
23
18
19
29
20
23
16
25
31
15
25
17
18
22
17
25
23
23
16
17
20
24
24
17
12
24
26
22
20
21
25
20
11
25
18
21
27
23
19
11
18
18
21
23
15
16
22
15
21
16
27
21
21
22
21
15
18
22
14
23
15
22
17
18
15
13
21
17
19
23
12
18
25
20
25
15
20
21
15
14
21
19
19
27
23
23
14
13
24
20
18
23
25
16
18
23
19
14
23
14
16
11
18
16
14
19
12
16
19
13
11
14
23
19
17
26
25
22
23
14
14
24
14
28
14
12
27
19
17
17
15
19
21
27
18
12
17
20
8
20
20
18
19
18
25
21
27
19
20
19
19
16
24
22
14
20
27
22
15
9
19
17
22
17
12
12
17
22
13
18
27
25
27
20
22
18
34
18
29
30
22
24
22
21
22
20
25
31
29
18
20
29
19
20
25
21
27
19
15
12
12
12
22
16
17
16
22
25
24
19
21
21
30
11
22
14
16
19
27
12
21
22
13
17
22
17
21
24
27
23
18
13
21
12
14
22
20
17
10
20
15
22
34
18
16
18
18
18
23
30
17
20
18
19
25
25
17
13
14
24
23
14
16
19
20
18
18
18
24
21
23
19
23
21
18
22
20
24
18
23
19
23
23
20
18
22
12
23
19
17
27
17
18
11
18
24
23
21
20
21
17
22
18
24
21
22
16
30
18
15
26
28
12
17
23
21
25
18
24
24
15
21
23
12
22
18
15
20
24
22
17
17
13
20
21
18
13
17
27
17
19
18
22
19
19
21
18
18
12
16
24
20
15
23
20
19
18
24
15
16
28
14
20
19
20
21
19
26
19
22
20
16
21
20
24
13
16
22
18
15
21
17
23
15
19
12
20
26
17
24
22
18
12
23
22
21
11
24
20
13
19
14
23
15
27
30
20
21
23
26
12
23
16
23
12
20
15
19
28
20
26
21
19
18
25
13
16
19
28
13
27
19
21
25
13
13
23
28
18
19
16
16
19
14
18
14
15
13
14
15
24
24
26
16
20
16
25
20
12
25
25
22
21
26
15
19
21
16
23
14
17
9
12
20
14
21
12
14
14
19
18
15
23
18
14
18
18
19
17
17
16
21
17
16
15
18
8
22
23
19
13
10
18
20
13
12
9
20
12
14
16
13
23
19
18
10
20
19
17
16
16
18
20
13
23
12
15
21
19
20
17
16
18
16
20
24
19
18
20
21
11
14
21
13
18
13
17
14
23
16
13
14
17
9
17
16
16
11
18
15
15
17
14
19
12
14
13
15
18
17
11
14
11
10
15
8
11
17
16
15
13
16
13
11
10
18
9
10
14
17
12
9
9
9
7
8
9
17
12
15
6
8
11
11
8
16
11
8
12
9
9
8
8
10
10
12
12
6
13
10
10
9
6
5
5
8
10
10
7
8
7
9
10
8
9
9
11
11
7
9
7
5
9
12
7
8
10
11
7
8
7
5
8
12
7
4
8
4
9
6
5
9
9
7
6
6
11
6
10
4
9
9
12
7
7
8
7
10
4
9
5
7
12
4
5
4
7
8
5
6
8
8
7
4
6
6
8
1
2
9
3
2
5
9
5
9
10
6
3
9
3
2
6
4
9
6
4
2
4
5
8
5
4
8
5
7
6
9
6
3
5
3
3
5
4
5
3
5
4
6
10
4
4
3
4
3
7
3
5
5
5
1
6
2
2
3
3
5
2
5
4
5
1
3
3
4
3
3
4
5
4
1
5
1
4
0
7
5
2
3
8
1
5
1
3
6
3
2
0
2
3
4
0
5
8
5
3
5
2
6
5
3
0
2
1
7
2
5
2
3
4
1
3
3
3
5
3
2
5
1
6
5
2
2
4
6
1
7
1
2
5
4
5
5
1
4
3
3
3
0
1
5
2
4
1
4
3
3
4
1
5
3
4
5
0
5
2
1
6
2
3
2
5
3
2
5
1
3
3
2
2
0
1
6
3
6
4
2
3
4
3
3
2
2
3
4
1
3
2
4
3
2
3
4
5
6
2
4
1
0
2
1
3
3
4
2
3
5
3
4
4
2
3
2
2
3
6
2
5
3
2
2
3
0
4
1
5
2
4
4
4
3
2
3
1
3
3
2
5
4
0
3
1
2
1
4
4
1
3
5
2
1
4
2
5
4
3
1
2
6
3
4
2
3
3
8
3
5
4
1
3
1
7
4
5
7
3
3
3
5
1
5
7
4
3
7
7
12
8
9
10
15
12
8
8
17
20
16
21
20
30
28
44
48
45
45
40
65
50
72
65
71
82
77
90
98
80
113
83
88
82
83
102
95
93
66
73
88
84
63
56
38
57
43
47
31
21
25
21
24
12
10
5
8
5
6
7
2
0
4
1
5
0
1
3
0
0
1
1
2
1
0
0
4
2
1
0
1
0
0
1
0
1
2
2
2
1
1
1
1
0
1
0
2
3
2
2
1
1
2
1
2
2
3
0
1
1
1
0
0
2
0
0
0
1
4
2
0
0
1
0
0
0
1
3
0
0
1
0
1
1
0
0
0
0
0
0
2
0
2
0
1
1
1
1
0
0
2
0
1
2
0
1
1
0
0
0
1
1
0
0
2
1
0
1
0
1
2
0
2
0
0
0
0
0
1
0
0
1
2
1
1
0
2
1
1
3
1
0
0
1
1
0
0
0
0
1
2
3
0
0
1
1
1
0
1
1
2
2
1
1
0
1
1
0
1
3
3
2
0
1
0
0
0
1
0
0
0
0
2
0
0
0
1
0
0
2
0
1
1
2
0
3
1
0
0
0
1
1
1
0
0
1
0
0
2
0
0
1
2
1
0
0
1
1
1
1
0
0
1
0
1
0
0
0
0
1
0
0
0
0
0
0
1
1
1
1
1
2
1
1
1
0
0
1
1
1
0
0
0
2
0
0
0
1
0
1
0
2
0
1
0
1
1
2
1
1
0
0
0
0
0
0
1
0
0
2
0
0
1
1
0
0
0
1
0
1
2
1
3
0
0
0
0
0
0
0
1
1
0
0
1
0
0
0
0
0
0
0
1
1
0
0
1
2
1
0
1
1
2
1
0
0
0
1
0
0
0
0
0
0
0
0
0
1
0
1
0
1
0
0
2
0
1
4
0
0
0
1
0
0
1
0
0
0
0
0
0
0
1
0
2
0
0
1
0
0
0
0
0
0
0
0
1
1
3
0
0
0
0
0
0
0
1
1
1
0
0
0
1
0
0
0
0
0
0
0
0
0
3
1
2
0
0
1
0
0
2
1
0
0
1
0
0
1
0
1
0
0
0
1
0
0
0
0
2
0
0
0
0
0
0
0
0
2
1
0
0
0
2
0
0
2
0
1
1
2
0
1
1
0
0
2
1
2
0
0
0
1
0
0
2
1
2
1
1
1
0
0
0
3
0
2
0
0
0
0
1
0
0
0
0
1
1
1
1
0
0
0
0
0
1
1
1
1
0
0
0
1
2
0
1
1
1
0
0
0
0
0
0
1
0
0
0
1
1
0
1
0
0
1
1
0
0
0
0
0
0
0
0
0
0
0
0
2
0
0
1
0
0
0
0
0
0
0
1
0
0
0
0
0
0
0
0
0
1
0
0
1
1
0
1
0
0
0
1
1
0
0
1
0
0
1
1
0
1
1
1
0
0
0
2
0
0
1
1
0
0
0
0
1
0
0
0
0
0
1
0
0
0
1
0
1
0
0
0
2
0
1
0
0
0
0
0
0
0
0
0
0
0
1
0
0
1
0
1
1
0
1
0
1
0
0
0
0
0
0
0
0
0
1
1
0
0
0
0
0
1
0
0
1
1
0
1
0
0
0
0
0
0
0
0
0
0
1
0
0
0
0
0
0
0
0
0
0
0
0
0
0
0
0
0
0
0
0
1
0
1
0
0
0
0
0
0
0
0
1
0
0
0
0
0
0
1
0
0
1
0
0
0
0
0
0
0
1
0
1
1
0
1
1
0
0
0
0
0
0
1
1
0
0
1
0
0
0
2
0
0
0
0
0
0
0
0
0
0
0
1
0
0
0
0
0
1
0
1
0
1
1
0
1
0
0
0
1
0
0
0
0
0
0
0
0
0
0
0
0
1
1
0
0
0
0
0
0
0
0
0
0
1
0
1
0
0
0
0
3
0
1
0
2
0
0
0
0
0
0
0
0
0
0
0
0
1
0
1
0
1
0
0
0
0
0
0
0
0
0
0
0
0
2
1
1
0
0
0
0
1
1
0
0
1
0
1
1
0
1
0
0
0
1
3
0
0
0
0
1
0
0
0
0
0
0
0
1
0
0
0
0
0
0
0
0
0
0
0
0
1
1
0
0
0
0
0
0
0
0
0
2
0
0
0
1
0
2
0
0
1
0
0
1
0
0
0
0
0
0
0
0
0
0
0
0
0
1
0
1
0
0
0
1
0
0
0
0
1
0
0
1
0
0
0
0
0
0
0
0
0
0
0
0
0
1
0
1
0
0
0
0
0
0
0
0
2
0
1
1
0
0
0
0
0
0
0
0
0
1
0
0
0
0
1
0
0
0
1
1
0
0
0
0
0
0
0
0
0
1
0
1
1
0
1
0
0
1
0
0
0
0
0
0
0
2
0
0
0
0
2
0
0
0
1
0
1
0
0
1
0
0
0
0
2
0
0
0
0
0
0
0
0
0
1
0
1
0
1
0
0
0
0
0
0
0
0
0
0
0
0
1
0
0
0
1
0
2
0
0
0
0
0
0
1
0
0
0
0
1
0
0
0
0
0
0
0
0
0
0
1
0
0
0
0
0
0
1
1
0
0
0
2
0
1
1
0
0
0
0
0
0
1
0
0
1
1
0
0
0
0
0
2
0
0
0
0
1
0
0
0
0
1
0
0
1
0
0
1
1
0
1
0
0
0
0
0
0
0
0
0
0
0
0
0
1
0
0
0
0
0
2
0
0
0
0
0
1
0
0
1
0
1
0
0
0
0
0
0
1
0
0
0
0
0
0
0
0
0
1
0
1
0
0
0
0
0
0
0
0
0
1
0
0
0
0
0
0
0
0
2
0
1
0
2
0
0
0
0
0
0
0
0
0
0
0
0
0
1
1
0
1
1
0
0
0
0
0
0
0
1
1
0
0
0
0
0
0
0
0
0
0
0
0
0
0
0
0
0
0
1
0
0
0
0
0
1
1
0
0
0
2
0
0
2
0
0
0
0
1
0
0
0
0
0
0
0
0
0
0
0
0
0
0
0
1
0
0
0
0
0
0
0
1
0
0
0
1
0
0
0
0
0
0
0
0
0
0
1
0
0
1
0
0
0
0
0
0
0
0
0
0
0
0
0
0
0
1
1
0
1
1
0
0
0
1
1
0
0
0
0
0
0
0
0
0
0
0
0
1
0
0
0
0
0
0
0
0
0
0
0
0
0
0
0
0
0
0
0
0
0
0
0
0
0
0
0
0
0
0
0
0
0
0
0
0
0
0
0
0
0
0
0
0
0
0
0
0
1
0
1
1
0
0
0
0
1
0
0
0
0
0
0
1
1
0
0
0
0
0
1
0
1
0
0
0
0
0
0
0
0
0
0
0
0
0
0
0
0
0
0
1
0
0
0
0
0
0
0
0
0
0
0
0
0
0
0
0
0
0
0
0
1
0
0
0
0
0
0
1
1
0
0
2
1
0
0
0
0
0
1
0
0
0
1
0
0
1
0
1
0
0
0
0
0
0
0
0
0
0
0
0
0
0
0
0
0
0
0
0
0
0
0
2
0
0
0
1
0
0
0
0
0
0
0
0
0
0
0
0
0
0
0
0
0
0
0
0
0
2
0
0
0
0
0
0
0
0
1
0
0
0
0
0
0
0
1
0
0
0
1
0
0
0
0
0
0
0
0
0
0
0
1
0
0
0
1
0
0
0
0
0
0
0
0
1
0
0
0
0
0
0
0
1
1
0
0
0
0
0
0
0
0
0
0
0
1
0
0
0
0
0
0
1
0
0
0
0
0
0
1
0
0
0
0
0
0
0
0
0
0
0
0
1
0
0
0
0
0
0
0
0
0
0
0
0
0
0
0
0
0
0
0
0
0
1
0
0
0
0
0
0
0
0
0
0
0
0
0
0
0
0
1
0
0
0
0
0
0
0
0
0
0
0
0
0
1
1
1
0
0
0
0
0
1
0
0
0
0
0
0
0
1
0
0
0
0
0
0
0
0
1
0
0
0
0
0
0
0
0
0
0
1
0
1
0
0
0
0
0
0
0
0
0
0
0
0
0
0
0
0
0
0
0
0
0
0
0
0
0
0
0
0
0
0
0
0
0
0
0
0
0
0
0
0
0
0
0
0
0
1
0
0
1
0
0
0
0
2
0
0
0
0
0
0
0
0
0
0
0
0
0
0
0
2
0
0
0
0
0
0
1
0
0
0
0
0
0
0
1
0
0
0
0
0
0
0
0
0
0
0
0
0
0
0
0
0
0
1
0
0
0
0
0
0
0
0
0
0
0
0
0
0
0
0
0
0
0
0
0
0
0
0
0
0
0
0
0
0
0
0
0
0
0
0
0
1
0
0
0
0
0
0
0
0
0
0
0
0
0
0
0
0
1
0
0
0
0
0
0
0
0
0
0
0
0
0
0
0
0
0
0
0
0
0
0
0
0
0
0
0
0
0
0
0
1
0
0
0
0
0
0
1
0
0
0
0
0
0
0
0
0
0
0
0
0
0
0
0
0
0
0
0
0
0
0
0
0
0
0
0
0
0
1
0
0
1
0
0
0
0
0
0
0
0
0
0
0
0
0
0
0
0
0
0
0
0
0
0
0
1
0
0
0
0
0
0
0
1
0
0
0
0
0
0
0
0
0
0
0
0
0
0
0
0
0
0
0
0
0
0
0
0
0
1
0
0
0
0
0
0
0
0
0
0
0
0
0
0
0
0
0
0
0
0
0
0
0
0
0
0
0
0
0
0
0
0
0
1
0
0
0
0
0
0
0
0
0
0
0
0
0
0
0
0
0
0
0
0
0
0
0
0
0
0
0
0
0
0
0
0
0
0
0
0
0
0
0
0
0
0
0
0
0
0
0
0
1
0
0
0
0
1
0
0
0
0
0
3
0
0
0
0
0
0
2
0
0
1
0
0
0
1
0
0
1
1
1
1
0
0
0
1
1
0
0
0
0
0
1
0
0
1
1
2
0
0
0
0
0
0
0
0
0
0
1
0
0
0
0
0
0
0
0
0
0
0
0
0
0
0
0
0
0
0
0
0
0
0
0
0
0
0
0
0
0
0
0
0
0
0
0
0
0
0
0
0
0
0
0
0
0
0
0
0
0
0
0
0
0
0
0
0
0
0
0
0
0
0
0
0
0
0
0
0
0
0
0
0
0
0
0
0
0
0
0
0
0
0
0
0
0
0
0
0
0
0
0
0
0
0
0
0
0
0
0
0
0
0
0
0
0
0
0
0
0
0
0
0
0
0
0
0
0
0
0
0
0
0
0
0
0
0
0
0
0
1
0
0
0
0
0
0
0
0
0
0
0
0
0
0
0
0
1
0
0
0
0
0
0
0
0
0
0
0
0
0
0
0
0
0
0
0
0
0
0
0
0
0
0
0
0
0
0
0
0
0
0
0
0
0
0
0
0
0
0
0
0
0
0
1
0
0
0
0
0
0
0
0
0
0
0
0
0
0
0
0
0
0
0
0
0
0
0
0
0
0
0
0
0
0
0
0
0
0
0
0
0
0
0
0
0
0
0
0
0
0
0
0
0
0
0
0
0
0
0
0
0
0
0
0
0
0
0
0
0
0
0
0
0
0
0
0
0
0
0
0
0
0
0
0
0
0
0
0
0
0
1
0
0
0
0
0
0
0
0
0
0
0
0
0
0
0
0
0
0
0
0
0
0
0
0
0
0
0
0
0
0
0
0
0
0
0
0
0
0
0
0
0
0
0
0
0
0
0
0
0
0
0
0
0
0
0
0
0
0
0
0
0
0
0
0
0
0
0
0
0
0
0
0
1
0
0
0
0
0
0
0
0
0
1
0
0
0
0
0
0
0
0
0
1
0
0
0
0
0
0
0
0
0
0
0
0
0
0
1
0
0
0
0
0
0
0
0
0
0
1
0
0
0
0
0
0
0
0
0
0
0
0
0
0
0
0
0
0
0
0
0
0
0
0
0
0
0
0
0
0
0
0
0
0
0
0
0
0
0
0
0
0
0
0
0
0
0
0
0
0
0
0
0
0
0
0
0
0
0
0
0
0
0
0
0
0
0
0
0
0
0
0
0
0
0
0
0
0
0
0
0
0
0
0
0
0
0
0
0
0
1
0
0
0
0
0
0
0
0
0
0
0
0
0
0
0
0
0
0
0
0
0
0
0
0
0
0
0
0
0
0
0
0
0
0
0
0
0
0
0
0
0
0
0
0
0
0
0
0
0
0
0
0
0
0
0
1
0
0
0
0
0
0
0
0
0
0
0
0
0
0
0
0
0
0
0
0
0
0
0
0
0
0
0
0
0
0
0
0
0
0
0
0
0
0
0
0
0
0
0
0
0
0
0
0
0
0
0
0
0
0
0
0
0
0
0
0
0
0
0
0
0
0
0
0
0
0
0
0
0
0
0
0
0
0
0
0
0
0
0
0
0
0
0
0
0
0
0
0
0
1
0
0
0
0
1
0
0
0
0
1
0
0
0
0
0
0
0
0
0
0
0
0
0
0
0
0
0
0
0
0
0
0
0
0
0
0
0
0
0
0
0
0
0
0
0
0
0
0
0
0
0
0
0
0
0
0
0
0
0
0
0
0
0
0
0
0
0
0
0
0
0
0
0
0
0
0
0
0
0
0
0
0
0
0
0
0
0
0
0
0
0
0
0
0
0
0
0
0
0
0
0
0
0
0
0
0
0
0
0
0
0
0
0
0
0
0
0
0
0
0
0
0
0
0
0
0
0
0
0
0
0
0
0
0
0
0
0
0
0
0
0
0
0
0
0
0
0
0
0
0
0
0
0
0
0
0
0
0
0
0
0
0
0
0
0
0
0
0
0
0
0
0
0
0
0
0
0
0
0
0
0
0
0
0
0
0
0
0
0
0
0
0
0
0
0
0
0
0
0
0
0
0
0
0
0
0
0
0
0
0
0
0
0
0
0
0
0
0
0
0
0
0
0
0
0
0
0
0
0
0
0
0
0
0
0
0
0
0
0
0
0
0
0
0
0
0
0
0
0
0
0
0
0
0
0
0
0
0
0
0
0
0
0
0
0
0
0
0
0
0
0
0
0
0
0
0
0
0
0
0
0
0
0
0
0
0
0
0
0
0
0
0
0
0
0
0
0
0
0
0
0
0
0
0
0
0
0
0
0
0
0
0
0
0
0
0
0
0
0
0
0
0
0
0
0
0
0
0
0
0
0
0
0
0
0
0
0
0
0
0
0
0
0
0
0
0
0
0
0
0
0
0
0
0
0
0
0
0
0
0
0
0
0
0
0
0
0
0
0
0
0
0
0
0
0
0
0
0
0
0
0
0
0
0
0
0
0
0
0
0
0
0
0
0
0
0
0
0
0
0
0
0
0
0
0
0
0
0
0
0
0
0
0
0
0
0
0
0
0
0
0
0
0
0
0
0
0
0
0
0
0
0
0
0
0
0
0
0
0
0
0
0
0
0
0
0
0
0
0
0
0
0
0
0
0
0
0
0
0
0
0
0
0
0
0
0
0
0
0
0
0
0
0
0
0
0
0
1
0
0
0
0
0
0
0
0
0
0
0
1
0
0
0
0
0
0
0
0
0
0
0
0
0
0
0
0
0
0
0
0
0
0
0
0
0
0
0
0
0
0
0
0
0
0
0
0
0
0
0
0
0
0
0
0
0
0
0
0
0
0
0
0
0
0
0
0
0
0
0
0
0
0
0
0
0
0
0
0
0
0
0
0
0
0
0
0
0
0
0
0
0
0
0
0
0
0
0
0
0
0
0
0
0
0
0
0
0
0
0
0
0
0
0
0
0
0
0
0
0
0
0
0
0
0
0
0
0
0
0
0
0
0
0
0
0
0
0
0
0
0
0
0
0
0
0
0
0
0
0
0
0
0
0
0
0
0
0
1
0
0
0
0
0
0
0
0
0
0
0
0
0
0
0
0
0
0
0
0
0
0
0
0
0
0
0
0
0
0
0
0
0
0
0
0
0
0
0
0
0
0
0
0
0
0
0
0
0
0
0
0
0
0
0
1
0
1
3
2
2
3
1
1
0
1
0
0
2
1
0
0
0
0
0
1
0
1
0
0
2
1
0
0
1
2
1
2
0
1
0
0
0
0
0
0
1
0
0
1
0
0
0
1
0
0
0
0
0
0
1
2
0
0
1
0
0
0
0
1
0
0
1
1
1
1
1
0
1
1
0
1
0
0
0
0
0
0
0
0
0
0
0
1
1
0
0
0
1
0
1
0
0
0
0
0
0
0
0
0
0
1
1
1
1
1
0
0
0
0
0
1
0
1
0
0
0
0
0
0
0
0
