0
0
0
0
0
0
0
0
0
0
0
0
0
0
0
0
0
0
0
0
0
0
0
0
0
0
0
0
0
0
0
0
0
0
0
0
0
0
0
0
0
0
0
0
0
0
0
0
0
0
0
0
3
4
3
9
14
23
35
45
46
53
53
53
65
64
70
70
85
68
79
70
69
71
83
84
86
80
89
89
79
110
112
77
95
97
95
113
106
115
110
88
125
104
119
133
156
110
145
138
150
127
145
159
168
143
193
181
222
203
164
149
137
128
113
102
118
115
121
111
129
132
113
114
115
133
142
113
161
138
136
129
151
174
125
155
154
132
132
123
158
154
136
137
148
141
148
140
143
128
123
145
121
133
122
121
139
124
161
146
144
157
146
147
141
140
165
163
142
140
167
129
150
182
143
129
144
130
142
116
134
139
131
158
160
146
150
161
147
140
138
146
158
138
160
134
135
148
122
152
174
134
133
151
149
164
124
132
139
135
163
158
132
137
142
145
152
160
161
132
170
144
121
131
139
150
159
130
122
125
146
137
149
152
153
137
141
137
118
150
141
133
132
136
120
138
134
142
152
149
151
134
140
154
136
147
156
145
137
141
148
138
152
143
144
126
138
145
120
139
136
140
127
133
143
145
144
147
145
134
133
130
147
135
145
138
150
138
130
149
156
129
127
130
133
116
159
135
128
124
153
142
140
135
149
131
133
146
150
151
153
130
133
169
120
143
129
128
140
144
142
138
128
156
147
129
148
125
160
133
136
139
132
130
152
145
127
127
138
113
135
143
141
130
123
127
147
149
142
130
139
134
128
116
135
111
135
139
150
124
137
129
145
159
139
156
141
136
144
140
138
146
140
162
154
170
152
164
132
141
169
155
141
141
167
159
171
146
156
157
162
164
157
163
168
176
131
150
156
143
139
165
136
173
143
135
134
135
180
159
148
139
135
147
169
177
170
165
163
141
144
149
123
144
149
136
139
148
147
155
158
148
143
128
154
151
123
116
144
144
155
154
120
145
145
143
151
126
150
126
134
137
116
143
119
149
130
124
116
125
144
115
126
128
134
139
130
139
137
134
119
136
123
131
134
118
139
126
120
129
146
122
130
121
126
120
126
124
126
123
137
141
141
138
138
135
131
114
120
118
125
120
125
115
132
140
137
127
165
128
129
119
119
124
125
129
118
121
142
117
115
137
129
125
129
142
138
113
117
134
122
118
131
119
160
125
127
135
131
122
113
122
105
124
142
112
135
129
122
121
99
132
131
145
146
129
150
104
125
125
115
119
144
119
145
107
110
125
102
122
112
109
127
126
111
128
130
103
123
135
99
108
119
131
119
119
104
96
111
127
109
113
127
134
123
121
122
130
102
99
114
109
113
107
121
104
118
94
117
115
115
122
107
115
117
120
101
103
136
113
88
140
128
119
120
127
101
99
131
105
109
120
121
113
114
109
129
112
125
119
112
111
106
105
124
119
106
120
124
105
138
127
114
134
126
117
110
114
142
120
116
112
112
113
122
112
95
120
112
91
127
109
110
126
115
112
98
93
116
120
104
116
135
113
110
118
114
106
133
133
108
115
122
139
117
127
120
121
119
141
142
118
107
126
119
130
127
134
135
116
119
113
135
111
133
123
114
111
120
109
116
121
132
114
134
121
131
125
131
112
107
119
117
127
116
121
105
135
129
119
145
144
128
109
124
125
129
134
132
118
134
117
121
141
119
125
145
129
118
125
115
120
139
128
112
127
130
110
132
126
148
125
143
131
129
114
131
151
128
126
136
142
147
156
120
137
140
122
136
126
137
154
145
146
143
110
153
141
142
131
113
119
143
126
125
128
144
131
150
130
134
133
119
121
114
135
121
103
117
123
110
109
105
78
98
105
81
93
93
111
93
95
97
115
78
83
82
80
74
82
94
76
79
80
88
76
76
79
73
81
89
92
87
84
80
77
81
80
75
81
80
71
67
76
63
74
80
79
71
84
65
65
75
73
68
62
83
72
45
63
71
69
68
61
66
79
59
52
71
60
55
54
60
56
62
57
76
63
59
61
66
58
68
60
57
61
42
59
57
59
53
49
66
63
59
76
60
54
58
59
54
46
66
57
55
56
58
50
49
53
61
49
53
56
52
54
55
64
72
71
36
63
46
46
48
58
51
51
48
60
48
51
60
48
48
56
49
50
33
48
46
52
40
44
49
39
43
54
52
47
49
42
60
59
40
45
37
44
40
48
46
42
43
34
53
47
43
49
47
60
39
33
48
46
41
40
40
36
38
33
40
38
40
33
36
38
39
37
32
37
32
36
38
37
27
37
40
47
27
31
37
32
41
42
33
34
34
47
32
38
36
45
45
39
35
40
40
44
35
40
48
40
33
33
41
52
26
34
33
31
34
31
28
38
27
35
27
39
23
28
29
38
35
27
40
31
36
25
33
34
25
34
42
41
27
41
30
27
36
36
41
43
33
33
31
35
44
37
47
25
39
28
41
32
31
43
24
37
49
30
29
34
35
36
36
37
45
30
31
32
41
42
34
39
34
22
38
28
33
26
38
30
31
25
29
32
35
32
33
35
30
27
32
33
45
27
35
47
20
25
40
41
32
20
46
26
33
31
35
43
33
25
32
36
33
25
25
28
30
35
40
46
31
30
35
24
30
42
49
30
27
37
29
36
21
28
26
35
36
24
37
27
32
21
26
29
30
42
28
44
45
25
34
29
29
28
37
35
31
33
27
31
30
35
27
35
33
34
29
31
33
48
39
26
26
33
27
45
33
28
28
22
23
27
38
32
40
36
32
28
33
23
33
30
39
29
40
31
31
31
34
30
31
32
36
27
37
26
35
46
38
39
42
37
66
70
114
202
347
541
891
1338
1858
2502
3072
3274
3545
3364
2852
2415
1767
1254
797
473
276
163
132
71
62
55
30
25
33
27
20
18
22
28
16
15
24
21
15
15
20
18
6
18
21
23
16
17
21
7
16
16
17
23
11
16
13
8
22
11
14
15
12
20
20
13
18
15
18
18
15
24
17
17
14
9
14
18
15
14
16
16
18
17
15
24
15
18
12
7
20
20
12
10
19
11
14
13
26
18
17
16
15
13
18
16
18
22
9
13
15
18
22
14
16
15
16
21
14
13
21
16
9
12
14
17
16
19
18
11
21
13
16
16
12
17
14
12
18
11
14
18
15
15
15
19
19
17
24
18
26
19
14
15
16
13
18
9
21
11
15
14
24
21
17
21
17
17
15
18
23
17
13
20
10
16
15
11
14
9
16
17
19
22
20
15
17
18
21
6
11
17
15
14
16
14
21
13
22
35
26
26
16
25
22
12
26
14
14
17
10
18
11
12
21
17
19
15
13
12
12
21
15
16
6
15
14
16
14
25
12
20
12
13
17
20
10
11
24
10
15
19
18
9
12
21
18
13
8
13
10
17
19
9
26
11
14
19
16
7
15
12
13
19
12
17
23
25
22
17
33
28
21
11
11
19
16
20
13
18
12
18
18
14
15
8
15
9
13
11
14
14
9
18
11
15
17
16
14
15
11
13
17
16
17
16
19
16
18
8
11
18
6
13
16
11
18
19
18
19
10
11
18
18
17
14
12
20
13
20
13
11
16
8
10
10
8
9
10
15
16
7
18
14
18
6
17
14
15
13
19
14
15
22
12
11
8
20
10
14
8
11
19
19
18
14
17
12
8
19
15
14
19
14
16
11
18
15
13
15
13
16
23
16
15
10
14
13
18
14
12
19
15
20
18
14
11
9
18
10
20
11
17
22
15
15
14
14
8
16
20
15
16
11
19
18
12
13
15
12
12
18
10
16
12
12
14
12
16
10
14
17
10
14
15
15
13
20
18
7
17
16
11
17
15
12
14
13
19
18
13
10
15
14
12
8
13
18
10
14
9
13
19
5
16
14
11
12
15
15
18
16
24
15
18
12
21
13
14
11
12
15
12
11
18
10
14
13
11
10
9
19
13
14
17
27
14
14
15
19
13
8
14
14
17
18
23
8
11
12
15
13
13
14
11
11
11
17
12
16
16
16
14
14
15
14
19
10
7
12
19
16
17
11
8
16
8
19
21
11
20
10
20
18
11
16
9
11
14
19
12
13
24
17
12
17
23
22
14
8
11
9
14
17
8
11
10
11
9
15
19
8
18
10
12
15
21
15
19
17
8
18
15
18
16
18
20
14
16
24
9
13
17
19
12
14
17
16
11
14
8
15
17
12
12
19
19
20
17
17
11
16
9
21
18
13
15
19
15
11
19
11
14
22
19
13
13
21
18
16
10
14
13
15
15
11
12
8
13
20
13
14
21
16
14
12
18
12
16
18
9
13
17
18
13
18
11
17
22
14
19
11
14
13
18
15
20
20
15
19
18
13
23
18
18
22
14
9
17
17
18
20
16
14
23
15
20
19
17
18
16
18
13
15
10
18
12
16
18
14
15
14
19
16
14
10
10
13
16
12
18
18
21
17
10
14
19
9
24
15
18
14
20
16
13
12
15
19
16
13
20
9
16
15
19
12
17
13
13
19
12
5
19
12
12
13
19
21
15
13
14
17
17
14
14
9
19
11
25
19
15
20
17
18
18
20
25
20
11
17
18
14
22
17
12
20
20
17
15
16
17
13
11
9
14
15
16
17
7
17
17
26
22
8
22
16
19
17
15
12
11
18
16
14
16
13
14
22
10
15
22
7
14
12
11
12
22
13
21
13
17
17
20
19
26
15
18
21
22
17
19
11
16
13
15
15
8
11
12
10
16
9
14
23
15
17
17
19
16
13
16
15
11
19
11
15
15
21
14
23
18
10
15
17
22
12
11
20
20
27
17
20
10
20
12
13
16
18
13
11
7
25
6
16
22
15
26
13
18
16
15
15
23
15
21
16
9
22
15
22
19
15
17
15
18
20
18
17
13
19
24
10
18
10
14
16
18
17
14
13
13
24
16
21
18
23
22
15
16
17
14
19
15
18
16
16
14
18
23
24
20
11
11
22
15
17
11
14
14
16
11
19
9
12
14
15
20
13
16
21
17
20
29
12
15
15
9
19
15
20
25
11
15
15
15
13
13
18
19
19
19
17
19
12
8
16
12
18
14
22
20
14
15
23
17
8
17
8
11
19
16
18
18
20
25
19
17
12
22
17
20
22
16
17
20
19
11
21
15
15
16
18
22
28
12
11
20
21
21
21
17
18
12
21
17
14
18
24
20
20
18
13
16
13
21
22
23
13
23
17
9
25
11
15
23
18
23
25
25
23
32
28
25
17
24
14
18
16
19
19
24
17
21
18
13
25
25
13
13
18
21
20
20
17
15
18
15
11
15
20
25
9
18
19
16
15
24
19
16
21
13
23
23
23
22
22
17
13
14
12
15
20
12
17
17
16
13
23
24
21
20
17
16
24
23
18
16
15
13
24
22
12
18
26
24
19
20
21
19
25
16
24
22
11
17
18
11
22
21
25
24
15
19
22
24
21
16
23
13
23
24
21
21
19
17
25
16
13
23
21
20
20
24
17
13
23
21
32
25
26
26
23
21
22
20
21
12
27
21
23
13
20
12
23
18
19
23
22
17
26
25
21
25
27
16
28
19
30
21
13
36
22
19
23
24
20
25
24
20
31
24
31
33
26
28
29
25
21
25
18
24
20
26
30
28
14
25
28
20
22
19
19
23
26
23
25
17
18
21
17
25
15
22
25
30
28
16
20
22
23
24
29
25
26
30
18
25
16
15
20
21
31
25
27
33
23
25
23
29
24
11
16
22
26
28
18
26
26
26
23
26
23
27
20
20
27
29
24
22
21
23
20
40
24
22
17
30
24
26
34
23
25
25
19
33
25
23
37
24
24
29
26
23
26
23
27
23
19
22
22
47
23
26
25
24
23
22
32
25
28
25
21
31
28
29
27
25
32
17
30
24
20
21
29
23
26
20
33
33
27
25
32
32
30
33
36
23
19
35
25
34
27
38
27
28
33
24
23
30
27
24
25
24
32
22
28
31
23
28
26
42
28
27
30
40
36
24
29
22
23
42
36
27
23
25
37
35
29
24
32
30
33
33
25
31
38
26
27
25
28
32
33
34
40
28
34
34
35
24
31
36
42
25
29
38
36
32
22
29
29
38
25
25
26
29
23
32
26
23
22
27
16
32
19
25
31
20
19
21
25
23
13
24
15
14
27
18
21
13
19
17
16
22
28
23
17
22
16
14
19
20
20
22
26
16
17
26
13
25
17
9
16
21
19
16
16
22
16
19
27
20
18
17
22
15
10
16
20
18
19
12
12
11
19
26
17
16
23
24
13
21
12
11
12
14
16
17
14
20
13
13
15
18
16
11
11
24
16
13
15
16
15
13
12
9
11
18
18
16
17
11
16
9
7
20
18
20
19
15
10
12
21
16
10
10
14
11
13
11
15
14
19
12
12
17
19
18
12
14
22
10
11
14
10
7
10
13
14
21
12
8
11
11
11
27
9
8
9
16
10
14
10
11
12
18
18
19
18
19
12
7
13
10
13
12
7
10
9
9
10
13
18
11
12
4
14
16
12
6
9
10
7
14
12
10
12
12
12
9
10
6
10
9
13
10
11
9
10
9
11
7
4
11
9
5
6
12
15
7
11
9
8
10
6
12
5
7
9
8
12
8
6
4
16
8
6
8
9
7
9
8
10
7
6
7
5
12
8
4
12
16
8
6
8
8
3
10
3
12
12
4
6
6
5
5
4
8
10
11
7
9
8
13
8
11
5
4
8
2
8
3
11
8
5
3
8
5
5
5
3
7
7
1
8
2
6
3
8
6
5
6
7
8
7
14
3
10
6
7
6
5
5
5
6
5
4
8
8
4
2
5
3
9
4
8
8
7
8
1
2
6
3
5
12
5
3
4
3
3
4
6
5
2
7
5
6
4
6
7
5
6
5
1
4
0
1
5
4
5
2
1
4
5
1
5
8
2
6
3
4
6
8
5
3
7
7
2
3
4
5
2
6
6
4
4
7
3
3
5
6
4
3
3
0
4
6
4
5
3
3
4
5
5
7
3
4
7
4
4
5
1
6
3
5
4
2
5
7
0
4
3
4
5
7
8
2
3
2
3
6
2
5
3
1
3
4
6
3
3
3
5
2
3
2
5
5
3
2
4
3
6
2
6
5
2
3
6
4
3
2
4
4
7
5
5
5
5
3
4
10
1
4
5
6
3
6
3
2
5
3
5
2
7
2
3
4
2
1
0
4
1
0
2
3
3
8
2
4
5
4
3
3
2
2
6
1
5
2
5
4
2
4
2
3
4
2
4
3
3
2
4
2
7
4
1
2
3
3
4
2
4
5
7
7
2
3
1
7
2
2
6
7
4
1
0
3
6
3
4
6
2
4
5
5
4
7
3
7
10
26
33
79
117
271
444
720
905
1034
1100
990
825
510
361
169
61
32
21
11
5
2
5
10
4
7
8
6
3
3
1
0
2
2
3
3
3
0
1
0
0
0
1
3
1
0
1
1
0
0
0
1
3
2
2
2
3
0
1
0
1
0
2
3
0
3
0
2
1
0
1
2
2
1
0
0
0
0
2
0
0
2
1
2
2
1
3
3
0
3
2
1
1
2
1
2
1
3
0
0
1
0
1
0
1
2
1
0
3
1
0
0
0
1
2
0
0
1
2
2
0
0
5
0
0
0
2
0
1
0
0
2
1
2
1
0
2
2
0
1
2
0
0
0
1
1
1
0
1
1
2
0
1
3
2
0
1
3
4
7
8
4
5
6
5
4
1
0
1
1
0
1
2
4
1
2
3
0
1
2
1
0
1
1
2
3
0
1
0
2
2
1
1
1
0
2
1
0
1
1
2
1
0
1
0
0
1
0
2
0
1
0
0
1
1
0
2
0
0
1
3
1
1
0
1
1
4
0
0
1
0
0
1
0
4
1
0
1
1
2
0
1
2
1
2
0
3
2
0
0
1
1
1
1
2
0
1
0
0
0
1
0
0
0
1
1
2
1
3
0
3
2
0
1
0
0
2
1
0
0
1
1
0
1
2
0
0
0
0
0
0
1
0
0
0
1
2
0
0
2
1
0
0
2
2
0
2
1
3
1
2
1
1
1
2
1
0
2
2
0
0
0
2
0
2
1
3
2
1
2
0
0
1
1
0
0
2
0
2
0
2
0
3
2
0
0
1
0
0
0
1
2
0
1
1
0
0
1
1
0
3
2
0
0
0
0
0
1
0
3
1
1
0
1
0
0
0
1
0
2
1
3
0
2
1
3
0
0
0
1
1
0
0
0
0
2
2
0
1
0
1
0
1
0
0
1
1
4
0
1
1
0
2
0
0
0
1
0
0
0
0
0
0
0
1
1
1
1
0
1
1
0
0
0
1
1
0
3
1
0
1
1
1
1
0
3
1
0
0
2
0
2
2
0
1
0
1
0
0
0
0
1
0
2
0
0
0
2
2
1
1
0
0
1
1
2
2
1
1
0
0
0
1
3
2
1
0
0
1
0
5
5
9
24
28
24
28
22
27
25
12
9
4
3
0
1
1
0
1
5
3
1
1
1
1
0
1
0
0
0
1
1
1
0
0
1
0
0
1
0
1
0
1
0
2
0
0
1
1
0
1
0
0
0
0
0
0
0
3
1
0
0
0
0
0
2
1
0
0
0
1
0
0
2
0
0
1
0
0
0
0
0
0
1
1
0
0
0
0
2
0
1
0
0
1
0
0
0
3
1
1
0
2
1
1
0
1
0
0
2
1
0
1
1
0
0
1
0
0
1
0
1
1
1
0
0
0
0
0
1
0
1
1
1
0
1
1
2
0
2
0
0
1
0
1
2
1
2
3
1
0
1
0
1
1
1
1
0
1
1
0
1
1
0
0
0
1
0
0
1
0
1
1
1
0
1
0
1
0
1
0
0
0
1
0
1
0
0
1
0
0
0
3
1
0
0
2
1
0
0
0
0
0
1
0
0
1
0
0
2
2
0
1
1
3
1
0
1
1
0
0
0
0
1
1
0
0
0
0
1
1
0
2
0
1
0
2
0
1
0
0
0
0
0
1
0
1
0
0
0
1
0
1
0
0
0
0
0
0
0
0
0
1
0
0
1
1
0
0
1
0
0
0
1
0
0
2
0
1
0
0
1
2
0
1
2
1
0
0
1
0
0
0
1
0
0
2
0
0
0
1
0
1
0
1
1
0
0
0
2
0
2
0
1
0
0
0
1
1
0
1
0
0
0
0
1
2
0
1
0
0
1
0
0
0
1
1
0
1
1
3
2
1
0
2
1
0
1
1
0
0
0
1
3
2
0
0
1
0
1
0
0
0
0
0
0
0
2
1
0
2
1
0
0
0
0
0
2
0
1
1
1
0
1
0
0
1
0
0
0
0
0
0
0
0
0
1
2
0
0
1
0
0
0
0
0
0
1
0
0
0
0
0
1
0
1
1
0
1
0
1
1
1
0
2
0
0
0
1
3
1
0
0
0
0
0
0
1
0
1
0
1
1
1
0
1
0
0
1
1
1
2
1
0
0
0
0
0
0
1
0
1
1
0
0
0
0
0
1
0
0
1
0
0
1
0
0
0
0
0
0
0
1
0
0
0
0
0
0
0
0
0
0
0
1
0
0
1
0
0
0
1
1
0
1
1
0
1
0
0
0
0
2
1
0
0
0
0
0
2
0
0
0
0
0
0
0
2
1
0
2
1
1
0
2
1
0
0
0
0
0
0
0
0
0
2
0
0
0
1
1
0
1
0
0
1
0
1
0
0
0
0
0
0
0
0
0
0
1
0
0
0
0
0
0
0
0
0
0
2
1
0
0
0
1
0
3
0
0
2
0
0
0
0
0
0
0
0
0
0
0
0
0
0
0
0
0
0
0
0
0
1
0
1
0
0
0
1
0
0
0
0
0
0
0
0
1
0
0
0
0
0
1
0
0
0
0
0
0
0
0
0
0
0
0
0
0
1
0
0
0
0
0
0
0
0
0
1
0
0
1
0
0
0
0
0
0
0
0
0
0
0
0
1
0
0
1
0
0
1
0
0
1
0
0
1
1
0
0
1
0
1
0
1
0
0
1
2
0
0
1
0
0
1
0
1
1
1
0
0
1
0
1
0
0
3
0
0
0
0
0
0
0
0
0
2
0
0
0
0
0
0
0
0
0
0
0
1
1
0
0
0
1
1
0
0
0
0
0
0
0
0
1
0
0
0
1
0
1
0
0
0
0
0
1
0
0
0
0
0
0
0
0
1
0
0
0
1
0
0
0
0
1
1
0
0
0
0
0
0
0
0
1
0
2
2
1
1
2
4
1
0
2
0
0
0
0
0
1
0
0
0
0
0
1
0
0
0
0
0
0
0
0
1
0
1
2
0
0
0
0
0
0
0
0
0
0
0
1
0
0
0
0
0
0
1
0
1
1
2
4
4
2
2
4
0
2
4
4
1
2
4
0
1
1
0
0
0
1
1
0
0
0
0
0
0
0
0
1
0
1
0
0
0
0
0
0
0
0
0
1
0
0
0
0
1
0
1
1
0
0
0
2
0
0
0
0
0
0
0
0
0
0
0
0
0
0
0
1
0
0
0
0
0
0
2
1
0
0
0
0
0
0
0
0
0
0
0
0
0
0
0
0
1
0
0
0
0
1
0
0
0
0
0
1
0
1
0
0
0
0
0
0
1
0
0
0
0
0
0
1
0
0
1
0
0
0
0
0
0
0
0
1
0
1
0
0
0
0
1
0
0
0
0
0
1
0
0
0
0
0
1
1
0
0
0
1
0
0
0
1
0
0
0
0
2
0
0
0
1
0
0
0
0
0
0
0
0
0
0
0
0
1
0
0
0
0
0
0
1
0
0
0
1
0
0
0
0
0
0
0
0
0
2
0
0
0
0
0
0
1
0
0
0
0
0
0
1
0
0
1
0
0
0
0
0
1
0
1
1
0
0
0
0
0
0
0
0
0
0
0
0
0
0
0
0
0
0
0
0
0
1
0
0
0
0
0
0
0
0
0
0
0
2
1
0
0
0
0
0
1
0
1
1
1
0
0
0
0
0
0
0
0
1
0
1
0
0
0
0
0
0
0
0
0
0
0
0
0
0
0
1
0
0
0
1
0
0
0
0
0
0
0
0
0
0
0
1
0
0
0
0
0
0
0
0
0
0
0
0
0
0
0
0
2
0
0
1
0
0
0
0
0
0
0
0
1
0
0
0
0
0
0
0
1
0
0
0
0
0
0
0
0
0
0
0
0
0
1
0
0
0
0
0
0
0
2
0
0
0
1
1
0
0
0
0
0
0
0
0
0
0
0
0
0
0
0
0
0
0
0
0
0
0
0
0
0
1
0
1
0
0
1
0
0
0
0
0
0
0
0
0
0
1
0
0
0
0
0
0
0
1
0
0
0
0
0
0
0
0
0
2
0
0
0
0
0
0
0
0
0
0
0
0
0
0
0
1
0
1
1
0
0
0
0
0
1
0
0
0
0
0
0
0
0
0
0
0
0
0
0
0
0
0
0
0
0
0
0
0
0
0
0
0
1
0
1
0
0
0
0
0
0
0
0
0
0
0
0
1
0
0
0
0
1
0
0
0
0
1
1
0
0
0
0
0
0
0
0
2
0
2
0
0
0
2
0
0
0
1
0
0
0
0
0
0
0
0
0
0
0
0
0
0
0
0
0
2
0
0
0
0
0
0
0
0
0
0
0
0
0
0
0
0
0
0
0
0
0
0
0
0
1
0
0
0
0
0
0
0
0
0
1
0
0
0
0
0
0
0
0
0
0
1
0
0
0
0
0
0
0
0
0
0
1
0
0
1
1
0
1
0
0
0
0
0
0
0
0
0
0
0
0
0
0
0
0
0
0
0
0
0
0
0
0
0
0
0
0
0
0
0
0
0
0
0
0
0
1
1
0
0
0
0
0
0
0
1
1
0
0
0
0
0
0
2
0
0
1
0
0
1
0
0
0
0
0
0
0
0
0
0
0
0
0
0
1
0
0
0
0
0
0
0
0
1
0
0
1
0
0
0
0
0
1
0
1
0
0
0
0
0
0
0
0
0
0
0
0
0
1
0
0
0
0
0
0
0
0
0
0
0
0
0
0
0
0
0
0
0
0
0
0
0
0
0
0
0
0
1
0
0
0
0
0
0
0
0
0
0
0
0
0
0
0
0
0
0
0
0
1
0
1
0
0
0
0
1
0
0
1
1
0
0
0
0
1
1
0
0
0
0
0
0
0
0
1
0
0
0
0
1
0
0
0
0
0
0
0
0
0
0
0
1
0
0
1
1
0
1
0
0
0
0
1
2
0
0
1
0
0
0
0
0
0
0
0
0
0
0
2
0
0
0
0
0
1
0
1
0
0
0
0
0
0
0
0
0
0
0
1
0
0
1
0
0
0
0
0
0
0
1
1
0
0
0
0
0
0
0
0
0
0
0
0
0
0
1
0
0
0
0
0
0
0
0
0
1
0
0
0
0
0
0
1
0
0
0
0
0
0
0
0
0
0
0
0
1
0
0
0
2
0
0
0
0
0
0
1
0
0
1
0
0
0
0
0
0
0
0
0
0
0
1
0
0
0
0
1
0
0
0
0
0
0
0
0
0
0
0
0
0
0
0
0
0
0
0
0
0
0
0
1
0
0
0
0
0
0
0
0
0
0
0
0
0
0
0
0
0
0
0
0
0
0
0
1
1
1
1
0
0
0
0
0
1
0
0
0
0
0
0
0
0
0
0
0
0
1
0
0
0
0
1
0
0
0
0
0
0
0
0
0
0
0
0
0
0
0
0
0
0
0
0
0
1
0
0
0
1
0
0
0
1
1
0
0
0
0
1
1
0
0
0
1
0
0
0
0
0
0
0
0
1
0
0
0
0
0
0
0
0
0
0
1
0
2
0
0
1
1
2
0
0
0
0
0
0
0
0
0
0
0
1
1
0
0
0
0
0
1
0
0
0
0
0
0
1
0
1
0
1
0
0
0
0
0
0
0
0
0
0
1
0
0
0
0
0
0
0
0
0
0
0
0
0
0
1
1
0
0
0
0
0
0
0
0
0
0
1
0
0
0
0
0
0
0
0
0
0
0
0
0
0
0
0
0
0
0
0
0
0
1
0
0
1
0
0
0
0
0
0
0
0
0
0
0
0
1
1
0
0
1
1
0
0
0
1
0
0
0
0
0
0
0
1
0
0
0
0
0
0
0
0
0
0
0
1
0
0
0
0
0
0
1
0
0
0
0
1
0
0
0
1
1
0
0
0
0
0
1
0
0
0
0
1
1
0
0
0
0
0
1
1
0
0
0
0
0
0
0
0
0
0
0
2
0
0
0
1
1
0
0
0
0
0
0
0
0
0
0
1
0
0
0
0
0
0
0
0
0
1
1
0
0
0
0
0
0
0
0
0
0
0
0
0
0
0
0
0
1
2
0
2
0
0
3
0
0
0
1
0
0
0
0
0
0
0
0
0
0
0
1
1
1
0
0
0
0
0
0
1
0
0
0
0
0
0
1
0
0
0
0
0
0
0
0
1
0
0
0
0
0
0
0
0
0
0
0
2
0
0
1
0
0
1
0
0
0
0
0
0
0
0
0
0
0
0
0
1
0
1
0
0
0
1
1
0
0
0
0
0
0
0
0
0
0
0
1
0
0
0
1
0
0
0
0
0
0
0
0
0
0
1
0
0
0
0
0
0
0
0
0
1
1
0
0
0
0
0
0
0
0
0
0
0
1
1
0
0
0
0
0
0
0
1
0
0
0
1
0
0
0
1
0
0
0
0
0
0
0
0
0
1
1
0
0
0
0
0
0
0
0
0
0
0
0
0
0
0
0
0
0
0
0
0
2
0
0
0
0
1
0
0
0
0
1
0
1
0
0
0
0
0
0
0
0
0
0
0
0
0
0
0
0
0
0
0
0
0
0
0
0
0
0
0
0
0
0
0
0
0
0
0
1
0
0
0
0
0
0
0
0
0
0
0
0
0
0
0
0
0
1
0
0
0
0
0
0
0
0
0
1
0
0
0
0
0
0
0
0
0
0
0
0
0
0
0
0
0
0
0
0
0
0
0
0
0
0
0
0
0
0
0
0
0
0
0
0
0
0
0
0
0
0
0
0
0
0
1
0
0
0
0
0
0
0
0
0
0
0
0
0
0
0
0
0
0
0
0
0
0
0
0
0
1
0
0
0
0
0
0
0
0
0
0
0
0
0
0
0
0
0
0
0
0
0
0
0
0
0
0
0
0
0
0
0
0
0
0
0
0
0
0
0
0
0
0
0
0
0
0
0
0
0
0
0
0
0
0
0
0
0
0
0
0
0
0
0
0
0
0
0
1
0
0
0
0
1
0
0
1
0
0
0
0
0
0
0
0
0
0
0
0
0
0
0
0
0
0
0
0
0
0
0
0
1
1
0
0
0
0
0
0
0
0
0
0
0
0
0
0
0
0
0
0
0
0
0
0
0
0
0
0
0
0
0
0
0
0
0
0
0
0
0
0
0
0
0
0
0
0
0
0
0
0
0
0
0
0
0
0
0
0
0
0
0
0
0
0
0
0
0
0
0
0
0
0
0
0
0
0
0
0
0
0
0
0
0
0
0
0
0
0
0
0
0
0
0
0
0
0
0
0
0
0
0
0
0
0
0
0
0
0
0
0
0
0
0
0
0
0
0
0
0
0
0
0
0
0
0
0
0
0
0
0
0
0
0
0
0
0
0
0
0
0
0
0
0
1
0
0
0
0
0
1
0
0
0
0
0
0
0
0
0
0
0
0
0
0
0
0
0
0
0
0
0
0
0
0
0
0
0
0
0
0
0
0
0
0
0
1
0
0
0
0
0
0
0
0
0
0
0
0
0
0
0
0
0
0
0
0
0
0
0
0
0
0
0
0
0
0
0
0
0
0
0
0
0
0
0
0
1
0
1
0
0
0
0
0
0
0
0
0
0
0
0
0
0
0
0
0
0
0
0
0
0
0
0
0
0
0
0
0
0
0
0
0
0
0
0
0
0
0
0
0
0
0
0
0
1
0
0
0
0
0
0
0
0
0
0
0
0
0
1
0
0
0
0
0
0
0
0
0
0
0
0
0
0
0
0
0
0
0
0
0
0
0
0
0
0
0
0
0
0
0
0
0
0
0
0
0
0
0
0
0
0
0
0
0
0
0
0
0
0
0
0
0
0
0
0
0
0
0
0
0
0
0
0
0
0
1
0
0
0
0
0
0
0
0
0
0
0
0
0
1
0
0
0
0
0
0
0
0
0
0
0
0
0
0
0
0
0
0
0
0
0
0
1
1
1
2
2
2
4
7
7
9
4
3
3
1
1
1
0
0
0
0
0
0
0
0
0
0
0
0
0
0
0
0
0
0
0
0
0
0
0
0
0
0
0
0
0
0
0
0
0
0
0
0
1
0
0
0
0
0
0
0
0
0
0
0
0
0
0
0
0
0
0
0
0
0
0
0
0
0
0
0
0
0
0
0
0
0
0
0
0
0
0
0
0
0
0
0
0
0
0
0
0
0
0
0
0
0
0
0
0
0
0
0
0
0
0
0
0
0
0
0
0
0
0
0
0
0
0
0
0
0
0
0
0
0
0
0
0
1
0
0
0
0
0
0
0
0
0
0
0
0
0
0
0
0
0
0
0
0
0
0
0
0
0
0
0
0
0
0
0
0
0
0
0
0
0
0
0
0
0
0
0
0
0
0
0
0
0
0
0
0
0
0
0
0
0
0
0
0
0
0
0
0
0
0
0
0
0
0
0
0
0
0
0
0
0
0
0
0
0
0
0
0
0
0
0
0
0
0
0
0
0
0
0
0
0
0
0
0
0
0
0
0
0
0
0
0
0
0
0
0
0
0
0
0
0
0
0
0
0
0
0
0
0
0
0
0
0
0
0
0
0
0
0
0
0
0
0
0
0
0
0
0
0
0
0
0
0
0
0
0
0
0
0
0
0
0
0
0
0
0
0
0
0
0
0
0
0
0
0
0
0
0
0
0
0
0
0
0
0
0
0
0
0
0
0
0
0
0
0
0
0
0
0
0
0
0
0
0
0
0
0
0
0
0
0
0
0
0
0
0
0
0
0
0
0
0
0
0
0
0
0
0
0
0
0
0
0
0
0
0
0
0
0
0
0
0
0
0
0
0
0
0
0
0
0
0
0
0
0
0
0
0
0
0
0
0
0
0
0
0
0
0
0
0
0
0
0
0
0
0
0
0
0
0
0
0
0
0
0
0
0
0
0
0
0
0
0
0
0
0
0
0
0
0
0
0
0
0
0
0
0
0
0
0
0
0
0
0
0
0
0
0
0
0
0
0
0
0
0
0
0
0
0
0
0
0
0
0
0
0
0
0
0
0
0
0
0
0
0
0
0
0
0
0
0
0
0
0
0
0
0
0
0
0
0
0
0
0
0
0
0
0
0
0
0
0
0
0
0
0
0
0
0
0
0
0
0
0
0
0
0
0
0
0
0
0
0
0
0
0
0
0
0
0
0
0
0
1
0
0
0
0
0
0
0
0
0
0
0
0
0
0
0
0
0
0
0
0
0
0
0
0
0
0
0
0
0
0
0
0
0
0
0
0
1
0
0
0
0
0
0
0
0
0
0
0
0
0
0
0
0
0
0
0
0
0
0
0
0
0
0
0
0
0
0
0
0
0
0
0
0
0
0
0
1
0
0
0
0
0
0
0
0
0
0
0
0
0
0
0
0
0
0
0
0
0
0
0
0
0
0
0
0
0
0
0
0
0
0
0
0
0
0
0
0
0
0
0
0
0
0
0
0
0
0
0
0
0
0
0
0
0
0
0
0
0
0
0
0
0
0
0
0
0
0
0
0
0
0
0
0
0
0
0
0
0
0
0
0
0
0
0
0
0
0
0
0
0
0
0
0
0
0
0
0
0
0
0
0
0
0
0
0
0
0
0
0
0
0
0
0
0
0
0
0
0
0
0
0
0
0
0
0
0
0
0
0
0
0
0
0
0
0
0
0
0
0
0
0
0
0
0
0
0
0
0
0
0
0
0
0
0
0
0
0
0
0
0
0
0
0
0
0
0
0
0
0
0
0
0
0
0
0
0
0
0
0
0
0
0
0
0
0
0
0
0
0
0
0
0
0
0
0
0
0
0
0
0
0
0
0
0
0
0
0
0
0
0
0
0
0
0
0
0
0
0
0
0
0
0
0
0
0
0
0
0
0
0
0
0
0
0
0
0
0
0
0
0
0
0
0
0
0
0
0
0
0
0
0
0
0
0
0
0
0
0
0
0
0
0
0
0
0
0
0
0
0
0
0
0
0
0
0
0
0
0
0
0
0
0
0
0
0
0
0
0
0
0
0
0
0
0
0
0
0
0
0
0
0
0
0
0
0
0
0
0
0
0
0
0
0
0
0
0
0
0
0
0
0
0
0
0
0
0
0
0
0
0
0
0
0
0
0
0
0
0
0
0
0
0
0
0
0
0
0
0
0
0
0
0
0
0
0
0
0
0
0
0
0
0
0
0
0
0
0
0
0
0
0
0
0
0
0
0
0
0
0
0
0
0
0
0
0
0
0
0
0
0
0
0
0
0
0
0
0
0
0
0
0
0
0
0
0
0
0
0
0
0
0
0
0
0
0
0
0
0
0
0
0
0
0
0
0
0
0
0
0
0
0
0
0
0
0
0
0
0
0
0
0
0
0
0
0
0
0
0
0
0
0
0
0
0
0
0
0
0
0
0
0
0
0
0
0
0
0
0
0
0
0
0
0
0
0
0
0
0
0
0
0
0
0
0
0
0
0
0
0
0
0
0
0
0
0
0
0
0
0
0
0
0
0
0
0
0
0
0
0
0
0
0
0
0
0
0
0
0
0
0
0
0
0
0
0
0
0
0
0
0
0
0
0
0
0
0
0
0
0
0
0
0
0
0
0
0
0
0
0
0
0
0
0
0
0
0
0
0
0
0
0
0
0
0
0
0
0
0
0
0
0
0
0
0
0
0
0
0
0
0
0
0
0
0
0
0
0
0
0
0
0
0
0
0
0
0
0
0
0
0
0
0
0
0
0
0
0
0
0
0
0
0
0
0
0
0
0
0
0
0
0
0
1
0
0
0
0
0
0
0
0
0
0
0
0
0
0
0
0
0
0
0
0
0
0
0
0
0
0
0
0
0
0
0
0
0
0
0
0
0
0
0
0
0
0
0
0
0
0
0
0
0
0
0
0
0
0
0
0
0
0
0
0
0
0
0
0
0
0
0
0
0
0
0
0
0
0
1
0
2
0
1
4
0
0
0
0
0
1
1
0
1
0
0
0
1
0
0
2
0
0
2
0
0
0
0
0
1
3
1
1
0
0
0
2
2
0
0
1
0
0
0
3
1
0
0
0
2
0
0
0
1
4
1
1
2
2
0
2
0
1
0
0
0
1
1
1
0
2
1
1
2
3
0
0
1
0
1
0
1
2
0
0
0
0
0
1
1
2
2
0
0
1
0
0
0
0
1
2
1
3
1
0
1
1
0
2
4
1
0
1
1
0
0
0
2
1
1
0
1
0
1
0
0
