5.21E+03,
2.36E+03,
1.29E+03,
8.01E+02,
1.40E+03,
1.73E+03,
1.94E+03,
2.46E+03,
1.97E+03,
1.86E+03,
2.15E+03,
1.80E+03,
1.50E+03,
1.59E+03,
1.44E+03,
1.31E+03,
1.37E+03,
1.25E+03,
7.30E+02,
4.67E+02,
2.29E+02,
1.31E+02,
6.70E+01,
1.62E+02,
1.12E+02,
1.08E+02,
1.49E+02,
1.42E+02,
1.34E+02,
1.55E+02,
8.64E+01,
3.03E+01,
1.44E+01,
8.04E+00,
5.02E+00,
2.42E+00,
1.91E+00,
7.68E+00,
5.55E+00,
2.01E+00,
9.99E-01,
4.03E-01,
2.32E-01,
1.61E-01,
1.25E-01,
8.87E-02,
7.10E-02,
5.88E-02,
5.22E-02,
4.61E-02,
4.23E-02,
4.20E-02,
4.27E-02,
4.39E-02,
4.68E-02,
4.97E-02,
5.66E-02,
6.21E-02