1
0
0
0
0
0
0
0
0
2
0
2
0
1
1
0
1
0
0
1
0
0
0
0
1
1
0
0
0
0
3
0
1
0
0
0
0
0
0
0
0
0
0
0
0
0
1
0
1
0
0
0
0
1
1
4
4
3
2
5
27
46
75
146
213
298
357
407
487
519
531
490
506
496
507
549
581
518
544
508
476
521
500
482
554
537
512
525
457
486
485
476
521
522
555
510
531
505
485
520
506
526
513
486
520
585
531
583
622
646
609
611
596
577
601
551
534
482
537
516
535
478
502
497
497
484
512
520
500
471
540
484
496
522
490
483
521
457
526
483
483
534
487
522
511
468
517
530
466
482
492
466
533
507
489
507
505
521
531
556
496
517
508
506
427
493
512
463
467
474
467
541
497
447
512
469
517
470
522
453
491
501
493
505
481
447
456
493
495
438
494
512
510
442
497
533
489
466
472
475
484
453
476
466
490
485
479
492
494
498
507
464
487
499
494
527
473
519
471
553
527
483
476
468
472
465
478
509
454
505
492
516
451
483
453
509
465
481
464
485
467
446
449
506
501
476
523
483
463
468
507
468
490
509
481
522
465
467
491
446
459
493
479
470
463
532
497
495
474
480
497
502
507
464
491
473
472
492
476
456
479
495
479
484
464
454
451
445
491
504
478
458
457
463
448
463
448
465
470
484
473
453
449
436
475
482
483
463
504
486
491
478
476
480
463
493
477
474
461
454
478
448
489
462
506
465
529
500
475
460
495
455
444
476
471
458
447
468
473
459
468
477
491
462
463
487
468
520
494
492
480
483
523
434
464
457
475
508
475
478
469
479
502
436
450
492
484
514
477
488
474
512
554
543
471
503
521
553
527
542
558
554
505
519
542
560
533
533
569
542
581
519
539
588
510
539
571
560
576
568
569
596
565
541
506
589
558
589
532
563
518
527
571
577
574
594
553
579
564
556
528
538
576
568
558
558
556
586
579
561
557
531
585
537
564
552
552
586
524
534
526
540
573
535
574
592
535
569
533
553
546
539
538
532
546
575
565
582
540
542
528
562
566
581
547
536
533
529
541
557
550
560
549
511
555
548
499
551
557
525
518
521
531
533
554
557
522
520
490
545
555
540
547
551
550
531
548
483
513
507
541
535
548
535
540
535
548
522
562
534
535
540
507
546
550
547
529
527
544
589
591
530
528
538
566
532
522
529
534
541
524
571
539
516
527
556
493
571
559
538
561
465
507
526
541
523
569
514
512
530
544
574
529
540
543
529
512
556
516
521
538
561
527
517
476
502
548
531
522
579
534
547
493
505
530
544
554
545
556
530
557
547
572
533
533
559
523
522
542
515
556
544
507
541
487
526
520
513
540
549
543
525
508
536
579
540
503
540
516
500
496
528
517
563
500
557
513
519
493
545
537
511
585
549
528
529
557
499
535
528
524
494
542
561
548
485
553
533
513
546
473
558
542
550
593
569
579
567
561
539
580
537
537
571
535
574
538
583
576
565
528
547
548
518
555
558
585
559
589
555
569
551
522
537
564
534
524
543
586
609
550
515
578
570
573
604
558
564
577
573
537
578
556
553
605
564
555
590
578
518
610
596
554
578
530
585
562
593
579
602
580
592
581
573
589
533
552
589
609
622
556
670
593
550
627
603
638
581
573
589
632
583
636
593
612
620
613
598
578
665
638
632
645
626
631
583
582
592
602
641
625
647
585
633
635
619
649
647
624
605
625
677
643
644
663
605
719
660
643
625
684
648
652
671
722
679
641
625
709
688
674
649
679
688
679
696
688
689
659
690
681
701
708
669
664
688
686
693
711
655
699
685
711
643
707
652
687
627
658
667
635
675
651
684
664
580
573
640
638
543
594
555
579
514
550
559
523
536
506
495
503
481
498
476
508
472
451
446
491
425
437
441
410
440
382
406
410
416
386
417
385
381
379
398
386
373
374
367
380
357
368
389
350
398
366
389
384
351
327
373
361
358
377
360
345
353
331
324
328
342
310
300
361
350
337
332
326
315
336
317
325
347
319
329
307
302
303
314
313
312
326
318
323
309
339
329
310
305
301
284
301
299
312
265
288
262
334
306
311
297
298
308
284
285
310
272
268
269
271
256
262
259
313
255
247
251
280
239
238
265
241
265
227
287
254
253
212
222
263
258
245
211
239
255
241
256
199
242
255
236
233
236
208
281
236
241
215
225
227
224
218
182
235
203
203
219
196
219
217
184
217
209
223
223
222
193
217
212
190
180
214
175
201
185
181
177
174
169
175
199
174
212
169
207
189
187
208
195
176
172
205
192
194
170
152
169
157
189
165
148
182
166
169
189
167
203
200
175
155
181
155
180
168
185
165
188
180
171
177
180
179
164
146
178
163
153
155
173
160
190
168
146
165
175
181
168
158
147
142
187
173
152
173
169
174
169
155
182
160
175
170
163
169
149
160
160
190
162
149
149
171
151
165
191
168
164
156
163
165
148
132
154
150
177
194
149
160
161
138
152
147
160
148
161
171
150
154
138
160
132
162
140
168
155
170
143
159
170
164
158
158
165
177
168
163
144
151
154
151
160
144
170
162
159
170
160
160
144
166
160
183
154
149
149
155
151
152
156
157
159
157
161
147
170
145
150
168
173
146
162
137
152
138
163
143
171
169
174
127
159
142
167
162
175
159
163
174
161
140
139
150
163
148
146
163
159
142
154
142
136
128
141
158
138
147
130
157
152
141
139
149
150
167
150
165
139
154
155
159
140
132
139
167
151
155
166
135
146
142
152
143
154
153
160
160
148
138
172
127
146
143
145
145
135
155
145
175
153
146
159
165
157
187
165
171
169
186
217
282
342
510
800
1293
2148
3108
4646
6437
8346
10234
12170
13144
13506
12966
11947
10378
8730
6812
5148
3865
2972
2336
1842
1521
1437
1339
1267
1174
1177
1124
1165
1104
1132
1079
1104
1098
1077
913
982
863
769
762
710
681
679
589
567
561
545
493
421
405
388
329
353
303
268
269
219
213
248
222
185
181
170
188
154
161
170
125
151
135
153
144
108
117
129
111
115
148
110
119
101
120
107
122
90
96
104
95
98
106
97
106
100
113
94
104
93
111
98
94
92
86
87
90
95
104
100
104
81
111
97
108
102
94
106
116
83
92
110
103
104
82
99
91
100
110
87
88
79
103
111
74
101
114
106
112
90
102
78
104
86
105
90
98
107
105
97
115
97
82
100
80
109
106
95
92
101
90
105
91
77
92
95
103
109
108
100
114
93
109
103
101
117
90
96
96
100
96
103
103
117
97
92
98
113
107
122
109
82
87
97
100
97
91
96
103
122
87
100
91
95
99
85
91
71
99
93
80
100
99
91
80
86
77
90
76
77
100
92
90
81
87
87
80
73
85
81
81
99
81
103
103
92
76
87
94
85
88
90
104
84
73
95
99
82
91
103
101
84
76
99
81
97
91
81
83
92
69
95
86
81
87
81
88
62
74
91
74
85
95
88
98
78
99
94
90
76
81
74
65
76
72
90
94
92
70
90
69
86
88
75
86
75
104
106
79
98
76
92
84
74
85
91
94
78
83
107
78
86
83
83
87
75
86
86
78
69
82
85
97
75
100
88
88
77
88
84
84
87
80
85
91
100
79
86
102
93
83
89
78
81
84
85
79
79
71
85
77
80
64
75
72
75
94
79
91
99
90
87
80
70
88
76
82
87
96
76
65
79
77
85
70
84
93
94
76
81
81
79
77
80
72
83
76
74
72
79
72
84
99
78
77
87
67
94
79
84
82
78
65
83
79
85
89
78
67
97
78
84
74
97
85
102
96
100
88
91
81
69
71
69
77
78
82
89
90
75
75
85
89
67
96
78
90
79
88
78
87
86
82
81
85
83
78
98
94
76
79
82
72
67
85
89
87
93
83
79
93
72
92
89
74
92
81
64
86
79
93
97
74
87
86
93
92
76
102
84
94
88
84
97
66
96
87
82
84
94
82
88
92
82
81
89
85
97
94
80
83
80
76
75
78
98
75
90
96
84
91
80
68
66
85
67
84
86
91
95
86
95
100
93
78
89
76
98
78
80
81
98
81
86
92
66
90
61
66
89
86
89
82
80
98
84
73
80
86
87
75
80
77
90
84
84
91
94
76
84
87
89
86
69
63
69
73
92
76
100
77
83
87
81
101
88
82
77
86
78
80
84
92
86
90
78
77
75
73
77
85
97
80
74
68
90
80
90
70
102
96
81
82
68
78
97
95
79
81
65
82
81
70
81
57
78
86
84
98
87
87
84
80
77
87
81
109
85
81
94
91
69
84
90
72
88
78
78
87
56
84
86
76
86
85
77
87
71
83
59
76
86
80
92
70
94
77
76
89
93
100
83
89
100
84
83
76
88
93
93
93
92
87
81
89
71
73
86
80
84
76
101
81
75
84
81
77
77
81
91
98
95
85
102
81
78
84
82
86
80
79
72
66
86
84
83
87
97
84
71
83
87
83
72
84
81
82
85
82
78
89
77
88
72
77
79
81
87
88
85
84
85
92
62
91
93
69
81
95
106
85
91
86
78
84
86
80
81
90
92
81
106
73
88
68
106
97
80
98
70
84
101
104
92
91
88
85
74
69
98
83
84
81
79
73
95
79
86
79
87
98
84
92
78
87
97
89
99
89
103
88
79
84
81
86
96
102
105
97
81
85
87
80
75
91
87
76
84
92
74
97
87
92
77
99
80
94
97
85
91
90
81
81
85
82
90
80
92
95
75
87
87
88
98
99
106
82
87
80
87
78
90
84
94
98
93
75
96
89
79
82
103
72
84
77
82
81
103
82
90
79
73
89
74
73
84
102
78
86
78
93
88
94
87
80
100
107
97
84
94
100
87
93
67
81
79
88
83
96
88
87
94
99
95
74
90
88
86
75
91
100
94
84
95
85
95
80
94
82
92
82
99
79
87
92
100
98
79
88
100
102
85
98
100
94
81
92
94
87
101
85
103
81
98
83
70
100
89
98
99
93
88
99
79
85
90
81
82
90
102
87
87
100
120
98
78
86
87
94
83
96
84
84
98
87
81
87
71
97
90
84
103
98
95
83
92
87
94
90
92
92
89
91
106
92
95
91
80
72
88
91
103
98
104
101
100
101
103
97
84
96
86
81
77
96
99
91
103
102
94
92
103
102
106
98
110
99
112
88
97
94
81
82
90
116
107
109
100
103
103
100
96
83
98
84
101
96
108
88
111
101
96
112
86
106
120
109
86
95
99
97
82
107
95
126
96
95
94
104
93
90
94
104
74
88
118
112
83
100
107
107
103
108
93
97
110
99
99
90
102
113
89
109
103
84
88
83
104
104
93
88
113
102
102
108
88
98
103
100
105
88
105
120
133
133
88
88
95
97
108
109
101
104
110
100
87
109
100
115
107
112
100
98
100
129
107
87
95
106
92
110
93
124
103
121
101
102
90
97
112
98
104
111
110
108
95
112
123
119
108
105
112
110
123
96
89
90
101
118
103
124
96
110
102
123
100
122
114
113
104
95
112
97
109
126
88
95
113
104
125
120
113
124
95
123
99
119
111
102
106
122
103
117
120
119
109
108
118
111
104
95
123
135
104
115
127
121
135
97
119
117
90
127
87
124
121
102
132
112
109
124
118
123
130
126
113
135
123
116
117
108
108
123
146
119
108
129
98
103
102
128
104
108
100
124
120
129
123
131
119
115
118
126
116
112
129
147
116
113
104
109
131
115
121
127
152
118
122
114
129
120
120
137
97
108
122
130
142
141
117
140
124
111
126
128
115
128
134
137
122
125
117
120
135
128
123
128
135
150
116
119
143
137
119
132
126
113
134
114
131
133
138
122
128
139
125
134
116
138
131
112
147
129
139
150
127
148
142
125
145
123
124
115
152
141
152
133
110
150
138
147
155
162
144
163
124
144
140
134
125
150
153
140
153
155
153
147
145
149
149
124
123
142
141
142
170
144
170
144
132
156
146
144
156
145
159
137
163
139
153
153
147
144
154
164
146
156
150
150
160
150
135
139
139
148
165
156
181
157
160
136
146
162
151
151
158
164
152
174
156
155
147
131
164
154
168
154
179
161
165
138
143
165
156
135
155
139
145
167
178
154
149
144
144
145
147
151
125
157
158
151
117
131
144
157
155
136
141
127
154
120
116
106
127
118
107
115
116
109
105
115
102
144
109
111
99
103
117
111
121
94
113
90
108
96
117
116
117
83
120
102
114
103
108
79
94
96
87
109
88
88
90
102
96
86
101
100
89
93
86
119
86
105
103
94
76
92
76
90
71
87
98
93
91
98
90
90
83
88
91
89
67
89
79
81
100
100
80
88
87
86
91
76
79
84
82
88
87
94
98
95
67
89
78
80
82
84
81
77
75
101
97
79
83
101
89
81
87
62
69
88
71
70
72
79
86
92
81
95
88
81
74
74
87
87
83
84
80
64
70
71
82
77
64
82
88
85
67
78
68
67
81
55
77
71
70
76
69
95
76
70
81
60
59
60
70
77
64
71
63
69
75
60
70
87
93
53
81
57
74
61
59
72
66
64
74
71
83
64
65
67
72
75
61
69
60
72
82
52
66
45
60
54
54
63
72
90
57
52
84
62
55
73
54
57
51
65
56
53
48
58
61
52
71
59
53
53
53
56
54
45
52
58
70
54
47
48
58
53
45
42
53
52
48
57
56
62
54
59
39
59
51
66
56
51
43
53
54
51
48
56
55
48
48
46
53
46
50
46
53
48
48
45
54
40
46
37
43
48
37
32
42
30
43
42
35
42
37
41
31
40
42
38
37
33
43
42
47
34
45
40
46
43
39
45
35
50
43
41
37
31
44
44
40
36
40
45
38
38
39
39
44
33
57
34
30
48
42
34
28
26
42
48
46
36
45
36
39
42
42
38
34
32
32
30
37
30
36
38
34
33
30
33
36
30
35
32
31
40
41
27
29
35
31
36
32
43
26
27
40
29
29
30
37
42
49
37
26
30
27
30
26
44
34
37
30
33
29
33
32
29
30
34
28
34
32
29
29
39
31
29
35
39
34
32
28
38
23
30
39
41
30
27
27
33
29
41
40
40
25
32
27
30
37
22
37
37
33
39
37
34
41
24
32
28
28
22
32
21
31
37
33
43
28
35
33
23
35
37
34
34
28
38
32
25
25
36
33
37
29
27
33
34
37
38
32
25
38
43
33
38
34
42
35
31
30
23
42
23
32
32
30
22
28
29
27
39
31
41
26
30
32
24
28
18
36
35
37
33
32
36
42
25
35
27
33
36
37
30
36
37
36
34
27
35
33
26
32
29
34
37
25
27
31
25
27
37
35
33
24
27
31
26
28
32
37
38
36
37
27
37
33
39
38
57
70
90
141
242
403
647
908
1266
1758
2224
2529
2648
2909
2803
2633
2325
1944
1553
1132
859
670
512
401
330
274
256
260
258
254
226
252
240
256
241
217
246
241
208
198
183
183
186
174
163
149
143
124
122
111
115
113
105
131
97
85
70
71
59
71
59
67
53
70
56
68
52
42
50
41
45
46
28
36
44
35
33
35
38
39
34
37
32
44
23
32
35
31
39
24
30
22
28
38
26
36
32
35
24
32
25
26
25
32
31
29
24
23
26
26
32
31
28
37
31
43
26
28
21
27
23
26
30
28
32
28
24
26
29
30
26
22
28
29
24
35
31
35
23
25
23
28
34
22
26
36
31
31
22
19
37
29
34
23
25
28
31
24
29
27
19
22
20
29
35
24
31
23
27
31
20
37
24
21
34
23
28
20
32
19
27
35
26
18
27
37
21
29
17
29
21
19
36
25
31
21
30
19
29
28
27
22
31
26
29
30
30
24
32
25
19
25
20
17
22
18
29
23
22
31
24
25
25
22
30
23
28
24
31
22
27
29
22
31
34
22
29
28
31
25
26
22
29
27
17
31
29
29
15
21
16
26
26
33
24
26
28
17
20
24
16
23
22
30
18
13
31
18
15
23
34
37
30
28
22
23
29
36
26
34
32
31
35
28
20
23
21
23
13
19
24
23
21
21
24
25
23
23
23
20
24
26
28
24
26
16
20
13
17
23
24
28
24
21
20
19
20
21
20
15
23
24
25
22
24
22
19
22
27
17
27
18
17
22
25
24
25
21
36
15
31
21
22
17
26
24
19
22
29
22
16
16
23
19
22
30
26
20
19
21
25
17
14
20
23
17
31
22
25
22
14
22
13
29
31
25
27
27
24
23
20
16
21
20
28
23
19
29
23
16
28
17
26
28
19
17
23
20
22
22
20
25
22
17
18
18
10
17
29
19
15
22
19
27
22
15
27
11
17
17
27
25
22
28
19
20
26
16
22
19
18
24
23
23
34
16
26
26
24
20
24
20
11
24
26
19
21
18
17
22
20
27
22
22
12
20
25
27
19
23
18
21
16
21
25
18
19
18
23
22
19
20
22
18
17
23
29
27
19
23
31
24
26
10
27
16
19
31
15
24
33
27
15
25
28
25
26
34
29
26
26
28
27
23
19
21
27
18
27
24
28
23
28
30
18
17
18
22
16
26
17
24
24
15
35
20
24
24
19
29
27
17
17
17
20
19
22
10
16
24
20
21
22
16
29
26
25
19
21
30
26
28
19
24
18
20
23
24
22
20
18
19
19
18
27
15
19
16
30
17
21
18
22
21
15
17
24
25
22
24
18
17
24
16
21
16
21
19
22
25
16
18
20
19
19
27
13
23
16
27
24
23
33
15
18
27
22
25
25
19
18
13
16
24
16
19
21
20
20
22
20
15
21
17
14
15
20
18
32
14
11
23
18
14
22
14
21
25
25
18
23
17
17
16
22
19
20
29
26
14
23
22
13
18
18
16
23
19
21
12
11
23
34
17
22
16
13
13
16
16
23
24
23
20
20
20
21
18
14
21
12
13
20
27
10
12
25
15
21
19
25
27
15
15
22
19
21
20
22
17
17
22
24
22
23
15
22
15
22
13
24
19
19
14
16
18
27
20
21
26
20
25
15
19
20
15
21
21
21
20
19
21
19
17
19
23
24
15
22
21
30
28
24
21
23
21
22
22
24
21
16
18
15
18
27
18
22
25
12
24
21
31
28
21
19
26
23
30
22
18
21
24
23
18
16
12
21
15
27
19
14
20
18
16
14
23
28
22
27
25
18
9
14
20
27
17
17
16
15
16
15
15
15
17
21
25
19
25
14
13
14
15
16
16
17
20
28
11
12
19
16
23
17
20
13
22
18
12
14
14
19
27
21
19
16
21
13
19
20
15
24
18
19
14
20
11
16
24
14
15
15
28
19
11
13
13
18
19
19
17
20
10
14
12
18
13
15
26
12
19
18
12
20
17
16
12
10
21
16
11
12
21
12
21
22
15
19
14
10
18
18
18
11
12
18
14
13
25
16
19
15
8
14
16
12
13
11
6
16
5
13
11
13
13
12
10
10
14
12
8
7
10
16
9
8
10
10
13
13
12
17
8
12
10
15
8
11
12
14
9
7
11
12
7
12
13
8
8
12
13
15
9
6
13
9
3
10
11
13
10
7
9
7
7
11
8
13
11
12
12
10
17
8
6
9
7
10
7
13
7
11
14
8
6
9
11
8
7
4
6
5
8
6
13
9
8
6
5
6
7
10
5
8
2
8
7
5
13
6
8
9
6
9
6
9
7
0
4
4
7
8
4
7
10
7
6
7
6
5
4
8
7
5
7
1
9
7
3
5
0
6
6
5
8
8
3
2
6
7
11
6
9
5
7
2
4
7
1
6
5
4
5
6
7
4
9
4
6
2
7
4
4
8
3
5
7
7
7
3
6
5
8
4
4
4
4
5
3
5
3
8
2
3
3
3
4
4
4
2
4
9
4
5
5
5
9
5
6
2
3
4
3
5
5
2
7
1
3
3
4
3
2
4
4
4
1
5
6
5
2
2
7
3
4
6
3
2
4
3
3
4
1
1
7
7
5
5
2
0
4
4
3
5
2
3
6
0
4
1
5
2
3
3
5
3
8
3
4
4
3
3
4
2
4
3
3
3
2
7
5
6
4
3
5
6
3
4
1
6
2
1
3
4
3
2
2
4
1
7
3
3
6
4
5
5
2
3
3
2
2
4
4
2
0
1
2
4
4
4
1
4
2
2
3
4
3
4
6
2
3
5
8
0
6
5
5
3
4
2
4
2
4
1
4
4
2
3
4
3
1
3
4
2
1
5
4
3
4
3
4
3
2
2
4
3
4
7
2
2
1
2
0
4
4
4
8
3
1
4
2
5
4
4
5
1
3
4
4
1
2
1
2
3
1
3
5
3
4
5
3
3
5
4
3
4
6
1
7
6
5
4
7
1
8
4
6
4
4
2
8
4
7
9
5
7
10
17
24
27
24
38
55
65
71
96
110
125
134
159
159
171
170
118
125
107
102
90
78
61
45
43
36
25
25
15
12
27
15
21
15
25
22
17
13
15
16
13
16
14
12
13
5
6
9
8
8
6
10
5
6
6
4
6
6
6
6
9
4
2
3
10
4
2
1
1
1
2
5
2
8
3
4
2
1
1
1
0
3
0
4
5
3
0
0
2
2
1
1
0
1
1
0
1
1
0
2
3
0
2
0
1
0
1
2
0
2
1
2
1
1
1
3
1
2
1
0
2
3
2
1
0
1
1
0
3
0
2
1
1
0
2
0
0
0
0
0
0
0
0
4
0
3
0
1
0
1
0
1
0
0
0
0
2
1
1
0
0
0
0
0
0
0
1
3
0
1
0
0
1
2
0
1
0
3
2
0
1
1
0
2
2
0
2
1
0
0
0
1
2
1
2
1
2
0
0
0
0
2
0
1
0
1
1
0
1
0
0
1
2
2
0
4
0
0
2
1
0
1
1
1
0
3
2
0
0
2
0
2
2
2
2
1
0
1
1
1
0
0
0
2
2
2
0
1
0
1
1
0
0
2
0
3
1
0
2
1
1
1
1
1
0
2
0
2
0
1
2
2
1
1
0
2
0
0
0
0
0
0
0
2
0
1
0
0
1
1
2
1
1
1
0
1
1
2
1
1
2
2
1
2
3
0
1
1
0
0
0
2
0
1
1
0
1
1
0
0
0
1
0
0
0
1
0
0
0
2
0
2
0
0
0
1
0
3
1
0
0
2
2
0
2
3
0
1
0
1
2
0
1
0
1
0
1
0
0
1
2
0
2
0
2
1
1
2
1
0
0
1
0
0
1
3
2
1
0
2
0
0
1
0
1
1
0
1
1
0
1
0
2
1
2
0
0
0
1
0
0
1
0
0
0
1
2
0
0
0
1
1
0
0
1
0
0
0
1
1
2
2
1
0
1
2
0
1
0
0
2
0
0
0
0
0
1
0
1
2
2
2
1
1
0
0
1
0
0
0
1
0
0
2
1
0
0
1
2
0
1
1
0
1
3
2
1
1
0
0
0
0
0
1
1
1
1
0
2
1
1
1
2
1
0
1
2
0
4
1
0
1
0
2
1
0
0
0
0
1
1
1
0
0
0
2
2
0
0
0
0
0
0
1
0
0
0
1
0
0
1
1
1
2
1
0
0
0
2
0
0
0
0
0
2
0
0
0
2
0
0
0
2
0
2
3
1
0
2
0
0
3
0
0
0
0
0
0
0
2
0
0
0
1
0
0
0
1
1
1
1
2
0
2
0
0
1
1
0
0
0
0
1
0
1
0
0
2
1
2
1
1
0
1
1
2
0
0
0
0
0
0
0
0
1
0
2
0
0
1
1
0
1
4
1
0
2
1
1
2
0
3
0
1
1
1
1
0
1
0
0
1
1
0
0
1
0
2
2
0
0
1
1
0
1
1
1
2
1
0
0
0
0
0
1
0
0
0
1
0
0
0
1
0
0
0
1
0
0
0
0
0
0
0
0
2
0
0
1
0
0
2
0
1
1
1
2
0
0
1
0
0
0
1
1
0
1
1
1
0
0
1
1
1
0
0
0
0
1
0
0
0
1
1
0
2
1
2
0
0
0
0
0
0
0
1
1
0
0
0
1
3
2
0
0
0
0
1
1
0
0
1
0
0
0
0
0
1
1
0
0
0
0
1
1
0
1
1
1
1
0
0
0
0
0
0
1
1
4
1
0
1
3
2
0
0
1
0
1
0
2
0
0
0
0
0
0
0
0
0
0
0
0
0
1
1
0
1
0
0
0
0
0
0
0
1
0
0
0
1
1
1
2
0
2
0
0
0
1
1
0
2
0
0
1
0
0
0
0
3
0
0
0
0
0
0
1
0
0
0
0
0
2
0
0
0
1
0
1
0
0
0
1
1
1
1
0
1
1
0
0
0
0
0
0
1
0
2
0
0
0
0
0
1
0
0
1
2
1
0
0
2
1
0
0
0
0
2
0
3
0
0
0
0
0
0
0
0
1
2
1
0
0
0
1
2
0
0
1
0
0
1
2
1
0
0
0
1
0
0
2
0
0
0
0
1
0
0
0
0
0
0
0
3
2
1
0
1
0
1
1
0
0
1
0
0
0
1
0
0
1
0
0
1
0
0
0
0
1
0
0
0
0
0
1
1
0
0
0
1
0
1
0
0
0
0
2
0
0
2
0
0
0
0
0
2
0
1
0
0
0
1
0
0
1
0
0
2
0
0
0
0
1
0
1
1
0
1
0
0
0
0
1
0
0
1
0
1
1
1
1
2
0
1
0
0
0
0
0
0
0
1
0
0
0
1
1
0
1
0
0
0
0
1
0
0
0
0
0
2
0
0
0
0
0
0
1
0
0
0
0
0
2
1
1
1
0
0
0
1
0
1
0
2
0
0
0
0
0
0
1
1
1
0
0
0
0
0
0
0
2
0
1
0
0
1
0
0
0
0
0
2
0
0
1
0
0
1
1
0
3
0
1
0
0
0
0
0
0
0
0
0
0
1
0
0
0
1
0
2
1
1
0
0
2
0
0
0
0
1
0
0
0
1
0
0
0
0
0
1
0
0
1
0
0
0
0
1
0
2
0
0
3
0
0
1
0
0
0
0
0
0
0
0
0
0
0
1
0
1
3
0
1
1
0
0
0
0
0
0
0
0
0
0
2
0
0
0
0
0
1
0
1
0
1
0
1
1
0
0
0
0
0
1
0
0
0
1
0
0
3
0
0
0
0
0
2
0
0
0
0
0
1
0
0
0
0
0
0
0
0
0
0
0
0
0
0
0
0
0
0
0
0
0
1
0
1
1
0
2
0
0
1
0
0
0
2
1
0
0
0
1
0
0
0
1
1
0
0
0
0
1
0
0
0
0
0
0
0
0
0
1
0
0
0
1
0
0
0
1
0
1
0
1
0
0
2
4
0
0
0
0
0
0
1
0
0
0
0
1
0
0
1
0
1
1
0
0
0
1
0
1
0
1
0
0
1
0
0
0
0
1
0
1
1
0
2
0
0
0
0
0
0
0
0
0
0
0
0
0
0
0
0
0
0
0
0
1
0
1
0
1
0
0
1
1
0
0
1
0
0
0
2
0
0
0
0
0
0
0
0
0
1
0
0
0
0
2
0
0
0
0
0
0
0
0
0
0
0
0
0
0
0
1
1
1
1
1
1
0
0
0
0
0
0
0
0
0
0
1
0
0
0
1
0
0
0
1
1
0
0
0
0
0
0
0
1
0
0
0
1
0
1
0
0
0
0
1
0
0
0
0
0
0
0
1
0
0
1
0
0
0
0
0
0
0
0
0
0
0
0
0
0
0
0
0
0
2
0
0
0
0
0
0
0
0
0
0
1
0
0
0
0
0
1
0
0
0
0
0
0
0
0
0
0
0
0
1
0
0
0
0
1
2
0
0
1
0
0
0
0
1
1
0
0
0
1
0
0
0
1
0
1
0
0
0
0
0
0
0
0
0
0
0
0
1
1
0
0
0
0
0
0
1
0
0
0
0
0
0
1
1
0
2
0
0
0
0
0
0
0
0
0
1
0
1
1
0
0
0
1
0
0
1
0
1
0
0
0
0
0
0
0
0
0
0
0
0
0
0
1
0
0
0
0
1
0
0
0
0
1
0
0
1
0
0
0
1
0
1
1
0
0
0
0
0
0
1
1
0
0
0
0
0
0
0
0
0
0
0
0
0
1
1
0
1
0
0
0
0
0
0
0
0
0
0
1
0
0
0
0
1
0
0
0
0
0
0
0
0
1
0
0
0
0
0
0
0
0
1
0
0
0
0
0
0
0
0
0
0
0
0
0
0
0
0
0
0
0
0
0
0
0
0
0
0
0
0
0
1
0
0
0
0
0
0
0
0
2
0
0
0
0
0
0
0
1
0
0
0
0
1
0
1
0
0
0
1
0
0
0
0
0
0
1
0
0
0
1
0
0
0
0
0
0
0
0
0
0
1
0
0
0
0
1
0
0
0
0
0
1
0
0
0
0
0
0
0
0
1
0
0
0
0
1
0
0
0
0
0
0
0
0
0
0
0
0
0
1
0
0
0
0
0
0
0
0
0
0
0
0
0
0
1
0
1
0
0
1
0
0
0
0
0
0
1
0
0
1
0
0
0
0
0
0
0
0
0
0
0
1
0
0
0
0
0
0
0
0
0
0
0
1
0
0
0
0
0
0
0
1
0
0
0
2
0
0
0
0
0
0
0
0
0
0
1
0
0
0
0
0
0
0
0
0
0
1
0
0
0
0
0
0
0
0
2
0
0
0
0
0
0
0
1
0
0
0
0
0
0
0
0
0
0
0
0
0
0
0
0
0
0
0
0
1
0
1
0
0
0
0
0
0
0
0
0
0
0
0
0
0
0
0
0
0
0
0
0
0
0
0
0
0
0
0
0
1
0
0
0
0
0
0
0
0
0
0
0
0
0
0
1
0
0
0
0
0
2
0
0
0
0
0
0
0
0
0
0
0
1
0
0
0
0
0
0
0
0
0
0
0
0
0
0
0
0
0
1
0
0
0
0
0
0
1
0
0
0
0
0
0
1
0
1
0
1
0
0
0
0
0
0
0
0
0
0
0
0
0
0
0
0
0
0
0
0
0
0
0
0
0
0
0
0
0
0
0
0
0
0
0
1
0
0
0
0
0
0
1
0
0
0
0
0
0
0
0
1
0
0
0
1
1
0
0
0
0
0
0
0
0
0
0
0
0
0
0
0
0
0
0
0
0
0
0
0
0
0
0
0
0
0
0
0
0
0
0
0
0
0
0
1
0
0
0
0
0
0
0
0
0
0
0
0
0
0
0
0
0
0
0
0
0
0
0
2
1
3
0
0
0
2
1
2
1
0
0
0
1
1
2
0
0
0
1
1
0
0
0
0
0
0
0
0
0
0
0
0
0
0
0
0
0
0
0
0
0
0
1
1
0
0
0
0
0
1
0
0
0
0
1
0
0
0
0
0
0
0
0
0
0
0
0
0
0
0
0
0
0
1
0
0
0
1
0
0
0
0
0
0
0
0
0
0
0
0
0
0
0
1
0
0
0
0
0
0
0
0
0
0
1
0
0
0
0
0
0
0
0
0
0
0
0
0
0
0
0
0
0
0
0
0
0
0
1
0
0
0
0
0
0
0
0
0
0
0
0
0
0
0
0
0
0
0
0
0
0
0
0
0
0
0
0
0
0
0
0
0
0
0
0
0
0
0
0
0
0
0
0
0
0
0
0
0
0
0
0
0
0
0
0
0
0
0
0
0
0
0
0
1
0
0
0
0
0
0
1
0
0
0
0
0
0
0
0
0
0
0
0
0
0
0
0
0
0
0
0
0
0
0
0
0
0
0
0
0
0
0
0
0
0
0
0
0
0
0
0
0
0
0
0
0
0
0
0
0
0
0
0
0
0
0
0
0
0
0
0
0
0
0
0
0
0
0
0
0
0
0
0
0
0
0
0
1
0
0
0
0
0
0
0
0
0
0
0
0
0
0
0
0
0
0
0
0
0
0
0
0
0
0
0
0
0
0
0
0
0
0
0
0
0
0
0
0
0
0
0
0
0
0
0
0
0
0
0
0
0
0
0
0
0
0
0
0
0
0
0
0
0
0
0
0
0
0
0
0
0
0
0
0
0
0
0
0
0
0
0
0
0
0
0
0
0
0
0
0
0
0
0
0
0
0
0
0
0
0
0
0
0
0
0
0
0
0
0
0
0
0
0
0
1
0
0
0
0
0
0
0
0
0
0
0
0
0
0
0
0
0
1
0
0
0
0
0
0
0
0
0
0
0
0
0
0
0
0
0
0
0
0
0
0
0
0
0
0
0
0
0
0
0
0
0
0
0
0
0
0
0
0
0
0
0
0
0
0
0
0
0
0
0
0
0
0
0
0
0
0
0
0
0
0
0
0
0
0
0
0
0
0
0
0
0
0
0
0
0
0
1
0
0
0
0
0
0
0
0
0
1
1
0
0
0
0
0
0
0
0
0
0
0
0
0
0
0
0
0
0
1
0
0
0
0
0
0
0
0
0
0
0
0
0
0
1
0
0
0
0
0
0
0
0
0
1
0
0
0
0
0
0
0
0
0
0
0
0
0
0
0
0
0
0
0
0
0
0
0
0
0
0
0
0
0
1
0
0
0
0
0
0
0
0
0
0
0
0
0
0
0
0
0
0
0
0
0
0
0
0
0
0
0
0
0
0
0
0
0
0
0
0
0
0
0
0
0
0
0
0
0
0
0
0
0
0
0
0
0
0
0
0
0
0
0
0
0
0
0
0
1
0
0
0
0
0
0
0
0
0
0
0
0
0
0
0
0
0
0
0
0
0
0
0
0
0
0
0
0
0
0
0
0
0
0
0
0
0
0
0
0
0
0
0
0
0
1
0
0
0
0
0
0
0
0
0
0
0
0
0
0
0
0
0
0
0
0
0
0
0
0
0
0
0
0
0
0
0
0
0
0
0
0
0
0
0
0
0
0
0
0
0
0
0
0
0
0
0
0
0
0
0
0
0
0
0
0
0
0
0
0
0
0
0
0
0
0
0
0
0
0
0
0
0
0
0
0
0
0
0
0
0
0
0
0
0
0
0
0
0
0
0
0
0
0
0
0
0
0
0
0
0
0
0
0
0
0
0
0
0
0
0
0
0
0
0
0
1
0
0
0
0
0
0
0
0
0
0
0
0
0
0
0
0
0
0
0
0
0
0
0
0
0
0
0
0
0
0
0
0
0
0
0
0
0
0
0
0
0
0
0
0
0
0
0
0
0
0
0
0
0
0
0
0
0
0
0
0
0
0
0
0
0
0
0
0
0
0
0
0
0
0
0
0
0
0
0
0
0
0
0
0
0
0
0
0
0
0
0
0
0
0
0
0
0
0
0
0
1
0
0
0
0
0
0
0
0
0
0
0
0
0
0
0
0
0
0
0
0
0
0
0
0
0
0
0
0
0
0
0
0
0
0
0
0
0
0
0
0
0
0
0
0
0
0
0
0
0
0
0
0
0
0
0
0
0
0
0
0
0
0
0
0
0
0
0
0
0
0
0
0
0
0
0
0
0
0
0
0
0
0
0
0
0
0
0
0
0
0
0
0
0
0
0
0
0
0
0
0
0
0
0
0
0
0
0
0
0
0
0
0
0
0
0
0
0
0
0
0
0
0
0
0
0
0
0
0
0
0
0
0
0
0
0
0
0
0
0
0
0
0
0
0
0
0
0
0
0
0
0
0
0
0
0
0
0
0
0
0
0
0
0
0
0
0
0
0
0
0
0
0
0
0
0
0
0
0
0
0
0
0
0
0
0
0
0
0
0
0
0
0
0
0
0
0
0
0
0
0
0
0
0
0
0
0
0
1
0
0
0
0
0
0
0
0
0
0
0
0
0
0
1
0
0
0
0
0
0
0
0
0
0
0
0
0
0
0
0
0
0
0
0
0
0
0
0
0
0
0
0
0
0
0
0
0
0
0
0
0
0
0
0
0
0
0
0
0
0
0
0
0
0
0
0
0
0
0
0
0
0
0
0
0
0
0
0
0
0
0
0
0
0
0
0
0
0
0
0
0
0
0
0
0
0
0
0
0
0
0
0
0
0
0
0
0
0
0
0
0
0
0
0
0
0
0
0
0
0
0
0
0
0
0
0
0
0
0
0
0
0
0
0
0
0
0
0
0
0
0
0
0
0
0
0
0
0
0
0
0
0
0
0
0
0
0
0
0
0
0
0
0
0
0
0
0
0
0
0
0
0
0
0
0
0
0
0
0
0
0
0
0
0
0
0
0
0
0
0
0
0
0
0
0
0
0
0
0
0
0
0
0
0
0
0
0
0
0
0
0
0
0
0
0
0
0
0
0
0
0
0
0
0
0
0
0
0
0
0
0
2
9
3
5
1
7
7
0
3
7
5
7
6
5
4
5
1
5
4
2
7
6
5
7
1
8
4
5
5
1
3
1
3
4
3
4
4
10
6
8
5
4
8
6
6
7
3
5
3
3
3
6
4
5
4
5
2
4
3
3
4
5
7
3
11
7
3
8
11
4
7
2
6
8
6
5
4
3
8
6
2
2
8
6
6
4
11
6
5
3
6
3
3
10
5
6
3
6
5
6
5
7
4
5
1
8
6
2
2
3
5
2
6
5
5
3
5
5
3
4
2
7
2
6
6
5
4
6
