0
0
0
0
0
0
0
0
0
0
0
0
0
0
0
0
0
0
0
0
0
0
0
0
0
0
0
0
0
0
0
0
0
0
0
0
0
0
0
0
0
0
0
0
0
0
0
0
0
0
0
0
0
0
0
0
0
0
0
1
0
2
10
6
4
10
9
17
10
7
15
11
15
18
16
24
23
26
18
18
16
17
25
21
33
22
33
30
26
20
32
35
32
35
42
35
55
59
53
62
81
78
92
103
144
136
148
174
201
249
284
351
393
485
591
641
782
968
1125
1223
1316
1468
1650
1679
1710
1603
1181
844
598
417
307
229
199
182
181
220
242
254
295
295
338
380
376
461
523
528
561
574
637
646
638
678
665
635
566
555
457
365
299
237
231
255
262
275
301
331
377
408
476
510
568
585
631
602
564
519
468
444
369
354
322
262
313
303
368
397
418
508
535
537
545
530
539
448
411
341
313
322
333
346
360
421
417
465
522
543
520
442
460
418
376
315
326
354
375
369
436
416
475
490
505
488
521
450
412
406
353
348
356
390
386
401
436
466
487
488
444
466
422
422
373
369
391
398
369
394
426
393
424
451
462
436
465
425
468
436
399
430
416
383
398
393
412
426
438
452
441
456
422
439
476
430
427
439
406
408
418
412
360
419
429
384
382
407
419
401
405
426
406
407
419
442
387
418
457
410
386
417
417
397
391
441
394
423
422
407
436
409
405
423
418
398
380
385
377
427
415
412
416
389
443
432
407
433
423
402
385
408
406
431
427
409
384
383
413
411
381
432
422
366
415
409
410
424
414
422
419
429
415
409
417
402
391
432
392
398
431
438
443
443
394
424
377
489
415
414
415
438
416
414
412
393
425
406
443
453
424
408
434
457
456
431
426
416
442
453
451
448
448
466
464
441
443
459
446
498
442
480
448
469
465
488
468
471
466
454
467
467
490
441
509
459
474
453
506
491
469
485
475
463
497
486
505
462
463
450
460
464
466
495
453
500
462
499
476
473
422
499
459
480
438
501
492
498
483
490
418
489
465
484
437
466
446
506
481
466
485
457
466
437
473
469
478
482
460
477
474
458
462
464
481
482
512
476
477
460
469
471
466
471
502
493
464
491
455
477
457
448
476
447
526
458
478
454
465
477
465
456
517
495
472
467
526
467
429
433
433
460
497
461
472
474
483
472
437
485
457
481
472
467
437
457
454
489
469
495
429
466
461
462
470
483
454
459
460
500
488
465
448
445
492
500
459
498
450
458
427
463
477
454
495
481
444
476
456
474
478
472
440
480
494
465
459
464
456
510
441
460
471
494
473
477
464
439
465
471
471
457
473
429
428
452
474
498
447
432
445
451
469
471
438
489
418
464
480
473
462
473
474
462
436
487
473
457
425
509
451
450
444
489
469
461
470
486
510
454
452
480
498
484
464
419
450
478
449
467
430
420
480
472
485
440
447
473
524
478
471
463
474
482
507
444
459
491
485
475
466
480
493
471
468
439
527
475
487
472
485
448
455
468
517
469
465
456
465
460
490
495
428
458
458
466
464
489
462
512
453
441
466
468
489
495
443
436
476
460
471
493
445
523
481
497
484
510
457
472
529
472
492
517
521
474
519
482
507
496
495
519
498
491
522
537
502
490
472
474
492
518
505
514
490
561
552
518
498
533
521
505
476
547
508
490
542
520
471
527
549
519
516
495
476
502
521
518
511
515
486
552
516
492
519
525
534
584
516
546
516
544
554
551
494
536
507
541
552
572
559
563
543
597
552
533
462
599
512
566
573
558
584
541
567
559
569
532
581
574
556
589
568
529
651
555
610
635
569
582
575
558
595
586
563
580
601
550
593
608
602
587
623
617
584
638
572
607
626
583
617
614
600
578
592
576
617
544
571
595
610
530
528
521
543
526
531
475
470
502
475
467
468
450
439
478
514
450
450
439
429
397
424
406
410
430
411
390
406
392
388
372
396
364
373
402
442
394
413
389
357
348
409
361
358
344
353
347
360
332
359
347
329
335
334
291
301
329
329
339
318
306
338
322
339
315
298
291
309
306
340
321
313
294
285
317
282
290
264
290
324
309
320
316
273
263
294
269
294
292
294
297
291
277
281
267
281
279
262
257
245
296
259
273
286
243
261
242
240
251
244
251
242
228
263
259
234
243
244
231
243
222
230
249
203
200
233
253
264
235
239
232
222
274
230
230
194
219
228
216
227
237
223
246
234
195
219
232
229
199
212
219
206
203
204
198
208
223
201
206
217
195
193
191
206
223
192
178
218
186
188
210
188
204
185
184
211
193
172
195
172
186
181
190
196
181
163
185
187
188
181
174
185
164
176
192
190
182
195
186
172
173
158
159
167
152
165
160
155
187
167
145
170
165
175
189
164
179
142
155
172
171
162
177
177
164
154
151
171
171
164
160
161
150
164
157
142
153
154
167
179
165
162
170
144
149
175
164
172
175
164
177
126
171
140
150
150
174
138
157
154
170
152
133
149
137
160
166
173
124
149
155
136
135
171
155
147
141
137
154
152
140
151
145
151
145
154
157
145
157
149
137
126
146
171
159
147
139
161
148
170
123
148
156
151
154
160
153
162
122
145
158
142
140
149
140
146
162
149
155
163
142
136
145
135
134
146
158
156
150
155
144
132
123
164
157
159
137
153
170
157
139
139
157
150
150
143
150
137
142
145
140
128
146
132
133
159
133
136
128
156
150
138
129
163
134
164
132
158
147
133
159
168
115
126
144
132
128
125
138
138
140
153
144
131
133
142
157
127
150
141
135
140
123
139
147
140
144
134
147
142
138
162
154
139
160
155
142
143
133
138
152
136
158
136
127
159
154
145
135
144
140
141
130
144
172
121
124
150
123
124
132
165
137
153
157
141
161
204
214
287
307
511
698
1025
1648
2390
3545
4995
6498
8035
9486
10296
10839
10420
9404
7929
6626
4935
3856
2851
2235
1672
1495
1241
1116
1112
1046
1009
952
976
970
959
960
962
1013
1061
1026
1069
1074
1051
1050
999
946
929
887
873
797
783
799
711
693
663
691
661
601
575
588
558
539
531
530
473
446
451
396
443
389
367
346
352
349
334
290
291
254
283
251
249
255
241
236
247
232
223
197
209
190
190
179
161
174
150
163
165
136
138
150
142
146
157
136
151
145
122
118
108
110
119
118
124
107
112
113
122
110
105
117
109
113
117
116
125
110
101
93
92
101
95
99
96
102
113
93
96
89
91
93
106
82
102
92
103
98
94
95
118
107
93
100
82
107
97
92
94
115
94
81
89
110
99
88
109
115
96
106
91
90
95
80
101
86
94
88
91
77
99
101
85
92
97
114
90
91
101
83
102
86
81
83
95
86
100
87
98
119
96
85
103
84
74
98
113
95
94
87
94
100
82
89
77
96
72
78
87
82
81
79
87
86
99
81
85
89
96
95
91
78
86
84
85
106
82
95
84
78
108
103
83
102
83
99
87
100
74
84
95
93
94
96
92
83
96
85
92
72
84
82
93
81
93
85
90
75
92
85
93
87
81
100
71
74
87
87
89
101
69
94
84
87
70
85
91
78
94
78
76
83
83
98
84
90
84
71
97
96
76
85
67
84
85
103
77
92
83
91
80
84
90
81
78
91
95
88
82
81
80
93
91
70
79
89
89
93
82
78
84
89
83
75
98
88
95
84
77
78
98
80
96
99
101
78
90
102
88
86
78
75
73
89
82
66
101
88
107
90
86
75
87
82
105
105
94
91
70
105
87
98
91
69
74
89
90
66
93
90
94
98
76
87
77
87
86
86
102
75
120
93
94
90
87
74
88
73
87
73
69
93
91
80
77
89
68
86
69
87
94
84
86
91
76
82
91
60
83
94
101
78
93
78
78
86
72
65
86
67
78
88
80
86
76
69
94
83
77
78
84
85
86
91
84
82
74
96
98
91
82
87
84
77
93
80
90
97
96
88
68
70
90
78
80
92
84
100
97
76
90
89
90
92
81
84
84
83
85
92
80
86
64
98
93
80
83
85
75
79
94
64
73
73
87
73
81
74
85
85
100
83
68
89
90
77
88
84
70
101
80
93
88
81
82
88
78
71
78
83
70
66
79
95
76
83
93
62
86
77
86
88
73
86
74
88
85
70
95
93
106
82
84
79
80
95
81
82
89
67
79
70
72
72
82
76
84
72
95
80
89
82
86
59
83
96
74
80
96
73
99
82
80
78
79
75
75
91
86
80
79
67
85
92
71
76
74
82
80
81
90
86
89
87
81
77
100
78
96
77
104
97
84
82
87
90
84
79
86
88
88
104
74
94
75
89
88
78
95
90
89
77
99
104
91
81
84
75
95
81
66
106
85
64
84
95
91
83
79
88
87
61
80
87
78
88
91
72
67
83
90
58
72
73
92
81
97
77
80
94
74
76
91
76
81
75
79
81
80
82
86
122
82
79
93
78
84
96
75
92
91
84
87
89
89
94
93
77
94
82
95
89
85
90
97
81
83
84
86
61
77
68
85
79
86
83
66
88
83
85
92
65
80
78
99
92
84
90
95
90
90
80
84
80
88
71
88
74
81
78
62
92
82
82
82
80
69
75
87
102
72
82
74
93
86
87
83
78
86
73
67
90
87
83
74
81
87
73
85
92
79
84
104
83
85
93
73
88
79
81
76
82
84
83
83
81
91
67
75
71
86
67
91
82
60
85
81
86
90
78
97
76
91
85
84
66
84
78
97
76
90
84
83
80
77
88
77
84
87
63
92
90
78
57
75
96
82
70
70
80
95
72
88
82
79
99
74
85
68
74
95
72
87
65
90
82
76
80
98
74
83
93
89
78
69
74
80
95
88
84
99
93
78
80
74
86
90
87
90
86
83
83
79
69
84
92
80
90
84
79
105
88
92
81
85
68
80
83
78
102
87
81
85
90
93
75
74
81
87
87
96
76
81
78
82
77
80
65
95
79
74
77
77
102
94
100
81
80
73
84
96
69
96
72
86
89
87
95
95
80
91
70
74
79
95
86
83
81
78
86
94
92
74
83
94
102
72
76
92
70
79
95
87
91
96
98
91
96
81
95
102
100
75
97
84
82
89
93
74
94
85
85
87
67
63
87
80
73
81
96
76
72
104
89
73
87
103
88
85
74
85
100
76
84
94
85
94
111
98
87
95
82
80
80
97
77
67
76
90
76
99
69
83
89
71
87
80
94
81
75
64
73
90
67
93
90
97
88
82
83
77
85
92
93
94
86
107
96
84
97
106
88
74
87
92
83
93
83
80
99
79
72
101
82
82
78
89
94
93
101
85
83
79
89
83
88
88
75
80
97
94
95
101
93
83
102
99
95
91
87
86
88
100
99
96
108
84
106
92
91
99
93
114
100
83
86
106
77
72
84
100
85
94
91
103
95
89
117
93
89
107
93
102
95
98
115
96
81
111
94
113
78
87
96
96
89
88
106
89
91
94
100
86
92
99
90
102
92
106
92
77
95
86
92
91
94
86
96
78
105
93
113
84
98
74
98
95
95
102
97
95
102
87
102
107
91
86
111
105
104
97
97
96
98
96
92
100
103
96
100
103
89
93
108
87
94
102
102
103
97
95
101
98
97
92
111
103
104
87
88
114
89
107
100
94
105
101
99
103
120
101
106
88
109
88
91
103
139
98
88
91
91
103
99
107
100
101
98
97
100
95
110
113
96
111
106
99
87
114
97
101
110
104
122
98
127
97
109
90
106
119
95
115
110
121
93
102
128
99
106
111
118
99
112
91
104
112
100
100
101
106
91
119
103
106
112
96
120
117
103
84
96
118
106
106
120
118
102
98
103
111
129
110
104
103
108
127
127
120
114
117
107
119
114
109
99
123
106
124
110
109
113
124
121
112
101
124
126
108
127
117
102
107
115
112
128
136
114
117
122
123
145
136
111
119
125
113
120
124
122
121
117
122
118
137
104
132
118
126
134
109
115
121
101
128
121
128
130
129
137
138
131
112
140
126
130
140
132
137
121
124
134
112
137
132
102
142
119
129
129
108
129
119
131
115
105
114
122
142
106
89
155
143
139
131
125
130
130
128
117
124
142
127
142
149
111
124
130
118
121
132
120
128
147
131
130
132
130
128
132
127
125
110
129
130
145
121
124
122
147
129
145
117
136
115
145
139
143
124
140
131
117
128
118
116
122
136
135
143
130
161
133
118
162
152
135
131
156
141
135
140
107
156
148
149
137
149
109
129
137
129
164
152
124
150
123
132
117
146
125
114
113
107
118
98
125
109
127
125
126
102
106
105
100
100
119
102
100
93
93
96
94
98
101
91
97
102
83
98
99
97
102
113
93
99
99
107
104
85
91
79
77
90
85
91
80
79
95
89
103
88
75
83
78
88
92
90
89
91
99
94
99
87
77
95
89
96
78
82
82
75
71
80
85
85
94
90
92
82
99
98
90
71
81
76
74
97
78
65
81
102
91
77
79
84
73
66
93
69
75
66
69
77
70
58
90
85
72
101
63
94
61
79
68
72
82
64
73
75
82
77
79
72
73
75
80
92
75
73
54
70
76
64
72
74
73
67
86
59
66
75
72
77
76
69
73
78
79
78
62
74
71
74
85
73
75
68
92
70
72
55
60
61
60
66
52
59
80
72
74
63
71
63
89
51
57
70
63
64
71
86
80
67
70
52
76
68
67
66
66
55
57
73
53
61
60
55
54
66
67
51
62
56
70
60
51
53
67
49
58
54
57
48
57
49
56
65
52
51
62
61
63
57
61
56
53
66
53
56
48
57
55
65
51
45
57
57
52
51
52
59
58
52
39
40
59
55
56
39
43
40
66
45
48
44
42
42
56
42
43
41
60
53
53
50
52
58
54
63
44
40
45
31
36
41
47
48
50
39
44
38
43
49
37
49
38
43
47
43
50
27
45
36
29
46
47
42
35
44
35
48
42
48
46
45
35
47
44
48
38
53
50
43
35
29
48
47
31
32
37
52
33
42
39
40
35
40
39
38
40
29
30
44
43
27
40
40
32
32
41
48
42
40
36
37
40
39
23
26
36
55
34
43
38
35
35
35
29
40
35
43
40
35
35
31
37
29
41
39
38
38
38
38
30
33
34
26
37
34
38
32
28
46
28
35
31
36
46
35
32
31
41
30
35
23
34
37
36
26
36
35
38
35
33
37
32
37
28
36
28
49
34
36
32
33
34
42
33
28
25
36
34
48
31
27
32
37
32
34
33
37
32
41
27
30
39
34
33
22
34
38
32
39
35
32
34
42
24
37
51
32
33
26
35
44
19
34
33
36
49
30
32
40
40
31
38
33
24
42
32
29
37
26
26
29
24
38
25
33
32
29
34
34
17
26
36
20
23
25
39
29
32
22
32
33
36
34
26
32
28
32
40
29
33
32
31
30
34
36
34
27
25
30
27
26
26
36
28
36
29
29
41
32
31
24
39
28
29
36
38
27
35
30
34
33
39
40
38
27
38
29
22
30
41
36
44
32
36
51
70
89
169
290
427
776
1201
1659
2209
2574
2867
2656
2397
1954
1441
1032
667
459
332
264
304
264
242
239
227
218
248
220
220
216
232
224
199
225
238
254
233
248
247
195
188
227
195
200
175
198
173
151
157
149
169
145
172
165
133
142
124
130
125
103
94
112
106
74
104
91
89
88
80
87
82
71
85
85
51
69
85
51
51
70
42
52
47
66
45
59
57
49
51
47
48
46
49
43
41
52
31
41
36
35
29
42
44
34
40
49
38
27
46
37
29
33
29
38
38
32
30
26
26
29
33
35
33
35
31
27
19
30
37
38
29
37
32
45
29
24
37
39
34
28
32
32
30
31
38
27
43
27
38
31
26
23
27
37
21
41
35
29
40
35
29
37
28
25
25
25
29
38
36
35
29
35
26
35
25
39
21
30
31
28
35
28
29
41
42
28
20
30
24
32
27
32
22
25
31
29
25
30
27
37
24
21
24
32
37
32
26
30
21
26
38
22
34
26
33
27
25
33
26
16
39
25
21
31
28
25
22
27
26
36
22
40
20
29
31
30
25
26
31
24
37
29
30
30
26
33
26
32
28
44
20
26
25
26
31
33
24
20
26
32
28
27
21
29
29
38
32
27
19
23
36
32
33
13
27
28
31
34
38
20
32
29
22
21
21
30
35
30
23
28
19
21
30
27
26
31
23
21
21
37
31
21
26
29
25
25
20
21
27
28
32
21
26
22
21
25
26
34
30
23
20
25
23
24
30
30
26
27
24
19
26
25
21
20
29
26
28
27
27
21
22
30
20
20
33
28
20
20
25
23
26
24
31
28
39
24
25
30
23
25
29
30
33
27
27
30
27
25
25
28
25
21
23
26
24
17
27
29
28
22
23
24
22
23
21
31
24
24
26
28
21
23
22
20
21
16
29
26
34
17
23
23
18
30
28
32
27
30
30
18
23
30
20
30
22
22
25
22
25
19
18
16
23
19
28
27
25
22
32
15
30
27
26
19
23
32
16
24
20
23
23
35
24
20
35
27
16
20
21
22
23
25
25
29
17
25
18
33
26
24
21
23
25
24
21
22
22
24
20
22
20
24
20
24
26
18
22
29
29
29
20
23
24
20
21
11
27
23
25
27
26
28
23
21
24
31
27
20
21
21
28
24
29
30
24
23
21
27
30
25
24
18
18
21
17
25
27
23
22
25
16
21
18
21
24
19
13
22
26
26
22
22
22
24
32
18
20
23
22
17
18
30
14
17
25
27
21
21
26
18
31
21
20
33
21
23
27
23
27
23
21
15
26
29
29
20
21
24
20
29
27
16
27
22
20
15
25
33
27
24
24
17
15
33
19
24
20
13
20
21
17
21
18
21
21
23
19
21
27
22
22
29
26
18
23
18
17
17
18
19
28
16
22
16
22
19
28
21
23
25
23
17
18
24
21
18
23
28
18
16
24
18
26
29
31
20
17
30
22
16
17
16
24
20
18
22
17
14
15
23
19
22
25
24
15
24
18
18
26
26
29
22
20
24
12
17
27
24
25
22
20
34
21
26
24
14
18
20
24
15
10
21
25
9
16
25
19
20
26
16
16
22
20
24
19
21
20
19
18
24
23
17
24
24
16
16
28
21
20
25
13
33
25
26
17
16
19
30
15
19
18
18
31
23
19
23
26
19
18
21
23
21
26
13
26
23
22
23
17
26
17
22
9
23
18
16
16
17
23
23
21
21
18
14
34
24
17
16
17
14
30
22
23
25
24
27
22
24
17
15
21
37
26
28
28
20
19
26
23
27
24
24
18
20
24
25
24
13
32
25
21
22
24
16
20
28
23
26
20
20
22
19
18
22
22
26
16
21
12
22
30
20
20
19
28
18
17
14
23
21
20
27
18
20
20
12
22
22
18
15
25
10
11
20
22
19
13
17
16
12
25
12
19
19
13
14
21
17
16
14
15
20
23
24
19
14
23
22
20
20
17
17
18
27
16
24
10
20
16
19
20
13
12
12
18
17
14
11
19
21
12
11
20
9
18
17
19
21
17
23
28
16
20
17
12
15
16
16
11
13
28
12
18
17
11
17
15
22
9
18
7
13
16
21
16
16
11
14
17
19
17
15
16
15
11
9
18
17
11
9
15
13
13
10
13
14
9
9
8
10
12
16
9
8
11
13
13
7
19
9
12
16
13
13
10
15
10
9
8
14
9
10
9
13
18
18
6
10
15
6
7
16
14
13
8
17
6
9
8
15
11
11
9
12
5
13
12
15
8
8
12
13
8
15
7
9
11
20
3
10
7
17
12
11
8
10
9
10
8
12
6
8
9
13
14
9
8
17
10
9
7
6
9
7
8
6
11
9
11
7
10
12
9
11
9
6
13
18
10
6
8
12
10
12
10
7
7
3
7
8
9
7
9
11
7
11
4
5
3
9
3
4
8
3
6
5
13
7
6
7
11
9
5
8
8
4
9
5
8
8
10
6
7
8
7
8
3
8
5
3
11
5
4
5
7
7
11
6
6
6
2
6
10
5
5
7
6
9
5
7
8
6
6
5
8
6
4
5
8
6
6
2
5
5
7
8
7
6
8
3
9
8
11
3
8
3
4
7
7
8
7
3
8
4
8
3
8
6
7
6
8
8
11
6
4
6
5
9
1
4
10
7
2
12
4
10
5
5
13
6
5
6
11
3
7
6
5
9
5
7
7
4
3
8
9
4
4
9
6
7
7
7
3
6
6
7
4
8
4
2
6
7
5
4
3
9
9
11
4
5
9
8
4
5
1
9
6
7
4
4
6
4
4
1
6
3
5
6
7
3
7
3
6
6
8
4
4
2
4
7
5
4
4
6
4
11
10
5
8
3
4
9
7
4
0
4
6
6
2
7
2
6
4
10
2
6
12
5
10
2
3
4
4
6
5
6
3
11
3
7
3
6
4
6
4
5
3
4
6
5
8
4
7
4
3
3
7
2
11
10
5
3
6
4
7
6
4
9
4
3
6
3
2
7
6
6
6
5
8
8
3
10
8
8
2
3
5
8
7
6
7
11
8
7
4
8
12
7
4
7
7
10
4
6
9
13
28
29
52
58
57
79
100
132
127
149
158
142
130
119
88
100
55
48
46
32
27
29
18
29
13
16
16
26
16
13
12
9
12
20
10
15
21
11
19
13
19
12
20
11
22
12
13
13
15
12
12
12
11
10
13
9
14
7
8
6
9
7
7
7
6
10
11
1
8
7
7
6
3
5
3
5
8
10
12
9
7
3
4
5
4
6
7
4
4
3
4
2
4
4
3
1
3
1
2
4
3
6
6
4
8
2
1
2
2
4
2
1
5
5
3
2
5
3
2
3
0
4
3
4
0
3
3
4
2
0
3
4
2
0
0
1
3
3
3
2
6
1
3
3
0
3
2
2
0
4
5
2
2
2
2
6
2
2
2
0
2
0
5
2
2
2
3
4
3
1
3
5
4
2
3
1
3
1
2
0
4
3
3
2
3
1
3
2
2
3
2
5
6
5
4
3
0
3
0
1
4
4
0
1
0
2
1
3
3
2
5
3
9
3
3
4
3
2
3
3
4
1
0
2
2
4
1
1
3
4
2
0
3
2
2
2
1
3
5
3
2
3
3
3
2
1
1
1
3
2
4
2
3
2
2
2
2
2
2
5
0
1
4
2
2
1
3
4
4
1
1
4
2
0
0
3
3
1
5
3
6
0
1
1
2
4
5
1
2
3
0
1
1
2
2
0
3
6
0
3
4
3
2
4
2
1
5
2
4
6
3
2
1
4
3
1
2
2
4
0
0
4
1
2
0
4
4
2
2
1
4
1
0
0
3
7
4
1
0
1
3
2
2
4
0
1
1
1
1
2
0
3
3
1
2
1
3
0
2
3
2
2
4
2
0
2
4
2
2
2
2
4
3
2
2
5
3
2
1
1
4
3
4
2
2
5
3
3
2
0
1
3
1
3
4
2
4
3
1
3
1
3
3
3
4
1
1
3
0
2
0
3
2
0
3
5
1
5
2
3
2
3
3
3
3
1
1
4
3
1
0
0
5
0
2
1
3
1
2
2
1
3
1
2
2
2
5
3
1
3
1
4
2
1
1
2
5
1
2
3
3
1
1
0
5
0
3
3
4
0
1
4
0
1
1
1
2
0
1
6
4
3
1
3
1
2
0
2
2
0
1
2
3
3
1
0
1
1
3
2
2
1
3
0
1
1
2
1
7
0
2
1
1
2
3
2
3
1
2
1
0
0
0
2
3
0
3
5
0
2
2
2
2
1
2
0
1
1
1
2
6
0
0
2
2
3
2
0
1
4
2
2
0
0
1
0
1
1
0
0
2
1
0
1
0
1
1
0
2
2
2
2
1
1
1
4
0
2
2
0
3
0
2
1
0
2
0
3
2
1
7
2
0
2
0
0
2
5
0
2
0
0
1
3
1
1
1
1
0
1
2
1
1
0
1
1
3
2
3
2
2
1
0
2
1
2
1
3
2
2
1
1
1
2
0
0
2
0
2
0
0
4
6
0
2
0
1
2
1
2
1
1
4
2
0
0
1
0
1
3
1
1
2
0
3
2
0
0
1
0
0
1
1
0
1
4
2
1
3
3
0
1
5
0
1
0
4
5
2
2
2
2
1
0
2
0
5
2
2
1
1
1
2
1
1
2
1
1
0
2
1
1
3
0
4
2
2
0
0
2
1
1
0
1
1
1
3
1
2
0
2
2
3
1
1
2
2
2
3
3
1
2
0
0
2
1
3
0
1
2
2
0
3
1
1
1
0
1
2
1
2
0
1
0
1
1
2
1
1
0
1
0
1
0
1
0
3
2
1
1
2
2
4
0
2
0
1
2
2
1
0
0
0
1
0
0
0
0
1
0
2
0
1
1
2
0
0
1
2
3
0
1
1
2
1
1
2
1
1
0
0
1
3
2
0
0
1
1
3
2
3
0
0
1
0
1
3
1
1
0
1
1
0
2
1
2
0
1
3
2
3
1
2
3
1
1
3
2
0
1
0
1
2
0
0
2
1
2
1
0
1
1
0
2
1
2
1
1
2
1
1
1
1
0
0
1
0
0
2
1
2
2
4
1
1
0
0
1
0
0
0
0
1
2
2
0
1
0
0
3
1
0
1
0
1
1
3
1
2
0
1
2
0
3
0
0
3
1
1
2
3
2
0
0
1
0
2
1
1
0
2
3
1
2
3
1
2
2
1
1
2
2
2
1
1
2
0
0
0
2
0
2
2
0
0
1
1
1
0
0
1
1
1
1
1
1
1
0
4
1
0
1
4
2
5
2
0
2
0
0
1
1
0
1
0
1
1
1
0
1
0
1
2
0
0
3
0
0
0
0
2
1
1
1
0
0
0
0
2
0
2
0
0
1
0
0
0
3
2
1
2
0
0
0
2
0
2
3
2
2
1
1
1
2
1
1
0
0
0
2
1
3
0
0
0
0
3
1
1
0
1
1
1
0
1
2
0
0
3
1
1
0
0
1
3
2
0
0
0
2
2
2
0
1
1
0
1
0
0
1
1
0
1
0
2
0
0
3
0
0
3
0
0
0
0
1
1
1
1
0
0
0
0
1
0
0
2
1
0
2
2
0
0
0
0
1
0
0
0
1
0
2
1
2
0
3
1
2
0
0
1
1
1
1
1
0
0
1
2
2
2
1
4
0
0
0
1
0
2
0
1
1
0
0
0
1
2
0
0
0
0
2
0
1
0
1
0
0
0
2
1
1
0
1
0
0
2
2
0
2
1
1
0
0
0
0
0
1
1
2
2
1
0
1
1
1
0
0
1
0
0
0
1
2
0
0
0
2
0
1
0
4
1
0
0
0
2
0
1
1
0
3
0
1
0
0
1
3
2
0
1
0
2
1
0
0
0
0
0
2
0
1
1
0
0
1
1
0
2
0
1
0
0
0
1
0
3
0
0
0
3
0
0
0
1
1
1
0
0
1
1
0
0
0
1
1
1
1
1
0
0
0
1
1
0
0
0
1
0
2
0
0
0
0
0
0
1
1
1
0
0
2
0
1
1
1
0
1
1
0
0
0
1
0
0
1
0
1
1
0
0
1
0
1
0
2
3
3
2
0
0
0
2
1
0
1
1
1
0
0
1
0
0
0
2
1
1
0
1
1
0
3
0
0
0
0
1
1
2
0
1
0
1
1
0
0
3
2
0
0
1
0
1
0
1
1
1
2
0
0
2
0
1
2
0
0
0
0
0
1
0
0
0
0
0
0
0
0
0
2
1
1
2
0
0
0
0
0
1
0
1
0
1
0
0
0
2
2
1
0
0
1
0
0
0
1
0
0
0
0
0
0
0
0
1
0
0
0
1
1
0
0
0
0
0
0
0
2
0
0
1
0
0
0
0
2
1
0
1
3
1
1
0
0
0
0
0
0
0
0
0
0
3
0
0
0
0
0
0
0
0
0
1
0
0
1
0
0
3
2
0
1
0
1
0
1
0
0
0
0
0
2
1
0
1
0
1
4
1
0
0
0
0
1
1
0
0
0
2
0
1
0
0
1
0
1
0
1
1
2
2
1
0
1
0
0
0
1
0
0
1
0
1
1
0
1
1
0
0
0
0
0
2
1
1
0
0
1
0
1
0
0
0
0
1
1
1
1
0
0
0
0
0
1
0
1
0
0
1
1
1
0
0
0
2
0
0
1
1
0
0
1
1
0
0
0
0
2
0
1
0
0
0
1
0
0
2
1
0
0
0
2
0
1
1
0
0
0
1
0
0
1
0
1
0
0
0
2
0
1
0
1
0
0
1
1
0
1
0
0
0
0
0
0
0
1
1
0
0
0
0
0
0
0
0
1
1
0
0
1
0
0
0
1
0
0
1
0
0
1
0
0
1
0
0
0
0
0
1
0
1
1
0
0
1
0
0
1
0
0
0
0
0
0
0
2
0
1
0
2
2
0
0
0
0
1
1
0
1
1
0
0
0
0
2
1
0
0
0
0
0
1
1
0
1
0
0
1
0
0
1
1
0
0
1
0
1
1
0
0
0
0
0
0
0
0
1
1
0
1
0
0
0
0
0
1
0
0
0
0
0
0
0
1
0
0
0
0
0
0
1
0
0
1
0
1
0
1
0
0
0
1
0
0
1
0
0
0
0
0
0
0
1
0
1
1
0
0
0
1
1
0
1
0
1
1
0
1
0
1
0
1
1
0
1
0
1
2
0
1
1
2
0
0
0
1
0
0
0
0
1
1
0
0
0
0
0
1
0
0
1
0
1
1
0
1
1
0
0
0
0
0
2
0
1
0
0
0
0
1
1
1
0
0
0
1
0
1
1
1
0
0
0
0
1
0
0
0
0
0
0
0
0
0
1
0
1
0
1
1
0
0
2
0
0
0
0
0
0
0
0
1
1
0
0
0
0
0
0
3
0
1
0
0
0
0
0
2
0
1
0
0
1
0
0
0
0
0
0
1
1
0
1
1
0
0
0
0
0
0
0
0
1
0
0
0
1
0
0
1
0
0
1
0
0
0
1
0
0
0
0
0
0
0
0
1
0
2
1
0
0
1
0
0
0
0
0
0
1
0
0
1
1
0
0
1
1
0
0
1
0
0
0
1
1
0
0
0
1
1
2
0
0
1
0
1
0
0
0
0
0
1
1
0
0
0
0
0
0
1
1
0
1
0
0
0
0
1
2
0
1
0
0
0
0
0
0
1
0
0
0
0
0
1
1
0
0
0
0
0
1
0
0
0
1
0
0
2
0
0
0
0
0
0
0
0
0
0
0
0
0
0
0
0
0
0
0
0
1
0
0
0
0
0
0
0
1
0
0
0
0
1
1
1
0
0
0
0
0
0
0
0
0
0
1
3
0
0
0
0
0
0
0
1
0
0
0
0
0
0
1
0
0
2
0
0
0
0
0
0
0
0
0
0
0
0
0
0
0
0
1
0
0
0
0
0
0
0
1
1
1
0
0
1
0
0
0
0
0
0
1
0
0
0
0
0
1
0
1
0
0
1
0
1
3
1
0
2
2
2
1
0
0
0
1
1
0
0
0
1
1
0
0
0
0
0
0
0
1
0
0
1
1
0
1
0
0
1
0
0
0
0
0
0
0
0
0
0
0
0
0
0
0
0
0
0
0
0
0
0
0
0
0
0
0
0
0
0
0
0
0
0
0
1
0
1
0
0
0
0
0
1
0
0
0
0
0
0
0
0
0
0
0
0
0
0
0
1
0
0
0
0
1
1
0
0
0
0
0
1
0
0
0
0
0
0
0
0
0
0
0
0
0
0
2
0
0
0
0
1
0
0
0
0
0
0
0
0
0
0
0
0
0
1
0
0
0
0
0
0
0
0
0
0
0
0
0
0
1
0
1
1
0
0
0
0
0
0
0
0
0
0
0
0
0
0
1
0
0
0
0
0
0
0
0
0
0
0
0
0
0
0
0
0
1
0
0
0
0
0
1
0
0
1
0
0
0
0
0
1
0
1
0
1
1
0
0
0
0
0
0
0
0
0
0
0
0
0
0
0
0
0
0
0
0
0
0
0
0
0
0
0
0
0
0
0
0
0
0
0
0
0
0
0
0
0
1
0
1
0
0
0
0
1
0
1
1
1
0
0
0
1
0
0
0
0
0
0
0
0
0
0
0
0
0
0
0
0
0
0
0
0
0
1
0
0
0
0
0
0
0
0
1
0
0
0
0
0
0
0
0
0
0
0
0
1
0
0
1
0
0
0
0
0
0
0
0
0
0
1
0
0
0
0
0
1
0
3
1
0
0
0
0
0
0
0
0
1
0
0
0
0
0
0
0
1
0
0
0
0
0
0
0
0
0
0
0
0
0
0
0
0
0
0
0
0
0
0
0
1
0
0
0
0
0
0
0
0
0
0
1
0
0
0
0
0
0
0
0
0
0
0
0
0
0
0
0
0
0
0
1
0
0
0
0
0
1
0
1
1
0
1
0
0
0
0
0
0
0
0
0
0
0
0
1
0
0
0
0
0
0
0
0
0
0
0
0
1
0
1
0
0
0
0
0
0
0
0
0
0
0
0
0
0
1
0
0
0
0
0
0
0
0
0
0
1
0
1
0
0
0
0
0
0
0
0
0
0
0
0
0
0
0
0
0
0
0
0
0
0
0
0
0
0
0
0
0
0
0
0
0
0
0
0
0
0
0
0
0
0
0
0
0
0
0
0
0
0
0
0
0
0
0
0
0
0
0
0
0
0
0
0
0
0
0
1
0
0
0
0
0
0
0
0
1
0
0
0
1
1
0
0
1
0
0
0
0
0
0
0
0
0
0
0
0
0
0
0
0
0
0
0
0
0
0
0
0
0
0
0
1
0
0
0
0
0
0
0
0
0
0
0
0
0
0
0
0
0
0
0
0
0
0
0
0
0
0
0
0
0
0
0
0
0
0
0
0
0
0
0
0
0
0
0
0
0
0
0
0
0
0
0
0
0
0
0
0
0
0
0
0
0
0
0
0
0
0
0
0
0
0
0
0
0
0
0
0
0
0
0
0
0
0
0
0
0
0
0
0
0
0
0
0
0
0
0
0
0
0
0
0
0
0
0
0
0
0
0
0
0
0
0
0
0
0
1
0
0
0
0
0
0
0
0
0
0
0
0
0
1
1
0
0
0
0
0
0
0
0
0
0
0
0
0
0
0
0
0
0
0
0
0
0
0
0
0
0
0
0
0
0
0
0
0
0
0
0
0
0
0
0
0
0
0
0
0
0
0
0
0
0
0
0
0
1
0
0
0
0
0
0
0
0
0
0
0
0
0
0
0
0
0
0
0
0
0
0
0
0
0
0
0
0
0
0
0
0
0
0
0
1
0
0
0
0
0
0
0
0
0
0
1
0
0
0
0
0
0
0
0
0
0
0
0
0
0
0
0
0
0
0
0
0
0
0
0
0
0
0
0
0
0
0
0
0
0
0
0
0
0
0
0
0
0
0
0
0
0
0
0
0
0
0
0
1
0
0
0
0
0
0
0
1
0
0
0
0
0
0
0
1
0
0
0
0
0
0
0
0
0
0
0
0
0
0
0
0
0
0
1
0
0
0
0
0
0
0
0
0
0
0
1
0
0
0
0
0
0
0
0
0
0
0
0
0
0
0
0
0
0
0
0
0
0
0
0
0
0
0
0
0
0
0
0
0
0
0
0
0
0
0
0
0
0
0
0
0
0
0
0
0
0
0
0
0
0
1
0
0
0
0
0
0
0
0
0
0
0
0
0
0
0
0
0
0
0
0
1
0
0
0
0
0
0
0
0
0
0
0
0
0
0
0
0
0
0
0
0
0
0
0
0
0
0
0
0
0
0
0
0
0
0
0
0
0
0
0
0
0
0
0
0
0
0
0
1
0
0
0
0
0
0
0
0
0
0
0
0
0
0
0
0
0
0
0
0
0
0
0
0
0
0
0
0
0
0
0
0
0
0
0
0
0
0
0
0
0
0
0
0
0
0
0
0
0
0
0
0
0
0
0
0
0
0
0
0
0
0
0
0
0
1
0
0
0
0
0
0
0
0
0
0
0
0
0
0
0
0
0
0
0
0
0
0
0
0
0
0
0
0
1
0
0
0
0
0
1
0
0
0
0
0
0
0
1
1
0
0
0
0
0
0
0
0
0
0
0
0
0
0
0
0
0
0
1
0
0
0
0
0
0
0
0
0
0
1
0
0
0
0
0
0
0
0
0
0
0
0
0
0
1
0
0
0
0
0
0
0
0
0
0
0
0
0
0
0
0
1
0
0
0
0
0
0
0
0
0
0
0
0
0
0
0
0
0
0
0
0
0
0
0
0
0
0
0
0
0
0
0
0
0
0
0
0
0
0
0
2
0
2
1
0
1
1
0
6
1
1
0
0
2
2
0
2
3
0
1
1
0
0
4
1
0
2
1
3
1
2
1
0
1
1
1
2
1
2
0
0
0
0
0
1
0
0
1
0
3
1
0
0
1
1
1
1
2
0
0
3
1
1
1
0
0
0
1
1
0
1
0
2
3
1
0
0
3
1
1
5
2
1
2
1
0
0
1
0
1
1
4
1
1
1
1
1
1
1
1
1
2
1
2
2
1
2
1
2
3
0
1
0
4
1
1
0
2
2
1
2
2
1
2
2
2
0
1