0
0
0
0
0
0
0
0
0
0
0
0
0
0
0
0
0
0
0
0
0
0
0
0
0
0
0
0
0
0
0
0
0
0
0
0
0
0
0
0
0
0
0
0
0
0
0
0
0
0
0
0
0
0
0
0
0
0
0
0
0
2
1
0
0
0
2
0
1
3
1
1
0
0
2
3
1
0
3
0
0
2
3
2
2
3
4
6
9
4
5
4
9
4
9
14
12
11
14
15
31
18
29
35
34
40
45
53
77
92
86
126
132
136
199
219
211
306
319
392
468
544
644
774
904
1061
1192
1221
834
394
189
125
128
100
140
152
172
230
236
294
306
340
355
428
484
495
584
622
613
627
614
556
364
201
152
137
161
152
201
210
258
267
337
362
376
395
454
490
559
549
500
356
254
203
201
231
220
238
302
305
339
398
475
511
496
476
410
327
289
252
227
240
251
290
360
356
427
463
459
447
388
335
269
247
246
267
304
302
381
397
467
501
455
405
361
321
257
285
272
278
328
348
404
420
454
465
446
364
327
297
271
250
277
328
397
412
390
404
391
409
347
317
302
291
310
302
342
365
436
436
383
379
351
299
317
313
300
329
332
333
392
355
400
372
358
356
330
326
293
335
312
344
384
364
370
371
346
344
343
360
335
329
308
324
330
373
350
368
359
338
314
334
315
325
320
327
355
360
354
382
331
342
310
352
324
319
323
343
344
340
357
347
355
317
319
334
320
332
354
326
314
325
317
359
332
334
392
297
324
308
343
364
329
313
353
326
323
341
365
316
336
314
336
330
329
346
364
345
350
345
361
347
363
329
373
315
345
339
323
299
343
349
319
345
330
297
336
334
336
362
328
320
299
327
353
322
341
327
369
305
344
355
332
382
358
371
375
396
379
402
356
424
344
401
376
321
379
362
384
373
373
394
398
353
375
390
376
377
388
368
389
362
393
382
369
420
352
384
371
408
410
388
413
374
440
379
403
407
381
356
407
411
377
410
358
405
376
420
371
376
375
417
394
374
400
367
371
356
394
379
380
358
397
373
375
388
365
364
393
412
391
372
377
399
374
368
359
402
396
395
378
398
365
368
393
383
366
368
385
350
377
409
355
395
366
441
400
357
346
387
388
393
390
394
392
377
370
360
397
413
350
374
399
386
346
372
345
360
406
423
391
371
400
346
396
432
367
366
342
360
387
406
381
380
344
378
395
413
340
387
372
412
366
387
363
379
416
357
400
362
367
370
374
381
398
368
375
389
389
362
390
394
388
375
377
373
392
382
397
333
397
350
375
389
382
379
375
411
375
355
356
384
373
335
377
375
395
392
398
398
373
407
338
397
380
405
349
356
412
344
356
457
383
369
355
401
376
394
337
367
400
386
376
373
374
383
374
349
410
407
343
410
372
381
359
401
378
371
417
391
409
387
369
400
350
392
396
370
385
357
391
409
369
392
373
365
349
360
345
369
385
394
356
382
375
389
355
363
387
362
381
393
394
381
339
373
348
395
393
419
369
364
398
371
393
358
413
375
367
372
379
376
403
378
364
413
407
390
384
376
395
405
416
391
392
410
402
393
404
398
411
386
395
394
425
364
420
389
425
398
401
435
405
406
392
409
407
436
431
404
390
399
392
403
426
397
405
414
412
424
429
406
416
394
416
434
415
411
397
420
389
407
430
435
431
408
442
405
413
399
392
390
457
433
380
436
401
421
436
404
424
423
405
450
415
411
441
421
440
452
456
421
444
442
436
422
432
400
490
432
468
460
460
426
430
421
457
434
429
431
457
478
451
459
459
416
477
443
499
422
479
476
439
466
499
444
470
449
488
499
418
491
502
480
462
477
461
447
461
441
504
529
511
469
484
501
479
503
527
425
454
486
441
471
465
523
486
460
466
498
484
449
442
471
464
428
454
452
413
405
425
439
384
370
389
375
358
367
421
351
376
338
340
350
307
327
330
350
328
290
322
316
345
330
296
330
310
293
321
297
295
298
283
278
271
285
307
296
255
260
249
288
248
280
262
263
268
251
288
264
293
269
236
249
243
245
227
277
237
244
268
255
230
270
240
244
261
245
235
227
251
229
217
249
241
259
212
242
231
229
223
215
240
229
221
223
235
226
182
220
246
223
259
194
182
194
187
216
202
218
207
211
218
234
212
216
215
180
189
192
226
202
209
211
171
182
201
198
210
222
207
199
194
186
214
181
205
193
201
191
212
207
199
202
189
171
176
166
178
179
188
179
175
164
186
171
199
176
179
184
167
169
170
168
156
159
168
163
183
179
146
163
161
143
170
165
147
164
167
174
172
132
168
160
145
148
155
156
154
133
150
155
191
153
143
153
149
143
176
155
140
137
151
136
126
132
153
140
145
137
125
152
130
143
149
145
138
154
147
131
126
152
155
134
149
139
142
151
126
160
143
142
119
121
111
142
130
149
136
126
148
128
136
115
121
129
143
153
135
137
134
147
128
113
130
135
130
118
115
135
125
128
124
143
141
129
127
144
133
131
131
150
161
124
152
141
135
139
125
123
132
137
133
141
154
136
129
127
129
147
116
128
139
114
130
127
137
117
127
142
151
151
112
134
124
154
136
120
124
114
122
116
141
129
96
120
118
128
125
120
133
120
122
92
125
134
104
137
135
113
151
129
125
119
111
133
107
117
138
131
123
154
127
118
115
122
131
116
124
115
117
125
131
138
131
127
117
104
132
118
129
117
117
122
121
132
129
113
135
118
123
136
133
98
122
99
128
120
139
129
116
115
126
114
108
134
132
96
113
115
127
119
132
99
122
123
113
128
111
118
121
111
131
131
115
108
113
124
121
125
138
125
109
124
108
123
122
126
139
107
130
111
125
143
122
127
116
137
122
134
133
120
110
141
130
143
152
143
178
187
192
193
215
264
290
306
360
464
482
599
717
832
1030
1407
1821
2323
2930
3533
4338
5368
6237
7071
7759
7951
8013
7530
6632
5640
4602
3563
2667
2157
1608
1395
1213
1166
1009
977
918
821
780
807
681
690
688
623
590
555
547
521
523
434
476
482
391
442
386
453
361
373
329
384
369
371
309
307
318
311
286
268
253
240
276
260
216
222
190
207
213
193
184
170
176
156
168
153
139
132
124
152
136
154
117
144
130
129
130
103
123
117
116
114
137
133
105
121
103
116
117
99
98
102
115
115
110
94
101
108
115
105
96
96
97
88
99
118
98
100
84
99
105
116
84
99
92
124
88
89
106
97
101
114
92
99
104
77
98
98
99
111
107
112
91
87
90
94
87
103
83
96
88
81
87
94
101
105
77
92
86
79
92
96
91
84
83
110
88
83
97
99
93
88
97
94
91
103
74
83
85
90
86
102
98
76
92
97
75
79
77
67
91
82
90
86
89
78
86
82
72
90
86
81
88
72
99
100
79
88
93
76
84
114
75
75
71
86
82
83
92
99
87
80
71
97
70
85
95
87
76
71
101
88
77
91
86
87
79
96
86
88
96
91
87
86
91
85
102
83
73
75
83
78
84
74
78
103
72
95
72
93
76
95
77
74
82
81
79
86
82
80
89
76
93
108
94
78
76
107
96
65
77
98
71
62
83
81
99
85
74
95
99
86
90
87
88
94
85
85
83
92
81
75
83
81
71
86
75
82
93
79
83
86
93
83
86
80
59
96
99
105
81
80
78
82
71
76
89
94
92
82
80
88
90
77
78
86
79
74
94
92
86
89
73
77
90
79
83
73
88
84
80
91
75
96
89
76
83
71
76
76
77
85
76
74
84
88
70
83
78
73
107
82
90
69
92
78
88
80
85
91
81
80
82
95
86
85
88
78
69
78
83
82
83
79
79
94
85
65
77
87
86
79
77
78
66
87
93
92
77
81
79
79
101
85
77
83
75
81
92
92
90
74
60
76
75
80
75
80
72
94
75
79
79
72
90
80
86
76
69
68
78
75
66
83
75
74
77
96
84
81
79
103
91
70
69
83
80
86
95
80
79
84
74
68
74
84
63
99
95
88
84
81
99
70
71
90
80
79
57
85
73
71
89
72
81
81
88
87
86
65
88
87
89
81
91
82
69
91
72
67
91
69
68
79
70
90
86
88
72
79
78
72
82
79
85
84
77
63
63
74
87
73
79
76
84
87
84
84
99
92
87
66
62
78
75
81
67
94
80
78
71
80
76
71
77
75
68
74
80
110
87
77
77
61
75
66
78
73
74
98
73
96
76
78
79
60
70
77
89
75
74
78
88
74
74
68
69
76
93
65
70
89
66
87
73
79
66
72
75
70
78
60
78
78
72
71
82
85
90
73
80
62
91
73
86
67
89
84
71
76
80
86
78
84
86
68
78
79
89
83
91
71
65
78
74
79
75
74
74
70
79
82
95
60
71
71
82
87
67
54
71
78
86
75
74
62
68
78
81
84
91
81
78
92
93
86
85
78
94
79
69
74
62
73
83
69
72
86
71
90
74
72
96
70
76
81
52
81
79
79
82
80
67
80
71
81
104
102
81
94
81
83
86
93
95
82
67
63
84
86
69
91
76
70
68
90
65
89
87
86
64
65
80
63
81
78
67
84
78
80
85
66
78
76
79
88
88
72
81
68
82
90
77
70
60
69
74
71
90
96
89
67
75
76
73
88
68
69
77
69
79
72
67
69
91
68
103
72
92
91
73
82
84
89
66
82
63
84
68
63
81
66
84
98
85
70
74
63
80
84
66
87
71
72
95
70
70
89
82
85
82
93
82
70
96
73
81
77
88
82
86
71
85
90
67
73
71
76
73
69
91
78
81
66
74
75
66
86
81
63
83
72
65
61
74
77
73
62
75
85
90
74
74
86
80
98
67
66
66
67
66
76
89
79
74
77
72
84
86
61
83
67
85
59
81
77
73
80
67
80
70
86
76
78
84
62
64
88
84
85
65
76
85
86
78
76
64
75
71
73
67
61
93
89
75
64
70
80
83
74
77
72
76
52
82
72
88
74
79
82
96
77
81
74
73
83
69
89
95
80
75
85
64
86
69
51
72
68
85
72
81
70
76
79
60
74
80
103
80
65
64
87
75
80
93
73
80
76
75
72
72
81
69
80
79
84
82
72
73
71
83
93
79
58
74
67
85
82
67
73
86
80
91
72
85
78
79
82
83
84
80
73
67
80
77
83
85
67
75
66
62
73
68
75
71
72
85
83
63
68
81
58
71
76
75
84
75
70
82
78
76
79
69
68
81
77
85
80
87
65
85
71
81
71
60
81
77
68
72
80
75
76
80
79
73
75
80
68
73
79
84
91
77
92
81
77
75
74
76
77
74
76
83
72
81
62
76
77
87
81
82
80
79
75
77
89
76
81
76
75
76
71
85
74
86
92
74
81
74
64
80
68
82
72
88
74
77
77
74
76
82
79
78
63
86
77
87
65
74
67
90
80
77
93
81
78
62
73
82
70
96
75
64
82
86
73
74
83
66
89
72
73
88
90
73
81
81
97
67
87
89
76
97
79
70
76
87
96
82
85
82
80
62
85
67
83
77
85
91
70
70
73
75
68
72
70
85
90
84
71
92
70
74
72
95
92
114
89
84
71
80
74
79
107
97
70
76
88
83
77
102
80
83
68
91
93
87
93
66
100
66
74
94
91
85
107
73
90
76
87
92
79
79
76
84
83
76
80
93
77
90
95
81
103
79
92
84
94
88
84
91
81
89
96
80
80
90
88
77
95
91
87
106
106
71
84
90
89
98
92
90
79
106
77
92
93
89
87
107
83
100
121
87
92
101
95
101
81
100
88
86
93
93
86
106
90
95
92
102
89
91
113
93
84
110
82
79
72
116
92
90
89
72
82
97
84
108
89
86
97
101
96
102
101
100
83
103
95
111
88
102
107
100
85
120
94
85
90
95
90
99
102
107
101
91
102
79
94
112
117
107
86
93
110
90
105
103
110
112
105
108
94
105
88
89
107
92
84
90
92
103
81
114
100
95
86
95
103
100
88
109
117
72
94
109
98
96
83
110
111
110
107
104
103
101
102
96
112
94
101
110
95
102
104
95
119
106
106
104
121
108
113
122
115
123
102
115
108
121
100
101
96
119
145
115
106
111
103
109
106
111
115
105
112
113
117
96
102
98
100
92
132
109
111
132
101
95
103
110
117
109
98
114
127
99
99
118
129
132
133
111
135
117
131
100
127
115
102
107
111
105
98
128
107
112
130
116
117
110
122
98
125
116
126
99
119
115
134
111
94
116
121
120
121
106
110
119
114
100
132
120
136
112
107
122
133
104
95
142
117
107
130
118
116
116
103
98
107
122
104
118
112
104
88
97
113
119
90
99
110
99
99
94
101
96
92
97
93
81
78
101
92
84
89
103
80
70
101
95
88
93
84
68
78
75
86
79
80
79
86
66
88
71
102
87
80
67
85
76
78
74
76
78
72
75
89
93
59
85
76
91
60
74
79
66
73
63
80
80
78
75
89
70
77
73
86
59
66
78
72
80
95
60
69
72
90
70
81
50
59
85
60
73
73
64
61
60
56
62
73
75
73
72
58
66
72
75
72
79
63
77
61
65
63
64
59
69
81
73
81
60
61
71
56
80
66
78
68
74
71
59
61
81
60
65
66
58
62
78
60
56
72
63
72
58
64
73
62
83
63
64
67
42
71
55
48
64
71
75
66
78
66
63
50
62
69
78
67
47
60
55
58
54
65
70
65
66
63
67
63
58
50
64
56
57
61
46
53
60
43
66
57
58
49
59
58
60
44
64
58
59
51
60
62
41
54
60
60
49
46
51
54
76
53
55
60
51
51
50
46
53
56
43
48
60
45
57
49
62
41
53
39
53
51
63
49
46
49
54
48
47
44
39
34
63
48
66
47
36
56
46
49
46
47
44
61
38
53
44
65
45
51
51
56
42
35
51
65
51
49
54
45
32
50
46
42
40
45
41
40
55
43
33
49
49
49
42
34
31
51
52
43
51
47
27
35
48
42
37
47
42
39
42
49
36
42
33
35
42
40
35
43
46
35
38
37
47
32
40
46
48
49
28
36
36
38
36
23
38
41
41
31
48
25
30
32
45
39
41
26
36
35
33
37
30
52
27
35
29
31
35
49
25
32
40
33
35
28
33
28
41
47
32
28
35
35
39
33
30
30
37
39
39
40
33
23
48
39
27
30
33
42
41
42
45
37
28
30
34
40
32
39
26
35
33
41
28
32
35
38
38
29
29
42
34
34
33
35
30
36
29
33
30
25
31
29
32
36
38
41
35
35
37
33
32
41
40
33
34
43
38
35
28
42
40
41
30
35
25
37
42
35
35
33
34
26
33
34
31
31
27
32
34
41
34
29
37
41
30
31
36
28
30
41
30
20
31
36
38
28
35
35
36
44
30
34
44
47
28
44
41
23
34
26
33
33
29
29
30
38
34
35
31
31
24
33
26
34
30
22
29
25
28
37
39
35
44
35
43
32
39
47
33
27
31
39
35
29
37
36
33
27
31
21
33
29
31
26
30
31
32
30
29
26
25
18
42
30
30
25
38
33
35
37
33
25
32
26
46
33
33
37
49
53
45
50
60
73
79
80
84
95
96
108
135
166
189
236
383
486
602
866
1093
1409
1650
1980
2161
2214
1854
1599
1123
764
540
361
307
243
239
221
228
215
223
217
184
196
187
183
138
152
165
141
132
140
128
114
126
109
112
116
91
86
89
91
78
91
73
74
76
77
70
85
64
71
74
73
72
63
72
63
64
47
60
59
47
56
63
50
49
51
47
58
55
33
43
44
49
42
36
33
42
45
52
42
33
42
38
34
34
36
30
44
44
33
34
41
54
43
37
30
35
35
36
32
34
39
20
40
43
37
27
40
32
38
29
34
38
36
36
42
27
24
28
35
33
35
33
44
26
30
33
35
37
29
32
34
38
25
32
36
39
23
38
31
33
38
29
37
31
30
26
24
36
25
33
34
28
25
43
32
40
30
29
37
26
26
26
25
21
29
35
33
28
23
31
28
32
34
27
37
29
32
28
27
23
34
29
31
42
26
25
52
25
44
30
33
28
26
24
36
37
30
36
28
31
24
26
36
34
31
32
31
28
30
27
39
33
25
25
33
29
44
37
33
29
26
31
23
35
32
20
28
33
22
31
26
25
28
33
18
36
36
32
29
19
35
28
32
34
24
33
28
18
35
37
36
34
25
22
32
24
28
25
38
26
24
33
20
22
23
31
26
15
29
39
28
18
30
17
32
29
32
21
32
25
31
15
27
34
35
28
24
19
27
28
26
30
27
22
27
26
34
28
26
27
23
24
29
17
26
18
30
20
29
24
33
25
27
32
27
26
18
23
36
28
24
25
37
24
21
31
42
28
36
23
30
19
25
26
20
19
33
27
30
35
29
23
42
33
29
31
24
27
29
19
32
26
32
23
34
23
21
25
26
30
25
24
20
19
23
25
26
25
31
22
26
24
18
24
29
16
16
20
23
29
28
25
27
22
17
32
27
15
22
38
31
22
25
31
34
23
29
28
22
16
27
24
19
36
31
28
20
39
23
21
13
27
23
29
27
32
25
28
36
23
22
28
19
28
23
21
27
24
26
26
27
30
19
32
23
31
30
22
19
12
19
23
18
20
20
22
21
20
24
22
27
31
15
24
28
34
26
18
26
28
19
22
16
22
28
28
17
25
20
29
18
27
19
27
33
30
32
26
26
25
22
21
29
28
30
28
20
15
30
24
20
21
23
23
28
29
19
27
27
36
26
33
27
20
25
34
31
22
36
27
28
21
27
23
29
31
24
22
26
21
27
24
24
34
21
23
19
33
25
22
18
20
27
22
28
23
23
31
20
22
35
19
29
22
28
20
20
23
24
23
35
20
22
29
18
21
28
17
28
29
19
18
13
31
22
22
26
20
27
34
25
16
21
19
20
22
22
27
20
20
27
20
21
22
20
22
21
22
20
31
28
21
32
27
24
24
31
39
16
21
21
23
20
30
25
21
29
35
24
23
22
15
32
23
32
35
26
27
26
25
28
22
30
28
25
14
24
25
23
28
25
24
20
23
30
24
25
23
21
20
20
24
26
14
23
18
19
16
30
34
16
24
22
26
19
19
29
17
28
15
20
17
19
18
15
21
16
20
31
28
21
29
19
22
22
26
23
17
25
20
25
22
25
21
22
20
16
26
21
28
26
21
25
21
24
21
22
37
14
27
19
21
17
16
24
21
27
29
37
36
13
30
11
19
23
20
26
21
25
22
20
32
27
23
19
24
21
25
25
25
18
21
15
25
18
28
16
15
18
17
28
24
26
15
25
14
28
21
24
18
22
20
22
19
20
28
21
24
16
16
22
28
24
18
17
19
19
22
20
21
18
22
21
27
21
15
30
14
22
25
21
18
19
29
23
25
19
24
23
18
20
26
24
20
22
22
21
17
15
33
19
18
21
18
24
25
22
16
14
25
21
20
21
23
26
14
22
25
22
19
14
16
19
20
16
17
17
26
18
16
22
20
16
20
16
17
21
17
20
16
23
18
24
27
21
26
20
21
20
15
18
15
16
23
15
18
17
23
14
15
20
19
23
16
21
18
18
20
14
13
19
22
12
23
20
22
13
14
15
24
14
19
13
18
14
17
17
19
22
15
18
13
20
16
15
14
21
20
23
18
19
17
20
19
15
17
14
12
16
18
19
17
19
14
20
24
9
10
8
20
14
10
14
19
27
17
15
14
16
15
23
13
16
18
18
14
13
16
17
16
8
12
13
18
17
21
14
5
18
9
19
6
16
16
16
20
12
10
15
21
19
11
15
15
15
9
13
20
15
15
14
20
15
10
12
9
10
18
6
12
15
17
9
12
11
15
13
10
9
14
8
12
11
10
8
10
10
7
14
5
9
11
10
9
14
8
9
11
9
13
4
11
8
13
10
11
8
12
13
14
10
10
7
17
8
11
10
14
7
15
11
9
15
6
9
7
16
12
11
7
11
15
7
4
15
9
11
7
7
12
8
10
8
12
10
10
16
11
6
17
8
5
7
8
11
11
11
11
13
9
7
13
9
7
6
10
2
8
13
3
8
8
12
4
8
8
6
9
12
8
7
7
8
8
12
13
8
9
6
8
13
12
11
8
4
15
6
8
9
4
8
12
10
9
13
6
8
8
6
12
12
8
10
9
8
8
15
7
13
8
10
10
10
11
13
9
11
5
1
7
7
5
7
8
9
8
5
9
8
6
12
7
8
8
13
15
12
4
8
13
6
9
6
14
6
5
11
7
7
8
6
6
13
15
13
9
7
9
10
9
13
9
8
12
9
11
9
10
5
8
8
10
5
11
7
4
8
4
6
7
4
8
9
8
8
7
6
8
11
4
6
4
9
3
11
5
8
7
10
9
7
7
5
6
8
7
5
8
8
6
9
9
9
9
8
10
5
14
8
9
5
3
8
7
13
9
5
8
7
8
8
5
8
12
5
12
7
8
7
12
7
11
8
8
6
7
8
9
7
2
5
4
10
7
8
6
9
7
10
10
8
12
10
5
7
3
7
8
8
6
5
4
12
5
3
6
7
9
7
12
4
6
10
10
5
11
5
9
7
10
10
8
9
6
10
7
9
7
8
11
6
14
10
8
6
6
10
8
14
2
14
9
6
8
5
10
11
5
5
6
10
9
7
11
6
10
9
9
12
7
20
18
12
14
13
10
16
29
25
29
33
48
59
66
95
85
98
104
102
147
124
128
103
94
66
70
53
42
28
21
20
23
14
13
10
17
13
11
20
15
17
7
12
9
12
16
5
14
12
10
5
12
9
9
7
12
11
3
7
8
7
6
7
7
3
4
9
5
2
6
7
10
1
7
9
7
10
7
3
6
4
10
7
4
6
8
5
11
7
7
3
8
7
6
1
6
6
3
5
4
4
9
6
4
5
4
7
4
1
7
6
2
8
4
3
5
4
3
3
6
2
6
4
1
7
1
5
3
5
4
5
4
5
3
4
4
5
9
3
3
4
1
7
5
7
6
0
6
6
5
2
3
6
4
5
5
2
3
3
6
3
4
3
4
7
4
4
1
3
6
2
3
5
5
6
4
8
8
5
5
2
6
4
3
4
6
2
2
6
3
6
1
4
4
9
5
5
2
1
4
6
5
3
6
3
3
3
5
3
7
1
4
3
3
6
2
5
3
4
1
6
4
6
2
4
2
3
2
5
3
3
6
6
2
3
3
1
4
4
3
1
5
3
2
5
1
3
2
0
5
10
5
5
1
3
6
4
4
1
3
1
5
1
2
3
1
1
5
3
6
2
2
4
8
4
5
1
1
3
3
4
3
3
3
2
0
3
4
3
1
2
2
3
6
1
4
4
1
3
5
4
2
4
5
5
3
1
3
5
2
5
4
2
3
4
4
2
3
0
6
2
5
4
3
2
5
1
3
2
5
3
3
1
3
7
1
2
1
2
6
3
4
3
2
5
2
5
4
5
1
6
3
0
6
4
3
4
1
5
3
3
3
5
0
3
1
4
1
3
5
0
6
4
4
1
5
7
5
3
0
5
6
4
4
2
3
3
2
5
3
4
3
5
1
6
3
4
2
2
8
2
1
3
5
5
3
0
3
6
1
2
2
2
2
6
1
5
8
2
1
3
3
3
2
9
6
3
1
1
2
2
3
1
2
1
6
1
2
6
3
1
2
1
5
6
4
4
2
4
0
5
3
5
1
1
1
3
3
4
4
4
1
1
3
5
3
4
4
2
4
3
2
4
5
2
1
2
4
2
4
4
7
8
1
3
3
7
3
4
5
1
1
1
1
5
3
5
4
1
2
2
5
3
4
3
5
4
6
2
1
8
4
3
4
6
4
1
8
2
2
7
6
2
1
6
4
9
3
3
0
4
3
2
2
1
0
2
2
7
2
5
1
2
4
5
3
4
3
4
5
2
4
3
1
2
2
5
3
3
2
0
4
3
3
8
4
3
8
0
0
4
2
3
4
2
3
6
2
2
3
1
2
3
2
2
1
6
4
6
0
1
6
5
1
1
5
3
4
1
5
1
2
1
7
1
4
4
1
3
4
3
5
5
3
1
0
1
3
1
8
3
3
2
5
3
0
0
5
3
2
7
3
4
2
3
0
3
1
3
2
4
2
5
4
0
2
3
2
3
1
1
2
1
3
4
4
3
2
2
2
4
1
3
3
2
5
2
6
2
0
1
2
2
3
1
6
1
3
1
5
0
4
0
2
6
0
1
1
3
4
2
2
4
3
3
0
2
1
3
2
2
1
4
2
1
3
5
3
4
4
1
3
0
3
5
2
4
2
1
3
4
6
3
1
2
0
3
2
3
2
0
3
1
0
5
1
5
6
1
2
5
1
2
0
2
2
4
2
2
3
2
1
3
2
1
3
1
2
3
1
1
2
2
2
1
4
3
2
6
2
4
2
4
5
2
4
1
2
2
2
2
1
0
2
0
3
1
1
2
1
3
3
2
0
2
1
3
3
3
2
2
0
2
1
5
2
1
0
1
3
3
3
1
1
2
1
5
1
2
2
1
3
1
3
3
1
2
2
2
1
1
3
0
1
0
1
4
0
2
0
1
1
4
1
2
0
2
5
2
1
1
2
1
4
4
3
2
3
4
5
1
0
0
2
1
3
6
2
3
3
2
3
4
1
3
0
2
2
2
1
3
3
0
2
2
0
3
2
5
5
3
1
0
1
4
3
2
2
3
1
3
3
1
0
1
2
1
4
2
3
2
3
1
5
0
1
3
2
2
0
1
2
2
4
3
1
1
2
1
2
2
1
0
3
0
3
0
1
0
1
1
0
3
3
4
2
1
2
1
0
3
4
2
4
3
0
0
2
0
4
3
0
4
1
3
2
0
2
0
4
1
1
0
3
2
1
3
1
2
2
0
2
0
3
2
1
1
2
2
2
0
0
0
0
2
1
1
2
2
3
2
1
2
3
3
0
2
1
1
4
0
4
1
0
2
1
2
1
2
2
2
1
3
0
4
3
3
0
2
0
1
0
0
1
3
5
0
1
3
3
0
0
1
2
2
1
4
2
2
3
3
1
5
2
3
2
3
0
0
3
1
2
1
0
2
2
2
0
2
0
2
0
2
1
1
1
2
1
1
1
5
2
0
3
1
2
3
2
1
1
1
1
0
3
2
2
3
0
2
3
1
5
2
2
1
2
4
1
3
0
0
2
2
5
1
2
4
3
1
1
0
1
1
3
0
0
3
4
1
0
2
1
2
2
1
3
0
2
1
1
1
2
1
1
2
3
0
2
3
2
1
1
2
0
1
1
5
2
0
2
2
2
2
4
6
2
3
5
5
2
1
3
1
3
1
0
1
1
1
0
3
3
2
2
4
0
1
1
0
1
1
2
0
3
1
2
1
0
2
3
0
2
1
3
2
0
1
0
3
3
4
3
0
1
4
2
0
5
0
2
2
2
2
3
2
2
4
0
5
1
1
1
2
1
1
1
1
0
1
2
1
4
0
1
2
0
3
2
1
0
0
0
2
1
4
2
2
1
0
3
0
4
0
1
3
2
3
2
1
0
1
0
1
1
1
2
0
1
4
1
1
2
4
1
3
1
1
0
2
0
4
2
0
0
3
2
1
3
3
2
1
4
0
0
1
4
1
1
1
1
5
2
0
3
0
1
2
0
4
1
2
2
2
2
3
0
3
2
1
0
2
1
0
1
1
1
3
1
3
2
2
2
0
1
0
3
0
1
2
3
0
2
1
2
2
0
1
1
1
0
0
1
2
1
0
0
3
1
2
1
1
2
2
3
2
2
0
3
2
2
0
0
3
1
3
1
1
2
1
1
1
1
2
1
0
1
1
0
3
2
0
1
3
3
1
1
0
1
3
1
4
0
3
1
4
3
1
2
1
0
0
0
3
3
0
4
0
2
2
1
1
1
0
4
1
0
2
2
0
0
1
0
1
1
2
3
0
1
0
0
2
0
0
0
1
2
1
1
1
1
1
0
2
1
1
1
1
0
1
0
1
1
1
2
0
1
3
2
0
0
1
0
0
0
0
0
1
0
0
1
2
1
2
2
2
0
1
1
1
0
2
0
3
0
1
1
1
5
1
0
2
0
0
2
3
0
3
2
2
1
1
1
1
2
2
1
1
1
2
0
1
3
0
0
1
2
0
1
1
1
1
0
2
1
1
1
2
2
0
0
1
0
1
1
1
1
1
0
0
0
0
1
1
1
1
1
0
1
1
0
0
0
0
0
0
4
0
2
0
1
1
1
1
1
2
0
0
1
1
0
0
0
1
0
0
2
2
1
1
0
0
0
2
2
0
1
0
4
0
0
0
2
0
2
2
0
1
2
1
0
2
2
4
0
0
1
2
0
0
1
0
0
1
0
2
2
1
4
0
1
0
0
0
0
1
1
0
0
2
2
1
0
1
0
0
0
0
3
0
1
0
2
1
1
0
1
2
1
0
4
0
0
1
0
0
0
1
0
0
2
0
2
0
0
0
1
2
0
1
0
1
1
0
1
1
1
1
1
1
0
1
1
0
2
1
2
1
1
0
0
1
0
2
0
0
0
1
0
1
0
0
0
0
0
0
1
0
0
0
1
0
1
1
0
0
1
0
0
0
0
2
1
0
0
0
1
0
0
0
0
3
2
3
2
0
4
1
0
1
2
0
1
0
0
0
1
0
2
1
0
3
1
1
0
1
0
0
1
0
0
0
1
2
0
1
1
0
1
0
0
1
0
2
0
0
1
0
1
3
1
1
1
0
1
0
0
0
0
0
1
1
1
0
0
0
0
0
2
0
2
0
2
0
0
0
1
0
0
0
0
1
1
2
4
0
1
1
1
2
2
1
2
1
0
1
2
0
0
2
0
1
1
0
1
0
0
0
0
1
0
1
1
2
0
0
0
0
1
0
2
0
1
1
4
0
0
1
2
0
0
1
1
1
0
1
0
0
0
0
1
0
3
3
0
0
1
0
1
1
1
1
0
0
0
0
0
1
0
1
1
0
0
0
2
1
0
0
1
2
1
2
1
0
0
1
1
0
0
0
1
0
0
2
0
0
1
0
0
0
1
0
1
1
0
0
0
0
0
1
1
0
1
1
0
1
0
0
0
0
0
0
0
0
1
1
3
0
1
1
1
0
0
1
1
0
0
0
0
0
0
2
4
0
0
0
1
1
3
1
1
1
1
0
1
0
1
0
0
0
0
0
1
0
0
0
0
1
0
1
0
0
1
1
0
0
0
0
3
1
0
0
2
0
1
0
0
0
1
0
0
1
1
3
0
0
2
2
0
1
0
0
2
0
0
2
0
0
1
0
1
0
0
0
1
1
1
1
0
0
2
2
0
1
1
0
0
0
0
0
1
1
0
0
0
1
0
1
0
0
1
2
0
0
1
1
1
0
0
0
0
0
0
1
0
2
0
1
0
1
2
0
0
1
0
0
0
2
0
0
1
1
0
1
0
0
1
0
2
1
2
0
0
0
0
0
1
0
1
0
0
0
0
0
0
2
0
1
1
0
2
1
1
0
1
0
1
0
0
0
1
1
1
0
0
0
1
2
1
1
0
2
0
0
1
1
0
2
0
0
3
0
0
0
0
0
0
1
0
0
0
0
0
0
0
1
1
0
0
0
0
0
1
1
0
2
0
0
1
0
0
1
1
0
0
0
0
1
0
0
0
0
0
0
1
1
0
0
0
0
1
1
1
1
0
0
0
0
1
0
1
0
1
1
2
2
0
0
0
2
1
0
0
1
0
0
0
1
0
0
1
0
0
0
1
0
0
1
0
0
0
0
0
0
0
1
1
0
0
0
0
0
0
1
1
1
1
1
0
0
0
0
0
0
1
0
1
0
1
0
1
0
0
0
0
0
0
0
1
0
0
0
0
1
0
1
1
0
0
0
0
0
0
1
0
0
0
2
2
2
2
0
0
0
0
0
0
3
0
0
0
1
1
1
0
0
0
0
1
1
0
0
0
0
0
0
0
0
0
0
0
0
1
1
0
0
0
0
0
0
0
0
0
0
1
0
0
0
1
1
1
2
0
0
1
1
0
1
0
1
0
0
0
1
1
1
0
0
1
1
0
0
0
0
0
0
0
0
0
0
0
0
0
0
0
0
0
0
0
0
2
0
0
2
1
1
0
0
0
0
0
0
0
0
1
0
0
1
0
1
1
0
0
0
0
0
0
0
0
1
1
0
0
0
0
0
0
0
1
1
0
0
1
1
1
1
0
1
0
0
0
1
0
0
0
0
0
0
1
0
1
0
0
0
0
0
0
0
0
0
1
0
0
0
0
0
1
0
0
0
1
1
0
0
0
0
0
0
0
0
1
0
0
1
0
0
0
0
1
0
0
1
0
0
1
0
0
1
1
0
1
0
1
0
0
0
0
1
0
0
1
0
0
1
0
0
0
0
1
0
0
0
0
0
0
0
0
0
1
0
0
0
0
0
0
0
0
0
0
1
0
0
0
0
0
0
0
0
0
0
1
0
0
1
0
1
1
0
1
0
0
2
0
0
1
0
0
1
0
0
0
0
1
0
0
1
0
1
1
1
0
0
1
0
1
0
0
1
0
1
1
0
0
1
0
0
0
0
1
0
0
0
0
0
0
1
0
0
1
0
0
0
0
0
2
0
0
0
1
1
1
0
0
0
0
1
1
0
0
1
0
0
0
1
1
0
0
0
0
1
0
0
0
0
0
0
1
0
0
0
0
0
0
1
0
0
1
0
0
0
0
0
0
0
0
0
0
1
0
1
0
0
0
0
0
0
0
0
1
0
0
0
1
0
1
0
0
0
0
1
1
0
0
1
0
0
1
0
0
0
0
0
0
0
0
0
1
0
1
0
0
1
0
1
0
0
1
1
2
0
0
0
0
0
0
0
0
0
0
0
1
0
0
0
0
0
0
0
0
0
0
1
0
0
1
0
0
2
0
0
0
1
0
0
0
0
0
0
0
0
0
0
0
0
0
0
0
0
0
0
0
0
0
0
1
0
0
0
0
0
0
0
1
0
0
0
0
0
0
0
0
0
0
2
0
1
0
0
0
0
1
0
0
0
1
0
0
1
0
0
0
1
0
0
0
0
0
0
0
0
0
1
0
0
0
1
0
0
0
0
0
0
1
0
0
0
0
1
0
0
0
0
0
0
0
0
1
0
0
0
0
0
0
0
0
0
0
1
0
0
0
0
0
0
0
0
1
0
0
0
0
1
0
1
0
1
0
1
1
0
0
0
0
0
0
0
0
0
0
1
0
1
0
0
0
0
0
1
0
0
1
0
0
0
0
0
0
0
0
0
0
0
0
0
0
0
0
0
0
0
0
0
0
0
0
0
0
0
1
0
0
0
0
1
0
0
0
0
0
0
0
0
0
0
0
0
0
0
0
1
0
0
0
0
0
0
0
1
0
1
0
0
0
0
0
0
0
0
0
1
0
0
1
0
0
0
0
0
1
1
0
0
0
0
0
0
0
0
0
0
0
0
0
0
0
0
0
0
0
0
1
1
0
1
0
0
0
0
0
0
1
0
1
0
0
1
0
0
0
0
0
2
0
0
0
0
1
0
0
0
1
0
0
0
0
0
0
0
0
0
0
0
0
0
0
1
0
0
0
0
0
1
1
0
0
0
0
0
0
0
0
0
0
0
0
0
0
0
0
1
1
0
0
1
0
0
0
0
0
0
0
0
0
0
0
0
0
0
0
0
0
0
0
0
0
0
0
0
0
0
0
0
0
0
0
0
0
0
0
0
0
1
0
1
0
0
0
0
0
0
0
0
0
0
0
0
0
0
0
0
0
0
0
0
0
0
0
0
0
0
0
0
0
0
0
0
0
0
0
0
0
1
0
0
0
0
0
0
0
0
0
0
1
1
0
0
0
1
1
0
0
0
0
0
1
0
0
0
0
1
0
0
0
1
0
0
0
0
0
0
0
0
0
0
1
0
0
0
0
0
0
0
0
0
0
0
0
0
1
0
0
0
0
0
0
0
0
0
0
0
0
0
0
0
0
0
0
0
0
0
0
0
0
0
0
0
0
0
0
0
0
0
0
0
0
0
0
1
0
0
0
0
0
0
0
0
0
0
0
1
0
0
0
0
1
0
0
0
0
0
0
0
0
0
0
0
0
0
0
0
0
0
0
0
0
1
0
1
0
0
0
0
0
0
1
0
0
0
0
0
0
0
0
0
0
0
0
0
0
0
1
0
0
0
0
0
0
0
1
0
1
0
0
0
0
0
0
0
1
1
0
0
0
0
0
0
0
0
1
0
0
0
0
0
0
0
0
0
0
0
0
1
0
0
0
1
0
0
0
0
0
0
2
1
0
2
0
0
2
0
3
1
2
1
0
1
1
0
0
1
0
1
0
0
2
0
1
1
2
1
1
0
1
1
1
0
0
2
1
1
0
0
1
1
0
3
0
0
1
0
1
1
2
1
1
1
0
1
1
0
0
0
0
0
0
0
0
0
1
0
1
2
0
0
1
0
1
0
3
3
0
0
0
0
1
1
3
0
0
0
0
0
2
0
0
0
2
0
1
3
3
3
1
0
2
0
0
1
0
0
0
0
0
0
0
0
0
0
0
1
0
0
0
0
0
1
0
0
0
0