0
0
0
0
0
0
0
0
0
0
0
0
0
0
0
0
0
0
0
0
0
0
0
0
0
0
0
0
0
0
0
0
0
0
0
0
0
0
0
0
0
0
0
0
0
0
0
0
0
0
0
0
0
0
0
0
0
0
0
0
0
0
0
0
0
0
0
0
0
0
0
0
0
0
0
0
0
0
0
1
0
0
1
1
1
0
0
0
0
1
2
2
1
2
4
1
4
6
4
4
7
11
14
16
11
25
20
25
28
41
33
53
49
69
75
89
87
127
119
162
183
219
271
286
360
400
347
293
196
180
135
118
120
156
170
196
225
267
278
352
399
453
418
475
554
548
540
591
483
343
154
127
105
120
166
178
192
220
240
253
275
322
379
398
412
420
433
335
238
195
175
164
226
199
209
285
306
358
400
458
521
516
499
423
322
217
172
158
177
214
250
246
277
316
368
442
410
366
262
247
189
197
218
245
246
267
307
299
346
330
334
323
284
227
276
247
261
300
362
399
430
428
478
425
438
391
323
277
269
254
316
325
360
390
434
439
399
381
331
282
273
273
237
270
293
324
316
345
367
316
312
322
308
283
297
308
336
384
366
376
414
399
361
359
391
332
328
303
311
325
389
412
389
383
383
348
356
318
303
301
312
306
293
302
314
352
300
300
278
261
265
254
249
262
239
260
314
300
289
308
319
271
270
283
296
308
289
306
306
274
303
297
281
318
296
313
293
289
311
291
289
317
321
290
298
312
296
300
279
280
291
317
284
301
287
312
305
328
286
296
281
289
306
290
299
281
299
283
303
269
277
275
288
280
317
294
290
298
292
289
291
314
307
278
305
276
286
295
311
312
276
302
279
280
291
309
311
301
291
293
289
255
309
300
281
299
307
277
297
288
265
267
312
287
298
323
277
306
313
269
302
286
300
297
299
288
297
313
307
299
300
305
274
283
304
311
298
328
306
299
324
300
314
283
308
331
305
333
320
271
284
296
307
294
282
278
278
291
325
316
299
302
311
319
301
294
308
369
321
307
298
296
322
301
312
306
294
318
310
310
307
321
318
330
283
310
307
313
312
310
316
327
289
293
306
322
349
286
331
308
288
310
307
291
316
300
307
327
329
321
289
282
296
317
306
302
304
335
301
304
313
324
322
323
285
299
306
277
319
309
298
325
313
310
287
265
294
314
319
307
305
291
313
316
277
296
311
288
322
284
312
316
316
321
291
310
267
307
307
310
275
299
327
309
270
322
338
297
322
291
315
305
313
305
296
324
311
289
308
301
312
306
279
298
299
317
290
326
314
311
281
298
296
323
273
314
287
295
306
318
280
297
295
278
282
304
339
286
285
323
317
298
288
341
305
304
298
320
298
289
311
304
307
329
288
312
316
300
316
313
280
306
320
300
330
328
296
318
297
310
320
322
308
342
335
341
331
296
329
342
296
303
303
299
317
303
323
310
334
342
326
324
308
306
325
315
316
319
319
343
310
332
283
325
320
319
302
321
321
310
313
342
285
315
335
320
319
326
311
357
332
339
324
340
308
332
288
328
317
322
330
356
355
339
338
330
318
335
347
312
315
338
299
321
320
329
336
338
293
301
317
308
334
335
352
325
334
342
337
320
311
327
320
345
309
327
306
318
333
293
331
310
341
329
326
317
324
316
329
325
347
315
322
332
306
304
294
322
301
345
305
299
313
304
314
331
304
303
295
328
266
273
291
314
303
260
334
294
305
250
271
316
294
294
253
301
274
249
282
289
284
295
274
274
281
214
255
269
275
268
239
254
237
260
241
229
221
264
256
264
271
220
203
225
214
218
217
232
223
248
230
245
229
231
221
232
186
213
219
210
211
234
172
205
161
166
176
181
169
188
187
191
187
185
164
193
176
212
182
158
175
187
167
173
171
179
177
176
173
151
177
186
184
162
164
158
155
176
138
163
172
159
152
159
156
164
156
166
147
149
137
154
143
136
149
145
155
156
157
144
171
133
156
151
155
139
142
139
141
128
135
170
140
136
132
153
152
133
135
142
144
116
151
146
145
123
144
132
144
120
143
127
131
137
131
127
127
141
116
130
114
131
140
114
129
118
134
129
114
138
129
113
113
106
122
106
139
130
124
123
120
133
126
122
127
112
108
114
107
100
108
112
105
124
124
95
118
105
123
115
101
118
113
114
112
121
89
106
111
108
121
120
97
110
116
107
104
104
110
112
100
106
103
108
98
117
97
105
110
104
108
82
90
104
93
111
108
94
100
106
104
101
110
101
87
109
97
76
105
107
94
108
89
104
106
103
76
112
89
100
92
105
103
74
97
101
103
105
105
102
107
112
87
102
100
101
104
116
108
89
110
95
118
92
82
92
85
93
105
110
114
105
85
117
97
78
104
99
106
94
90
90
99
111
107
93
98
92
94
84
99
83
105
71
90
95
102
106
93
106
95
112
90
102
91
92
108
94
99
100
98
123
119
97
106
103
96
102
94
98
126
123
106
117
121
102
111
114
125
111
100
122
114
119
114
125
120
112
132
118
122
121
141
128
119
124
125
141
152
145
130
144
119
114
132
143
166
136
165
144
178
138
176
136
147
164
157
168
162
172
164
174
156
177
202
163
180
212
209
210
206
216
221
190
227
200
206
210
221
250
263
239
248
232
231
268
274
286
291
277
266
286
311
299
281
309
289
322
304
336
328
349
326
382
405
353
377
415
397
417
419
432
442
440
426
464
463
477
480
502
489
530
567
508
595
547
537
572
566
603
610
646
646
632
668
681
693
681
677
712
723
705
730
716
752
806
797
792
762
854
809
812
827
892
879
891
903
895
919
927
888
978
964
958
946
942
947
997
969
998
1030
970
1003
1002
935
1000
983
958
1047
990
949
975
935
972
990
963
949
913
857
855
886
898
802
756
766
712
678
736
661
665
695
648
598
563
506
493
532
445
470
419
388
382
369
371
335
305
289
265
286
244
222
252
224
214
204
186
183
202
177
176
180
198
170
163
172
164
152
168
160
160
157
151
152
161
124
152
115
123
121
132
131
113
138
96
118
104
114
99
84
115
94
111
99
105
96
99
103
95
91
93
103
81
95
95
74
82
93
81
72
74
96
74
76
83
70
91
92
74
71
93
76
95
77
65
77
81
58
90
72
74
72
79
80
100
84
68
68
83
90
64
82
79
75
78
72
78
62
79
85
69
87
71
65
60
80
72
68
81
70
59
87
69
76
66
79
73
75
62
78
75
76
65
59
74
69
77
75
55
63
70
73
72
58
79
55
60
67
73
74
65
72
84
57
67
69
63
74
70
68
83
87
73
66
82
59
67
65
69
66
84
64
70
66
55
76
62
86
72
68
57
70
72
63
62
69
69
67
78
76
70
69
68
72
68
55
58
61
67
68
71
72
68
72
81
58
62
62
65
76
80
69
72
69
56
79
79
64
75
55
67
66
61
65
73
57
68
71
64
63
55
88
57
67
58
71
70
65
74
71
73
66
59
64
55
54
60
60
60
66
80
78
64
61
56
72
77
71
81
55
73
54
84
68
64
74
69
62
61
68
76
66
52
72
69
64
65
60
80
67
49
72
62
54
62
76
51
64
63
69
58
60
61
79
52
70
78
59
64
56
55
80
69
80
62
69
60
59
64
82
60
77
80
76
65
60
58
44
71
62
69
65
70
74
67
73
53
70
58
72
87
64
52
68
62
56
60
62
56
67
60
56
64
57
67
84
70
58
76
56
70
63
63
72
68
55
61
77
65
66
56
73
74
74
65
62
72
70
61
70
75
56
58
64
73
58
68
75
63
73
63
49
66
64
63
53
72
57
75
57
74
61
65
72
69
75
60
53
60
61
66
66
67
52
53
77
63
72
81
52
73
70
55
68
63
69
73
67
66
82
71
54
60
55
67
58
58
45
57
75
68
60
73
57
65
55
65
61
55
56
56
72
59
63
66
67
53
65
71
50
81
67
68
66
66
71
83
53
81
72
75
76
67
67
65
64
58
53
56
65
72
69
57
69
65
71
67
63
67
64
67
65
69
67
69
80
76
68
59
61
58
68
57
74
67
70
69
57
68
61
60
84
48
61
67
65
57
62
61
66
62
63
56
73
53
62
77
61
62
62
73
60
58
57
70
49
59
55
60
63
69
62
54
57
67
52
57
59
60
65
57
80
63
56
68
61
62
68
67
71
53
52
60
69
62
74
71
45
62
51
58
56
66
64
66
64
48
51
82
57
58
69
65
54
56
52
51
60
61
56
70
67
47
61
51
49
43
72
60
57
47
71
57
62
61
48
62
52
56
57
54
70
78
57
51
64
63
80
62
58
68
56
63
84
63
68
68
66
69
58
62
60
58
63
55
65
59
63
52
63
57
60
68
61
54
64
78
66
64
75
54
60
69
68
55
68
60
54
67
63
63
53
70
71
75
50
56
64
61
67
63
63
69
56
63
47
50
58
67
65
71
68
74
70
61
69
70
62
57
52
46
58
67
61
61
69
76
64
83
68
40
71
64
65
59
66
62
67
64
67
67
58
57
53
57
70
78
61
55
79
61
57
65
57
68
58
62
67
57
69
60
64
61
58
59
57
61
60
63
65
80
58
61
62
62
68
56
79
63
55
70
65
61
60
67
65
60
63
59
72
49
69
58
60
63
33
66
62
60
74
74
69
60
58
61
72
72
62
49
71
70
55
61
60
68
73
60
52
56
64
61
70
60
53
58
79
48
42
64
66
77
76
66
60
84
67
70
55
54
37
55
58
57
54
52
58
56
56
59
66
68
59
51
71
62
57
70
59
62
53
67
65
61
50
73
50
61
56
59
66
64
65
72
73
58
70
58
67
63
54
55
49
58
50
45
67
66
62
56
52
57
78
59
52
62
59
57
62
65
57
56
59
65
72
56
54
63
68
66
54
52
60
53
50
54
71
61
70
67
58
62
71
68
65
62
55
67
64
69
54
54
68
65
59
68
55
62
65
56
67
77
59
60
54
45
66
76
60
66
53
66
55
53
68
54
57
46
57
56
54
57
58
49
67
61
50
63
61
64
60
51
74
64
74
49
70
56
68
57
55
66
62
59
56
58
54
49
57
68
69
62
47
71
51
75
66
60
62
77
65
61
60
67
56
64
56
48
67
70
46
71
51
53
49
52
51
68
72
58
52
65
71
70
77
69
59
48
64
67
64
57
66
59
54
66
62
51
70
77
57
61
48
56
54
57
56
54
67
64
68
59
57
81
54
53
55
65
72
71
76
66
57
73
57
64
73
65
61
66
66
64
64
71
63
64
70
73
75
51
49
66
62
63
57
56
57
71
61
67
71
61
64
46
44
88
62
55
59
74
63
63
61
61
61
67
58
71
63
61
53
65
75
74
54
72
65
63
64
53
73
54
66
57
60
65
53
63
67
65
68
73
55
66
62
77
52
59
64
70
62
59
61
76
67
59
61
64
64
76
56
51
70
66
73
59
70
59
60
57
67
71
65
67
54
75
69
64
61
52
63
72
67
57
68
62
62
74
67
59
64
63
71
66
52
57
65
65
74
73
61
79
70
56
58
81
75
81
54
81
74
56
49
62
60
55
76
80
64
65
58
74
62
60
73
71
68
65
68
66
66
64
59
77
79
57
70
72
63
68
81
49
66
61
99
70
70
66
73
85
81
73
77
77
65
81
63
63
63
69
68
62
73
74
79
75
70
78
60
58
80
67
78
79
68
65
75
62
51
75
82
57
73
87
63
77
78
82
72
78
74
74
66
66
71
90
78
58
74
77
98
73
83
84
63
73
65
77
65
82
88
81
83
78
59
72
82
64
56
72
64
67
75
75
77
78
67
86
75
84
82
72
70
71
58
81
76
71
63
72
97
60
62
78
71
93
64
84
89
94
82
76
72
75
76
74
80
75
88
79
79
86
68
101
79
94
82
74
86
71
87
79
79
82
78
91
83
92
71
91
95
67
97
79
88
72
78
103
68
89
90
79
88
92
80
68
99
92
107
104
89
81
86
92
79
68
82
81
86
101
92
71
89
100
84
91
83
72
108
91
88
82
105
92
91
77
93
73
68
81
77
72
101
77
93
73
86
88
93
90
93
79
84
71
89
74
88
95
93
87
70
73
67
103
73
90
95
88
81
75
83
91
85
90
75
93
76
79
82
94
65
83
77
73
78
70
80
83
87
105
86
87
93
85
78
82
94
77
68
73
82
83
74
73
90
76
68
77
61
75
71
88
92
70
85
80
74
59
66
91
64
69
78
73
64
85
66
93
64
78
68
78
70
69
86
79
72
66
75
65
71
69
78
64
88
67
73
69
83
73
68
50
72
81
55
73
70
66
73
59
69
74
55
66
64
72
60
54
63
66
54
59
71
55
58
56
64
56
67
49
57
63
58
62
58
74
55
51
50
57
59
50
54
58
50
65
62
58
63
54
53
58
48
54
49
59
53
52
65
55
63
47
53
47
49
68
52
54
62
54
44
49
46
47
47
60
63
50
62
53
52
51
51
46
52
48
53
50
63
39
58
41
50
40
52
41
63
59
48
54
43
54
50
50
46
53
45
59
50
51
56
47
52
48
46
35
47
54
65
45
59
53
60
63
46
42
54
48
54
58
43
63
63
42
55
60
48
60
49
44
60
50
52
36
48
32
38
45
42
54
41
48
51
48
39
49
36
41
54
57
60
35
57
34
57
49
33
57
49
46
52
43
36
31
31
48
43
42
49
33
36
41
43
56
48
40
36
46
45
47
44
40
48
57
31
40
46
35
44
28
48
38
44
51
48
38
45
36
37
39
34
43
38
46
35
43
47
31
36
45
47
40
37
39
34
25
40
33
42
34
41
33
42
32
36
46
32
39
42
40
35
28
46
40
40
31
28
33
30
47
27
30
28
44
36
38
41
33
32
37
34
27
39
37
27
35
39
33
31
42
40
37
34
37
26
33
29
39
32
23
30
31
36
47
29
33
33
23
39
29
38
40
40
37
41
34
34
27
27
30
29
32
29
44
30
44
33
31
25
28
32
32
30
29
23
37
30
29
37
37
31
32
32
30
36
31
26
30
36
33
26
32
21
28
25
27
19
26
30
23
36
24
23
36
27
30
29
24
35
37
24
27
44
24
23
27
31
20
28
15
34
37
36
29
34
30
29
33
28
25
36
25
35
26
32
26
26
19
27
20
31
35
36
20
26
27
32
25
38
32
39
30
36
28
29
26
18
27
21
31
20
37
27
25
33
26
44
30
25
26
32
16
30
30
26
24
30
26
28
37
19
31
47
30
28
29
25
31
30
31
24
21
32
31
31
30
35
32
36
29
39
26
27
25
32
33
31
41
32
28
26
34
27
25
33
27
41
33
27
28
26
28
37
32
26
38
29
48
43
30
41
36
30
37
33
38
39
40
46
45
40
38
42
34
31
55
42
42
52
37
44
49
53
48
43
52
61
46
81
80
52
62
60
59
65
68
73
62
82
78
95
83
72
90
94
101
89
90
103
103
110
111
116
121
130
137
119
128
148
151
169
177
169
177
171
178
208
223
229
246
255
234
243
245
273
274
312
329
308
332
279
356
366
339
373
382
390
384
369
398
382
385
369
372
348
401
316
354
320
325
283
262
243
212
187
181
167
135
130
115
81
115
110
88
96
107
84
86
94
75
95
92
84
101
76
66
85
59
81
76
78
84
76
50
68
49
52
52
54
61
58
55
57
61
63
51
47
57
43
49
52
52
63
48
48
45
49
37
54
47
43
36
46
45
39
39
30
26
37
30
37
36
40
29
26
36
29
37
33
31
30
43
37
33
28
34
24
28
25
31
33
30
30
34
21
30
36
30
35
29
25
39
28
23
26
22
28
36
36
27
25
34
39
32
30
28
27
35
33
34
30
25
24
29
29
38
34
27
29
22
23
29
25
24
27
27
37
30
26
27
31
28
24
26
36
18
32
30
29
28
28
25
24
23
23
25
22
26
32
30
27
22
17
26
30
22
34
31
26
23
28
28
22
33
18
24
31
29
17
26
34
22
25
27
27
31
26
18
22
31
34
26
25
29
17
31
27
25
23
27
28
19
32
27
20
23
21
34
24
30
28
28
30
24
22
23
20
25
22
23
34
24
18
21
35
21
33
29
32
21
35
28
26
30
25
34
24
23
24
25
30
27
25
21
27
26
24
24
24
25
11
22
26
26
22
17
21
27
33
27
22
24
32
24
25
29
19
16
25
33
23
23
30
27
24
26
26
30
18
25
36
19
33
22
24
28
22
27
25
20
30
24
16
26
23
20
18
26
17
34
26
29
26
25
26
26
19
29
18
25
27
31
16
19
28
29
18
23
28
25
20
24
21
23
16
19
23
25
16
17
28
24
22
23
18
28
25
18
20
19
27
25
32
23
32
24
28
29
31
21
22
24
31
30
21
26
19
28
24
30
26
26
24
19
18
25
25
22
21
21
20
16
11
21
22
26
26
26
23
35
19
24
20
25
27
23
22
27
20
24
27
34
16
28
22
17
27
25
26
13
15
23
27
21
20
18
21
19
20
21
30
22
19
23
25
25
28
36
23
24
20
19
18
23
20
22
22
21
22
15
20
22
18
18
32
15
15
29
14
23
29
27
21
28
27
28
23
17
29
21
25
20
20
27
32
21
21
21
20
33
29
24
24
20
18
26
21
17
23
21
27
14
14
22
26
23
19
20
23
32
22
20
24
33
23
36
27
26
39
23
26
21
28
25
22
24
19
24
18
16
27
20
24
26
24
21
22
18
16
18
13
27
20
24
36
26
13
24
24
17
26
21
29
15
17
21
20
23
22
19
20
24
23
19
21
19
18
17
24
27
13
26
25
20
17
19
21
9
19
23
20
21
16
21
21
22
16
22
18
18
24
18
24
19
19
14
24
32
18
20
20
19
21
17
21
37
13
17
18
23
17
26
24
21
26
16
13
20
18
30
23
25
18
25
20
19
27
22
28
25
19
15
28
22
31
30
13
20
11
21
16
14
16
21
24
23
20
21
25
27
13
27
27
25
27
21
17
20
23
26
14
18
21
30
18
16
16
23
11
22
14
22
21
23
14
25
21
21
18
21
23
25
20
19
22
16
27
12
27
16
24
21
23
15
13
21
19
21
16
14
22
18
18
19
21
20
29
19
21
24
21
17
18
22
21
17
19
20
21
25
23
22
23
20
23
22
26
27
18
22
17
16
19
14
24
27
19
18
21
21
24
25
22
17
23
27
29
32
20
30
18
20
14
22
18
20
16
19
13
33
24
24
32
24
18
29
26
16
20
24
22
25
15
31
26
22
30
12
19
22
25
12
20
15
26
27
16
15
15
15
15
26
17
21
27
16
19
19
17
18
17
18
21
18
21
18
21
16
16
27
27
19
26
16
21
16
19
18
18
13
18
14
25
19
26
19
25
21
21
10
20
17
23
19
16
17
21
14
24
20
12
18
18
13
18
15
20
16
10
18
13
15
17
17
17
17
21
13
15
21
20
26
17
21
14
20
17
22
17
16
18
15
15
23
16
14
23
22
20
16
17
14
15
18
21
19
19
16
14
12
19
19
14
23
14
29
18
21
10
9
9
19
19
21
18
23
18
10
16
15
12
20
10
24
14
17
19
16
16
18
19
20
28
12
15
16
14
16
18
24
18
14
12
12
14
16
18
22
18
11
15
13
11
10
15
17
11
16
13
18
13
12
12
16
7
15
13
15
14
8
17
12
16
10
12
15
12
13
7
15
14
9
14
13
12
10
12
20
12
11
13
15
7
16
9
11
11
15
19
8
10
12
6
15
8
14
14
19
15
12
9
10
14
14
14
11
12
7
8
13
10
10
16
10
9
8
11
14
14
12
15
17
9
11
14
14
13
9
10
12
8
12
13
13
14
10
11
15
14
9
17
16
16
7
16
12
4
11
14
10
16
9
8
9
15
7
15
10
12
20
13
13
14
15
16
10
9
9
21
8
13
12
10
9
6
16
13
10
7
12
5
7
12
5
10
6
10
13
9
10
11
15
6
11
7
11
10
13
11
7
10
9
15
8
12
11
11
9
10
12
10
15
8
12
3
14
14
9
12
10
9
9
8
10
13
9
4
13
9
9
12
7
6
7
9
10
15
14
10
6
11
10
16
12
11
6
6
11
10
10
6
12
8
10
8
12
17
11
11
12
6
13
13
8
10
9
14
5
6
12
8
7
9
4
13
9
5
13
9
8
11
6
15
10
11
7
14
6
14
10
8
7
11
7
10
3
12
10
9
7
8
11
8
9
13
16
10
13
10
11
16
11
11
6
11
12
10
8
13
10
8
12
9
17
13
5
9
8
3
8
7
9
4
12
6
7
6
6
9
7
15
8
15
6
12
7
13
4
8
6
9
3
8
13
12
11
4
8
5
9
10
9
8
6
11
9
7
9
12
8
11
13
13
6
13
6
13
6
9
8
14
10
6
9
9
7
15
6
12
15
9
11
5
7
10
4
15
12
6
4
7
3
17
13
5
11
3
10
11
7
8
10
10
11
7
9
13
8
10
10
8
11
12
7
10
10
12
8
8
9
8
10
9
14
7
11
12
15
11
17
11
19
11
12
7
12
13
7
24
12
18
15
16
14
11
19
15
15
14
9
22
20
24
25
13
14
22
16
16
17
24
13
16
18
28
21
16
25
27
27
27
34
17
30
22
23
26
52
33
39
33
40
33
32
59
53
34
38
47
31
36
39
40
33
26
29
22
23
42
28
13
13
22
18
13
8
22
14
11
6
11
11
9
9
7
11
15
16
16
11
13
12
7
14
8
6
10
10
9
15
11
6
9
10
11
7
18
11
11
6
8
4
11
7
11
5
3
10
7
6
10
6
3
10
7
5
2
6
5
5
1
4
4
10
4
4
12
5
9
4
4
2
7
4
4
10
6
5
8
7
7
2
9
8
7
8
3
3
9
8
7
6
8
5
10
6
8
5
8
3
6
2
4
7
7
6
4
3
7
2
5
6
6
5
3
9
7
6
7
5
6
4
1
3
4
4
7
10
6
4
5
4
6
9
7
9
7
8
10
4
8
7
7
9
6
6
7
5
6
7
9
6
5
10
5
4
5
9
9
7
3
5
5
8
5
7
10
8
4
4
4
5
5
6
6
4
4
5
9
11
8
7
2
1
3
6
3
10
8
5
4
5
6
4
4
7
6
2
5
3
8
2
2
3
8
9
7
4
3
4
5
4
5
4
8
6
12
3
5
3
5
7
5
6
2
5
7
5
3
4
4
2
7
5
6
2
6
7
2
3
2
5
6
9
2
3
4
1
6
3
5
9
6
7
1
3
8
1
9
6
3
3
7
10
5
3
6
2
4
8
5
3
3
7
5
8
4
5
3
9
5
2
3
3
5
4
3
2
7
3
2
7
0
7
6
3
4
4
3
3
7
3
7
5
4
2
4
3
4
4
4
5
6
7
5
3
6
3
8
5
4
6
3
8
5
3
2
4
8
4
2
6
7
3
5
7
2
3
4
5
3
4
5
6
5
6
8
5
3
3
1
9
8
3
7
5
3
7
7
3
8
3
7
9
3
7
9
4
5
4
3
6
7
6
2
11
7
5
6
1
2
4
3
8
4
3
6
7
3
1
6
1
6
8
6
5
7
4
1
3
2
6
6
1
3
5
4
9
2
4
3
6
6
2
8
1
6
5
3
2
5
5
3
4
2
6
3
7
9
6
5
1
3
2
4
2
5
1
1
3
4
3
5
3
3
2
1
2
5
4
5
3
4
5
5
3
2
5
6
5
7
5
5
7
4
2
6
7
2
2
4
4
3
4
3
8
5
5
6
3
5
1
6
4
3
7
5
4
7
4
0
2
4
4
10
3
3
4
1
6
5
3
2
6
2
4
4
0
2
3
4
4
3
3
2
4
5
8
3
2
6
6
6
5
5
4
4
7
3
1
2
4
3
3
4
6
5
5
3
3
2
2
5
3
7
6
4
4
5
9
4
1
4
3
3
4
4
4
2
3
2
5
0
5
5
5
6
2
2
2
4
6
4
5
3
3
6
3
5
3
3
6
3
2
1
2
2
1
3
2
2
2
9
2
3
3
5
4
7
7
3
1
2
5
3
1
4
2
4
3
3
3
4
3
2
4
4
2
5
2
5
5
3
7
4
4
4
4
5
0
4
4
2
3
1
7
6
4
4
1
7
6
2
3
2
0
3
2
3
5
6
3
3
8
5
4
6
7
2
4
3
6
3
5
4
6
4
2
6
5
2
3
4
5
9
4
2
5
2
3
3
2
1
5
5
6
5
5
4
3
2
4
3
4
5
2
3
2
0
2
3
4
2
3
1
4
5
4
4
5
1
1
3
2
4
4
4
4
3
5
4
2
2
2
4
4
3
7
1
6
2
2
6
4
6
5
1
4
2
2
1
2
3
2
7
4
6
3
3
5
9
1
2
5
2
6
4
1
1
2
3
3
1
2
4
3
2
3
4
2
2
4
8
3
4
2
4
3
4
3
3
4
0
1
4
3
4
2
5
1
6
3
5
2
9
1
4
4
3
1
8
1
1
5
5
3
1
4
4
5
4
5
2
1
4
3
0
2
3
1
2
0
3
3
1
4
3
3
4
4
3
6
4
3
1
3
2
1
4
3
0
1
2
2
2
2
0
2
5
5
4
1
3
4
1
0
4
6
3
1
4
0
0
2
0
2
4
2
3
2
3
1
1
3
2
4
5
2
3
3
1
2
4
4
1
3
5
1
1
6
5
3
3
5
5
1
1
4
1
3
0
4
2
4
1
2
1
1
2
2
1
3
2
3
3
2
3
3
4
1
3
2
3
1
1
2
3
2
6
3
3
2
0
8
5
4
3
1
1
2
4
2
1
0
3
4
1
2
4
4
2
3
6
1
6
1
4
6
3
2
3
4
3
2
4
4
3
4
3
2
2
3
1
7
2
1
4
3
2
3
2
3
4
3
5
4
1
0
4
1
2
1
1
4
1
4
1
3
1
0
4
1
4
2
2
2
1
2
1
2
1
2
3
5
1
1
1
2
0
1
2
3
3
1
1
4
5
1
4
4
2
1
1
3
3
3
4
2
4
0
3
1
2
0
2
3
2
2
2
3
3
2
1
5
5
5
5
3
2
0
4
1
1
4
5
3
1
1
2
2
5
3
4
3
3
2
4
1
3
2
2
0
4
1
1
1
3
3
1
2
1
1
1
3
1
2
1
3
3
3
2
2
1
2
2
6
2
2
1
4
2
1
5
5
4
2
3
2
3
4
1
5
1
5
0
2
2
0
4
1
2
1
1
4
2
1
3
3
2
1
3
3
1
0
3
4
2
2
1
2
0
2
3
3
2
0
1
6
3
1
1
4
2
0
3
0
1
1
1
2
4
2
2
0
1
2
4
0
2
1
1
3
2
4
3
0
1
3
1
1
4
2
2
0
0
2
1
1
2
0
4
2
0
3
3
1
2
2
1
1
1
2
3
1
0
0
1
3
0
1
1
2
2
0
0
2
2
0
5
0
4
0
0
1
1
3
2
0
2
1
1
0
3
0
0
0
2
2
1
1
2
5
1
1
2
1
2
0
1
2
4
1
3
2
0
2
2
4
2
2
3
2
2
0
2
2
1
2
3
0
2
1
1
1
0
8
1
1
3
0
2
2
2
1
1
1
2
2
2
4
2
0
0
0
4
0
6
1
1
1
6
3
1
2
3
3
1
2
0
1
2
2
1
3
3
1
4
3
2
2
3
1
3
1
1
3
3
5
1
2
2
1
3
5
2
2
3
1
0
5
3
2
3
4
2
1
1
2
2
6
1
0
4
3
2
1
2
2
3
1
1
4
2
1
1
0
2
4
0
1
1
3
1
3
2
3
3
0
2
2
1
2
1
0
3
2
0
2
1
5
3
2
1
0
4
1
1
4
4
1
1
1
2
1
2
2
2
5
1
0
1
1
4
0
1
1
0
1
3
2
2
2
1
2
2
0
2
6
2
3
3
1
4
0
0
1
0
0
3
1
0
6
1
0
0
2
1
3
0
2
1
1
0
1
2
0
4
0
2
1
0
2
5
1
3
3
1
2
1
0
2
2
0
1
1
0
3
1
2
0
1
2
2
2
4
0
1
3
1
0
3
0
0
0
1
3
1
0
1
4
1
2
3
1
2
0
1
1
6
0
1
5
1
2
0
0
1
2
4
1
0
2
3
0
4
0
2
1
4
0
1
0
2
0
0
1
0
2
1
0
1
0
0
0
3
0
1
0
1
0
0
4
2
1
1
0
1
1
2
0
2
1
1
1
1
1
0
1
4
1
1
2
0
1
2
3
0
2
1
2
4
2
0
2
1
0
1
0
2
2
0
0
0
0
4
0
2
2
4
2
0
2
2
1
2
0
2
1
1
2
1
1
0
1
1
2
2
1
0
0
3
0
0
1
0
1
1
2
0
1
1
3
0
1
0
1
0
2
0
1
3
1
4
0
1
3
1
1
0
1
3
0
2
1
2
1
3
2
3
1
2
2
2
0
0
2
2
2
0
1
1
0
2
1
1
1
4
3
1
1
1
1
0
0
0
2
3
0
1
5
0
1
1
0
0
0
0
0
0
0
1
1
1
0
1
3
1
3
0
1
0
0
2
0
0
3
0
2
2
4
1
1
2
1
1
1
0
2
0
2
1
1
2
0
2
1
0
1
1
0
0
2
1
1
1
0
0
0
2
1
1
4
1
2
1
0
0
2
1
3
2
0
1
0
1
2
1
1
2
2
0
0
0
0
3
2
0
0
1
3
2
2
1
0
0
0
2
2
1
4
0
0
0
1
1
2
0
0
0
0
1
0
1
1
2
2
0
0
1
1
1
0
0
1
3
2
1
0
0
1
0
0
1
0
0
0
1
0
1
0
0
0
0
2
0
1
0
0
2
1
0
0
0
3
0
0
2
0
1
3
1
1
1
0
2
0
0
0
0
3
0
0
1
0
1
0
0
2
1
0
1
0
1
1
0
1
2
0
1
2
2
1
1
2
1
0
0
2
3
0
0
0
0
0
2
3
4
1
1
1
1
1
0
1
0
2
2
2
1
1
0
0
1
0
1
2
0
0
3
0
1
0
1
2
1
2
1
0
1
2
2
1
0
0
0
0
1
1
2
1
1
0
1
0
1
0
2
1
2
0
2
0
0
0
0
0
1
0
0
1
2
1
0
0
3
0
0
0
1
0
0
0
0
0
2
2
0
2
1
1
3
1
1
0
3
1
3
3
0
1
2
0
3
2
0
3
1
3
0
0
2
0
0
2
0
0
0
0
2
1
1
1
0
1
0
1
1
1
0
1
3
0
0
0
1
0
2
1
0
1
0
0
1
1
0
2
0
2
2
0
1
0
0
0
1
1
1
0
0
1
0
0
0
0
1
2
2
0
1
1
0
0
0
0
1
0
1
0
0
0
1
0
2
1
0
2
0
0
1
0
0
1
1
1
0
0
0
1
0
1
0
0
0
0
2
1
0
1
1
0
1
2
3
0
0
1
3
0
0
0
0
0
1
1
1
2
1
1
1
1
0
1
0
2
1
0
1
0
0
1
0
0
0
2
0
0
1
0
0
0
1
0
0
0
1
0
1
0
1
0
1
2
1
1
1
0
1
1
0
1
0
2
1
0
1
1
1
2
3
0
1
0
0
2
1
1
1
2
0
0
1
1
1
2
0
1
0
0
1
2
0
0
2
1
1
3
1
2
1
3
0
0
1
2
0
0
0
2
1
2
0
3
4
1
0
0
2
1
1
1
0
1
0
0
1
0
0
0
0
2
1
1
0
3
1
1
0
0
0
0
1
1
0
1
0
0
0
2
0
1
1
0
1
0
1
0
1
1
0
0
0
1
1
1
1
1
0
0
0
0
0
0
1
1
0
1
0
1
1
1
0
1
3
2
0
0
0
0
0
0
0
0
0
0
0
1
0
0
1
0
1
1
1
0
1
1
1
0
0
0
0
1
1
1
0
0
3
3
1
1
1
1
1
1
0
2
1
1
0
1
1
0
0
0
0
0
0
0
0
1
0
1
1
2
1
0
1
0
0
1
0
0
1
0
0
1
1
1
0
2
1
1
0
0
0
2
0
0
3
0
4
0
1
0
0
0
0
0
1
0
0
2
1
0
0
0
1
0
0
1
1
0
0
0
0
0
0
2
1
0
0
0
1
0
2
0
1
0
0
1
1
1
2
0
0
2
1
1
0
0
1
0
0
0
0
1
0
0
0
1
1
0
2
0
0
1
2
0
0
0
0
0
1
0
1
1
0
1
0
1
0
1
0
2
3
1
0
0
0
0
0
0
1
0
2
0
0
0
0
1
1
0
1
0
0
0
1
1
2
0
1
1
1
1
0
1
0
1
1
0
0
1
0
0
1
1
0
1
0
0
1
0
0
0
1
0
0
0
0
1
0
0
0
2
0
2
1
0
1
0
1
0
1
1
0
1
1
0
0
0
0
0
1
1
0
0
0
1
0
0
0
0
0
0
1
2
1
0
1
1
0
0
0
0
0
0
0
0
1
0
2
1
0
1
1
1
2
0
0
0
0
0
0
0
1
0
0
0
0
1
0
1
0
0
0
0
1
2
1
1
1
1
0
0
2
0
0
0
0
1
1
0
0
0
0
0
0
1
0
0
0
0
0
0
0
0
0
0
0
0
0
0
0
0
0
1
0
1
1
1
0
0
1
0
1
0
0
0
0
1
1
1
0
0
0
1
0
0
0
0
0
0
0
2
0
0
1
0
0
0
0
0
0
0
0
0
0
0
0
0
2
0
0
1
0
0
0
1
0
0
0
1
0
0
0
1
2
1
1
1
1
1
1
0
0
0
3
0
0
0
0
0
0
0
1
0
0
0
0
0
0
1
1
0
1
0
1
0
0
0
0
0
0
0
0
0
0
0
0
0
0
1
0
0
0
2
0
0
1
1
0
0
0
0
1
0
0
1
0
0
1
0
1
1
1
3
0
1
0
2
0
0
0
0
1
1
0
0
1
1
0
1
0
0
0
0
0
0
0
1
2
0
0
1
0
0
0
0
0
0
0
0
2
1
0
1
1
0
0
0
0
1
1
0
0
0
0
0
0
0
0
0
0
2
1
0
0
0
1
0
0
1
0
0
0
0
0
1
0
0
0
0
0
1
0
0
0
0
0
1
0
0
0
0
0
0
1
1
0
0
1
0
0
0
0
0
0
0
0
0
0
1
0
0
2
1
0
0
0
1
0
0
0
0
1
0
0
1
0
0
0
0
0
1
2
0
0
1
0
1
0
1
1
0
0
0
0
1
0
1
0
0
1
0
0
0
0
2
0
0
0
0
0
1
0
1
0
0
0
0
0
0
0
0
0
0
0
2
1
0
0
1
0
0
1
0
1
1
0
0
0
0
3
0
0
0
1
0
1
0
0
0
0
0
1
0
0
0
0
0
0
0
0
0
1
1
0
1
1
1
0
0
0
0
0
1
0
1
0
1
0
0
0
0
0
0
0
0
0
0
0
0
1
0
0
1
2
0
0
1
0
0
0
0
0
0
0
1
0
0
0
0
1
0
1
0
0
0
1
0
0
0
0
0
0
0
0
0
0
0
1
0
0
0
1
0
0
0
0
0
0
0
0
0
0
0
1
2
0
0
0
0
0
0
1
1
0
0
0
0
0
0
0
0
0
0
0
0
1
0
0
0
0
0
1
1
0
0
1
0
0
0
0
2
0
0
0
1
0
0
0
0
0
0
0
0
1
0
0
1
0
0
0
0
0
0
0
0
0
0
1
0
0
0
0
0
0
0
0
0
0
0
0
0
0
1
0
0
0
0
0
0
0
0
0
0
0
0
0
0
0
0
0
0
0
0
2
0
0
0
0
0
1
0
1
0
0
0
0
0
0
0
0
0
0
0
0
0
1
0
0
2
0
0
0
0
0
1
0
0
0
1
0
0
0
0
1
0
0
0
0
0
0
0
0
0
0
1
0
0
0
0
0
0
0
0
0
0
0
0
0
0
0
0
0
1
0
0
0
0
0
1
0
0
0
0
0
0
1
0
0
0
0
0
0
1
0
0
0
0
0
1
0
1
0
0
0
1
0
0
0
0
0
0
0
0
0
0
0
0
0
0
0
0
0
0
0
0
0
0
0
0
0
0
0
0
1
0
0
0
0
0
1
0
1
0
0
0
0
1
1
0
0
1
0
0
0
0
0
0
0
2
0
0
0
0
0
0
0
0
0
1
0
0
0
0
0
0
0
1
0
0
0
0
0
0
0
0
1
1
2
0
0
2
1
1
1
2
1
2
2
0
2
1
2
0
0
0
0
2
2
3
2
1
2
1
0
2
1
1
2
2
1
0
1
0
1
0
0
1
1
0
2
1
1
1
0
1
1
0
1
1
1
0
0
2
0
3
0
1
0
2
2
2
2
4
0
0
0
1
2
0
2
0
2
0
0
1
0
2
0
1
0
2
0
3
1
2
2
2
2
0
1
1
1
1
1
1
0
1
1
0
2
3
1
0
0
0
1
1
0
0
0
3
0
1
0
0
0
0
0
0
0
0