0
0
0
0
0
0
0
0
0
0
0
0
0
0
0
0
0
0
0
0
0
0
0
0
0
0
0
0
0
0
0
0
0
0
0
0
0
0
0
0
0
0
0
0
0
0
0
0
0
0
0
0
3
6
8
11
3
8
18
20
16
29
38
33
39
41
29
21
40
36
40
31
26
38
34
41
44
44
32
51
47
54
45
48
38
59
77
56
60
72
80
88
107
103
130
152
161
209
294
350
426
544
714
962
1224
1690
2350
2525
1988
1530
1144
864
695
545
400
354
286
254
251
229
270
262
266
292
330
375
308
356
373
419
421
481
512
572
602
684
724
747
813
924
887
843
770
648
515
435
345
307
288
310
317
321
347
368
371
384
498
515
568
575
622
618
609
595
490
490
393
339
299
285
323
310
316
361
418
416
481
505
552
557
541
530
447
413
376
346
315
334
335
372
365
423
428
463
529
511
512
505
482
439
364
326
299
311
337
338
425
371
490
432
469
522
435
476
433
425
377
406
331
341
356
409
415
404
427
408
443
457
468
481
449
450
428
425
416
387
381
402
416
403
380
427
381
369
414
426
427
445
413
414
431
446
432
388
438
412
420
365
384
353
384
402
395
335
417
411
418
421
410
409
384
397
388
400
401
392
409
392
390
382
412
394
388
379
454
402
397
428
407
393
438
400
390
370
417
399
409
370
419
394
392
403
423
361
421
409
380
383
400
401
413
425
410
408
446
419
444
436
403
396
394
408
409
427
394
408
415
416
414
415
394
368
432
379
419
425
388
407
395
393
370
393
412
394
405
398
408
399
385
402
384
416
414
394
439
387
414
374
402
414
409
368
405
415
391
374
357
394
410
400
371
362
428
421
342
423
377
434
389
434
431
408
400
402
377
396
360
401
405
385
335
439
398
401
414
430
419
428
373
379
385
395
382
398
394
393
386
373
394
431
390
407
392
389
421
398
386
428
410
413
400
435
401
430
409
366
412
439
396
368
422
383
420
392
411
366
383
406
423
419
410
412
383
372
392
451
405
421
415
428
393
381
434
429
395
409
365
390
390
378
397
412
446
419
397
403
377
429
426
408
422
380
439
425
398
401
418
393
402
401
441
429
414
424
390
383
447
429
421
445
412
397
416
395
413
413
398
422
413
423
428
408
403
440
435
396
403
435
411
423
391
411
464
381
392
438
461
428
386
436
416
423
446
438
409
379
396
386
426
411
385
422
378
419
394
419
410
417
424
385
430
462
415
415
416
417
421
395
408
425
385
402
419
382
430
399
404
408
428
409
393
441
435
379
421
413
407
421
403
425
434
360
383
402
386
395
383
405
387
423
427
381
424
401
405
427
388
426
408
399
411
400
431
377
407
415
358
414
428
416
414
398
395
413
393
411
387
352
413
404
392
446
426
383
394
388
419
399
395
413
392
386
383
370
390
402
411
371
406
410
409
400
368
449
382
380
386
438
427
380
431
426
369
412
373
378
365
364
400
393
385
397
388
403
375
387
408
399
402
394
405
389
377
394
426
411
366
362
403
381
384
414
388
398
375
406
406
388
412
412
362
361
414
383
363
400
381
408
390
386
390
400
379
390
385
390
406
413
408
377
386
385
391
371
391
376
378
392
388
411
389
368
400
429
392
355
372
438
341
374
417
364
394
420
395
412
430
435
402
409
408
394
404
391
435
442
380
427
372
412
380
402
399
390
384
370
404
377
350
378
382
375
369
394
366
343
377
376
380
351
326
383
423
371
413
334
352
389
399
350
332
403
380
356
408
387
361
359
402
382
393
379
366
373
377
376
377
398
366
369
353
349
341
354
372
403
365
397
385
389
370
391
365
381
357
369
374
397
383
380
371
356
395
356
366
374
338
393
348
361
363
346
400
410
381
376
368
391
358
333
349
364
384
367
390
392
389
369
366
367
359
351
376
366
390
405
377
378
387
408
393
369
394
411
381
367
406
372
361
347
347
359
371
380
382
381
367
375
381
375
381
363
348
378
336
350
408
353
354
359
402
369
357
397
352
345
363
359
373
340
374
361
353
360
347
385
373
393
346
378
370
324
352
397
348
377
347
386
399
365
358
352
369
347
349
361
361
378
335
360
406
352
374
329
354
352
403
361
336
388
359
321
369
380
398
317
363
361
371
391
325
347
363
354
340
351
396
333
311
368
335
354
344
338
331
337
368
372
362
355
360
365
342
306
395
346
369
341
330
334
344
361
353
380
341
340
323
333
361
340
354
369
291
365
350
374
361
366
332
352
385
361
332
380
366
354
311
351
325
335
363
339
379
371
357
341
318
351
345
398
365
370
343
361
340
359
361
347
346
328
353
401
346
317
347
342
352
354
377
340
329
359
370
345
343
369
335
375
368
355
352
324
311
344
373
357
332
332
342
343
318
343
321
363
325
327
334
352
303
342
316
324
329
361
340
333
337
338
333
342
332
361
409
341
336
335
317
349
325
309
357
361
345
360
327
309
353
326
338
340
344
324
351
321
320
353
322
362
377
331
363
353
345
337
364
325
347
313
370
338
349
347
348
341
353
321
321
364
319
310
355
333
333
331
377
360
304
334
348
340
351
321
328
323
339
284
354
336
349
369
349
360
342
329
337
325
375
325
329
334
349
326
333
360
354
341
307
304
325
355
362
367
370
326
328
319
328
327
336
320
346
346
359
347
337
336
349
317
349
338
333
324
323
349
308
344
323
376
329
347
331
329
322
313
356
361
321
328
336
322
310
284
313
351
336
341
316
369
348
321
344
321
325
351
310
333
324
365
336
363
336
327
358
349
349
336
327
336
363
327
341
325
345
321
349
338
347
323
335
388
354
335
306
388
456
451
432
442
408
406
375
366
378
394
373
332
345
333
328
378
387
368
352
336
307
355
341
370
353
308
326
308
338
340
316
339
331
340
365
320
356
354
317
356
335
358
375
353
349
336
331
318
343
304
332
359
320
328
389
313
331
334
309
315
324
310
322
343
357
355
331
303
317
362
311
329
344
330
327
310
316
312
351
312
326
340
325
348
347
307
302
371
316
272
340
338
316
321
299
268
308
311
330
350
347
305
335
309
330
309
342
337
295
318
356
311
319
328
302
322
326
318
315
344
331
309
284
349
306
297
342
335
326
339
322
319
323
327
312
322
354
330
322
353
335
308
336
328
290
332
325
310
336
324
322
321
304
331
296
313
328
342
340
343
332
330
272
295
324
320
335
278
320
298
337
359
308
303
334
318
319
297
309
349
316
337
324
309
312
322
322
313
331
316
315
333
315
308
344
315
325
337
323
322
321
310
321
335
358
313
291
322
308
292
319
295
325
332
327
327
306
302
292
322
287
332
319
319
316
280
328
330
344
338
341
299
286
308
316
355
298
342
323
337
333
362
292
310
298
320
320
297
284
321
323
295
328
357
314
334
342
329
337
333
316
309
335
313
312
342
364
333
352
323
325
355
315
351
307
320
338
295
304
323
304
333
319
359
318
311
325
322
318
330
290
344
323
334
303
306
360
305
303
318
313
287
306
312
312
294
322
319
318
345
346
316
316
342
286
302
305
310
327
317
352
312
296
317
353
326
302
285
336
316
330
326
328
317
332
313
326
335
348
311
292
309
316
330
343
302
363
332
308
353
314
319
313
288
305
301
336
322
309
323
349
305
350
337
311
302
320
309
304
327
300
325
352
257
317
302
331
299
308
297
279
346
313
336
322
334
322
314
349
335
284
328
339
325
323
309
290
315
351
333
338
314
323
323
321
328
327
309
328
305
323
361
322
350
355
294
339
324
321
327
296
326
275
332
308
350
330
321
327
319
335
334
324
307
312
333
313
308
282
347
329
307
332
303
297
324
303
302
338
300
280
304
336
329
305
337
282
307
329
329
303
303
293
324
339
325
322
294
319
294
363
349
292
331
311
333
342
312
287
322
290
324
293
344
346
292
294
309
289
294
338
324
312
318
321
291
340
314
276
313
307
339
328
325
315
315
349
320
280
318
330
302
312
348
306
294
292
313
322
300
354
295
336
309
334
280
325
308
309
339
312
352
314
316
322
310
292
307
304
281
313
331
331
305
326
319
325
329
309
334
330
323
316
329
316
345
321
298
336
319
327
318
321
321
321
329
325
324
330
329
310
323
305
360
339
312
356
321
305
322
294
312
343
322
324
316
316
314
334
300
310
315
336
328
347
332
340
309
289
337
326
310
331
310
329
295
324
319
326
318
279
305
348
341
330
315
326
304
316
356
376
350
306
336
323
312
326
340
329
327
295
340
303
316
329
337
351
343
324
321
304
365
317
337
338
347
332
325
334
352
336
324
326
335
335
315
303
304
346
330
344
317
315
313
315
305
305
326
322
329
321
341
315
306
337
317
325
317
321
347
306
362
348
315
348
315
336
340
328
342
308
312
340
351
312
350
300
343
353
308
352
339
337
350
345
329
331
319
328
317
346
324
319
331
328
374
349
322
335
307
321
307
354
344
337
340
312
345
373
329
319
340
379
348
339
350
306
353
333
332
314
307
322
353
327
357
344
319
311
331
324
351
325
318
337
333
324
329
326
340
338
312
343
332
340
377
331
346
364
328
323
322
350
345
320
347
294
360
341
330
311
347
340
323
354
358
337
318
358
323
317
333
367
337
325
342
366
323
357
316
380
354
366
338
391
378
365
353
384
360
358
380
362
356
369
353
374
356
345
344
353
362
347
353
343
380
368
376
334
324
370
344
342
343
344
393
354
351
334
353
336
342
342
342
321
323
363
343
331
337
329
364
348
360
364
338
372
342
327
364
333
355
349
365
332
396
364
325
359
354
375
323
351
352
353
329
323
367
310
341
358
370
373
356
391
349
369
347
361
357
361
371
371
373
343
342
367
362
357
376
355
368
379
344
338
396
332
374
380
327
399
352
395
366
377
379
392
365
361
349
381
378
373
387
362
366
367
349
373
354
386
383
341
404
370
363
357
355
426
379
334
358
359
364
327
382
367
383
358
372
346
391
390
372
395
393
368
372
358
352
372
377
358
384
369
412
392
375
384
360
381
420
374
361
386
388
403
381
388
388
376
381
378
392
377
410
366
402
369
383
398
416
372
386
406
377
379
411
331
375
375
413
375
399
374
400
375
417
370
416
418
411
412
388
368
393
396
370
396
380
398
380
378
382
413
399
362
386
397
382
390
381
381
405
424
392
395
421
413
394
390
409
402
406
379
415
405
408
434
395
394
423
444
412
379
408
441
378
436
418
437
410
354
436
436
373
413
441
431
424
424
428
437
416
448
420
437
451
467
406
423
408
409
419
408
439
415
441
423
424
441
424
410
425
389
412
423
479
470
428
441
386
476
454
424
464
422
434
431
442
432
387
418
457
438
439
458
442
438
441
438
410
409
457
427
469
472
423
460
478
424
454
441
415
471
460
464
416
456
441
455
483
453
431
473
447
458
473
468
442
433
413
418
457
445
422
416
428
465
466
449
462
440
419
445
399
450
430
416
447
409
435
470
452
390
373
380
395
387
404
384
419
347
404
381
393
407
392
381
358
357
412
352
387
379
309
355
407
381
387
350
360
358
361
351
339
354
339
372
366
358
358
340
350
335
348
342
319
327
347
393
326
339
338
352
381
371
356
334
309
323
353
355
363
355
337
370
326
323
332
343
320
371
343
345
357
338
334
343
318
375
337
319
310
307
336
354
341
288
336
360
337
359
319
333
326
362
357
299
338
341
348
331
323
333
334
313
361
312
321
330
311
332
345
309
328
315
336
354
326
336
317
344
304
310
296
321
317
314
291
359
300
336
272
339
295
275
308
347
330
320
302
329
313
354
282
318
319
299
339
327
312
294
339
342
331
308
295
318
269
336
296
350
338
313
337
300
286
337
304
295
303
322
332
306
313
297
333
282
343
319
305
330
307
302
317
329
301
344
287
305
302
351
323
310
307
321
339
313
301
300
296
280
326
318
294
328
275
298
299
273
323
292
317
306
297
274
308
319
329
296
295
310
310
267
298
314
332
328
301
293
314
311
309
287
315
301
264
289
261
303
311
311
311
309
297
326
300
281
291
315
286
318
262
290
298
298
284
300
277
322
300
304
288
314
296
299
269
306
300
313
293
297
303
303
272
280
312
313
272
310
274
314
311
271
294
306
311
303
305
296
283
295
315
289
311
301
313
298
308
326
299
316
310
312
266
293
335
285
316
311
310
266
297
291
351
293
318
287
330
280
299
304
270
309
334
289
284
317
329
272
292
278
296
306
325
337
293
295
346
300
269
299
278
306
299
341
319
292
309
328
330
288
316
347
324
307
327
332
315
344
299
310
290
324
341
341
323
300
324
289
337
307
309
309
314
308
286
287
286
315
320
327
310
278
317
322
314
303
268
313
322
322
341
304
305
263
311
326
278
284
272
264
275
269
293
249
237
258
255
257
234
276
237
253
223
237
251
244
215
227
254
217
209
229
203
211
236
240
241
224
207
214
212
215
179
195
208
201
197
219
206
219
211
189
225
215
179
231
230
216
192
212
201
185
200
187
206
211
202
210
208
221
202
175
195
221
173
184
206
200
206
191
187
185
193
183
196
178
201
184
166
196
163
191
200
198
170
186
193
181
192
205
168
161
231
176
185
191
196
172
148
186
180
182
172
198
199
183
176
168
168
189
201
160
180
192
163
178
174
173
196
179
174
159
204
169
175
198
168
153
186
165
156
167
176
173
256
344
582
979
1580
2486
3741
5052
6296
6946
7077
6418
5445
3892
2887
1906
1317
975
812
745
813
785
873
783
827
750
773
692
630
564
504
447
393
348
337
310
305
289
239
254
239
184
216
168
170
174
156
175
173
162
142
155
153
136
148
136
127
132
138
129
130
120
128
105
134
108
127
116
134
104
108
116
125
119
114
128
134
124
105
125
140
117
91
89
121
100
105
110
112
109
122
92
110
83
98
98
114
98
114
102
97
106
88
94
77
90
104
98
94
113
100
107
114
85
95
99
95
92
81
103
107
102
92
98
80
96
100
92
83
97
89
85
75
97
99
91
87
81
94
92
98
87
88
68
86
78
85
85
70
95
86
72
87
80
79
69
85
86
80
69
83
78
79
82
83
78
74
70
79
77
78
81
68
84
65
73
82
78
81
68
68
71
69
61
78
65
76
62
75
71
83
78
75
89
80
72
62
86
62
67
64
74
63
71
60
72
74
65
71
75
70
57
69
62
64
70
55
73
67
77
64
64
67
70
75
63
62
61
84
62
57
53
56
70
72
61
44
59
70
62
69
63
65
69
52
62
70
74
71
67
58
64
67
67
68
53
54
58
61
68
56
58
54
61
50
48
48
62
57
77
58
68
58
71
63
64
70
55
55
67
62
54
51
49
44
67
63
68
52
65
53
70
57
62
60
51
64
64
50
54
53
62
54
63
62
52
65
61
52
76
56
59
54
69
63
62
58
57
60
51
65
64
52
58
75
52
56
56
65
57
51
78
45
64
62
47
57
62
50
63
60
54
67
67
54
52
51
55
39
51
52
50
48
61
53
42
48
57
45
57
61
67
65
63
53
37
55
51
61
58
56
60
55
68
45
53
43
63
53
63
70
55
54
50
57
36
49
49
64
57
51
63
54
47
60
46
53
67
56
56
44
67
61
46
56
47
60
85
69
63
73
84
128
235
472
862
1389
2285
3278
4520
5498
6404
6532
6034
4942
3927
2744
1787
1262
922
732
659
631
684
651
688
687
653
634
546
480
418
342
338
308
272
230
211
194
162
149
146
104
96
94
91
71
77
58
69
56
60
52
53
50
46
51
40
44
46
38
41
42
43
33
35
25
41
43
46
42
43
29
36
40
41
38
44
33
29
35
41
39
36
33
34
36
56
27
28
44
51
38
40
42
29
58
26
33
48
30
20
28
41
33
38
36
39
36
33
30
34
34
25
47
37
42
32
38
39
32
37
32
36
33
36
26
24
38
45
30
39
31
39
36
19
34
35
31
29
32
38
37
37
27
34
43
25
37
25
35
23
23
24
29
29
22
34
25
36
31
25
37
32
35
37
29
19
33
19
27
36
38
34
20
28
33
26
22
30
45
33
40
33
34
39
27
32
24
35
30
33
30
35
33
31
39
24
23
25
26
24
33
26
26
33
32
32
32
35
25
27
37
41
28
24
31
24
26
36
37
29
19
25
30
39
31
25
33
30
34
31
23
27
33
18
27
23
15
32
38
24
30
21
35
31
23
30
21
33
24
31
27
25
32
28
31
27
25
31
25
28
21
26
35
24
27
31
21
24
24
28
24
31
16
22
29
40
28
22
20
23
32
26
31
27
34
31
29
34
27
21
32
18
25
24
27
24
26
21
28
18
22
31
29
17
36
36
30
35
31
18
25
32
27
22
27
19
24
18
27
22
24
24
28
22
20
27
33
29
31
39
21
32
31
19
23
20
26
27
29
32
34
38
43
37
43
28
38
26
27
27
19
21
26
27
24
24
27
27
18
21
26
29
18
26
20
29
26
27
27
19
24
27
21
27
21
28
22
25
32
30
23
23
12
27
25
31
30
21
24
27
25
18
24
24
28
23
19
20
21
23
17
32
32
22
16
18
18
31
25
26
21
21
26
21
26
20
24
19
26
26
24
36
24
29
20
24
25
30
21
23
22
22
24
19
27
22
27
24
21
25
16
19
21
24
26
24
28
23
29
31
28
28
19
25
28
33
17
23
21
18
26
28
19
22
19
23
17
33
15
13
23
34
26
29
21
24
26
27
19
24
22
25
16
23
21
23
15
24
19
32
17
23
15
23
33
14
20
18
22
24
18
30
22
29
31
20
26
17
25
25
14
20
17
19
25
32
18
24
22
30
17
15
19
18
27
20
22
28
21
17
23
25
28
21
19
24
34
21
22
24
23
27
15
21
25
19
22
35
22
13
23
31
24
21
17
28
18
26
25
18
29
19
18
22
24
26
19
17
21
17
24
16
21
16
16
23
22
22
25
17
21
11
24
23
23
26
22
19
27
15
23
20
24
17
15
16
11
20
21
21
19
26
20
24
24
16
22
16
22
20
20
20
25
19
26
19
19
18
14
11
23
14
19
25
26
20
25
24
19
17
20
19
29
21
15
14
28
23
28
20
35
24
17
22
25
17
22
21
22
16
24
18
19
16
24
22
21
20
23
19
18
17
15
12
19
19
29
15
20
20
17
17
22
10
24
23
15
21
20
24
23
14
25
20
20
14
22
28
25
25
19
20
17
11
14
23
14
22
25
24
19
21
24
16
20
16
22
15
18
12
28
20
21
33
26
8
20
23
19
21
9
16
25
20
21
24
15
24
27
17
17
22
25
20
18
21
23
16
18
15
15
18
15
18
19
14
16
25
28
15
18
15
24
21
20
22
13
19
17
17
21
22
27
26
23
12
19
21
14
20
20
17
18
11
17
17
17
12
20
11
19
19
14
19
18
18
20
25
22
14
17
20
14
29
21
23
15
20
14
24
11
18
24
19
11
23
14
22
14
31
21
21
18
27
20
17
18
18
19
25
27
13
10
17
17
15
14
17
20
16
18
15
20
21
18
15
25
19
12
11
16
14
11
18
27
22
15
12
14
14
19
24
15
17
20
16
23
19
13
18
27
12
18
17
24
18
11
15
13
15
15
21
24
14
9
12
24
25
16
16
13
12
18
15
11
16
14
16
16
25
21
19
17
19
14
18
21
20
22
14
18
13
17
19
14
16
17
19
23
15
28
18
17
20
15
18
14
12
26
17
14
22
21
8
21
30
19
17
19
19
10
14
14
19
24
16
14
18
20
17
15
16
11
18
21
14
12
16
25
17
17
19
20
21
17
13
21
14
22
8
12
20
20
18
16
17
17
14
19
14
16
20
19
11
6
21
23
20
22
19
14
14
13
13
14
7
21
16
12
17
21
9
8
14
16
16
11
14
19
24
15
13
13
14
10
10
21
9
18
20
9
17
14
8
14
14
17
17
6
13
13
13
14
11
21
14
19
22
16
13
23
11
16
19
18
19
17
15
12
17
12
16
11
14
15
14
20
18
15
12
14
26
14
15
14
8
20
15
13
16
23
9
18
10
14
12
10
21
11
23
21
14
15
16
17
15
16
17
11
14
11
16
18
15
11
18
16
15
9
12
14
19
18
18
19
18
14
20
13
13
10
19
17
19
16
13
22
17
8
14
13
14
16
13
13
14
15
21
22
18
15
12
13
17
17
23
17
19
14
14
18
14
11
10
21
11
10
22
24
11
10
11
12
13
16
13
12
18
18
14
15
14
11
17
18
15
12
13
14
12
14
15
16
8
23
19
15
13
11
14
22
10
16
12
5
14
10
23
16
12
12
13
13
8
16
10
12
5
17
12
16
15
22
14
15
12
12
16
17
15
16
10
12
13
19
13
14
24
17
13
22
14
9
13
15
14
13
17
11
9
17
11
11
24
16
17
6
17
10
6
16
7
19
9
15
17
10
13
10
11
13
17
16
17
11
9
7
9
12
16
11
16
11
15
15
22
10
10
13
16
6
12
9
17
14
10
13
13
10
14
14
17
15
11
10
13
11
12
8
10
17
13
12
11
13
18
11
18
18
16
11
11
10
15
10
6
18
10
17
14
17
13
7
13
15
10
12
10
9
13
16
11
21
12
18
9
19
10
13
13
10
8
21
18
17
14
14
15
13
15
10
20
9
11
12
11
15
9
13
15
7
21
7
16
7
8
8
17
13
19
11
16
8
11
13
12
5
12
11
18
14
10
12
13
10
15
8
12
9
14
14
18
9
9
11
14
11
16
9
12
15
12
13
16
14
18
11
11
16
15
12
12
15
16
15
14
19
11
6
8
7
10
12
11
8
12
11
11
17
11
13
12
6
11
14
11
16
13
10
9
10
11
16
14
11
12
7
16
9
16
13
12
11
11
14
16
10
13
13
15
8
21
10
15
13
10
14
8
9
15
7
11
13
10
10
4
10
11
13
15
9
14
13
12
8
13
10
8
12
12
8
15
10
12
10
6
7
13
12
9
10
6
15
11
13
8
9
9
10
10
13
11
7
11
15
7
11
16
11
14
12
16
11
10
12
7
13
21
12
7
16
11
6
7
18
11
12
12
10
14
9
11
10
15
14
9
13
12
11
8
10
5
17
11
15
11
9
10
12
15
9
12
12
7
14
18
12
13
17
13
14
12
9
13
14
6
11
9
15
14
18
14
9
12
12
12
13
14
6
16
15
6
11
15
13
9
11
8
5
5
9
11
10
9
15
8
10
12
13
15
11
11
13
9
16
12
11
11
9
16
20
9
13
14
10
9
15
8
9
9
11
8
12
5
13
14
15
9
15
8
11
10
6
10
16
11
11
8
10
11
7
9
10
9
12
8
10
8
16
8
12
8
7
8
15
12
11
10
13
14
14
12
11
12
11
9
10
9
11
12
15
12
10
9
6
9
10
13
8
13
11
15
7
8
8
10
9
12
15
15
8
5
12
10
11
9
6
12
12
10
11
9
9
11
11
11
5
9
9
8
14
6
11
6
13
10
5
11
14
9
11
13
6
13
6
9
12
7
6
2
12
10
11
14
11
8
14
9
13
5
6
14
11
13
19
9
5
10
4
10
11
7
11
7
10
9
11
5
10
9
8
12
9
11
6
11
8
14
7
8
10
7
9
9
14
10
8
13
5
9
13
13
7
6
10
10
4
7
7
11
9
8
9
9
10
14
8
12
12
6
10
8
12
9
12
12
6
10
5
5
15
6
8
8
10
8
8
9
11
13
7
9
9
10
7
6
7
7
6
17
10
9
12
7
8
7
7
8
10
13
8
13
5
10
7
10
9
4
10
9
10
9
7
8
11
9
8
7
11
8
7
8
13
12
6
10
6
6
6
8
6
9
5
9
9
7
10
6
6
13
14
8
3
15
14
4
9
8
11
8
10
8
6
10
8
6
7
18
9
8
4
6
9
7
5
7
7
13
6
8
6
9
3
8
8
6
9
9
8
8
14
11
7
6
14
10
13
7
7
10
18
9
10
6
7
4
5
7
8
5
9
7
9
6
12
8
7
7
6
17
10
5
10
10
8
4
10
11
7
5
10
11
7
5
3
5
5
7
11
10
12
8
10
12
9
8
7
7
11
5
8
2
5
5
5
8
7
5
10
12
6
2
8
4
6
7
11
13
5
8
4
8
5
13
5
9
10
5
8
8
5
6
7
6
9
5
3
6
5
5
6
7
5
9
6
14
13
5
8
5
5
8
6
12
6
4
5
6
13
2
5
2
8
13
11
9
4
8
6
7
10
6
5
10
7
6
5
9
6
10
7
7
9
4
5
7
9
7
7
10
5
8
3
6
5
6
13
7
6
13
4
12
5
11
5
9
10
4
4
6
7
5
7
5
4
10
6
10
9
5
5
5
5
10
5
10
6
11
6
7
8
10
2
3
2
9
8
6
5
10
11
4
9
10
7
11
1
7
7
3
9
10
2
7
13
2
6
6
7
7
4
7
7
7
8
3
7
6
13
9
5
6
8
5
5
7
8
4
9
3
16
4
5
6
3
12
7
11
6
2
7
4
5
5
7
5
12
7
7
5
6
10
6
6
5
7
3
7
9
6
9
6
7
8
10
5
4
9
7
7
5
4
3
9
9
4
7
4
11
3
4
7
7
4
8
2
4
7
6
6
7
5
6
9
10
6
8
6
8
4
7
8
7
7
3
5
4
9
4
5
6
8
10
4
3
4
7
4
7
5
9
6
5
5
10
6
8
2
6
7
3
7
7
5
6
3
3
3
5
9
4
4
4
9
6
4
7
10
8
4
7
4
9
8
7
0
7
5
6
5
5
7
7
6
3
8
9
7
4
3
10
3
5
4
7
12
6
3
4
8
6
3
4
6
1
8
5
5
6
7
4
3
2
8
7
6
6
4
2
4
4
7
6
3
5
4
7
3
6
5
4
6
4
4
8
3
8
6
7
9
7
9
8
9
7
5
3
9
9
5
10
8
2
3
5
5
10
3
6
5
5
10
6
8
5
9
8
7
2
7
4
6
3
3
4
3
3
3
7
6
2
4
7
2
7
7
7
5
5
4
4
3
4
6
5
7
4
6
3
6
5
4
9
3
4
6
3
7
3
5
6
10
7
5
1
4
8
6
6
9
7
7
3
4
2
9
6
4
3
8
9
4
5
2
6
3
4
6
9
8
5
5
6
4
4
7
4
9
8
8
4
7
13
7
4
3
12
7
6
4
3
3
9
5
3
3
2
7
7
4
6
8
8
5
8
9
4
1
8
3
8
10
9
4
4
4
6
5
3
9
6
5
7
2
4
7
6
7
6
8
5
6
4
7
8
1
5
6
2
4
2
3
3
4
3
7
2
2
5
5
2
0
2
3
0
3
3
3
6
4
5
5
4
1
3
3
2
4
2
4
4
3
3
2
4
3
4
3
3
1
3
4
3
3
3
5
6
3
3
1
4
4
1
6
4
4
0
7
3
2
5
7
5
3
8
3
0
5
5
3
3
3
4
6
6
4
5
4
5
4
2
4
6
3
4
2
3
6
2
8
5
2
6
6
5
2
7
6
5
5
4
4
5
3
3
5
3
6
2
6
7
6
2
0
2
1
2
6
4
1
2
5
6
9
6
3
2
2
5
4
6
0
2
2
3
2
2
2
2
1
5
5
3
6
1
7
4
2
2
3
2
3
2
2
4
6
0
2
4
4
1
1
2
4
4
4
3
2
2
0
4
2
3
5
0
2
2
3
4
4
4
0
1
3
3
0
3
4
7
1
0
2
2
3
2
1
3
4
5
4
3
1
3
4
2
4
0
5
3
3
4
3
3
1
1
1
2
1
1
2
5
6
4
0
3
1
0
3
1
4
2
1
0
1
3
1
5
3
1
5
2
1
2
2
2
2
4
3
0
2
5
3
2
1
2
0
2
3
2
5
1
1
2
0
5
3
1
2
0
3
1
1
2
0
0
4
2
1
1
3
3
2
2
1
1
4
1
4
2
2
0
1
6
0
3
0
2
1
2
1
1
2
1
1
1
3
3
1
2
2
0
1
2
1
2
2
2
1
1
2
1
2
2
2
3
4
4
1
4
4
0
3
2
1
1
3
3
0
1
3
3
1
2
1
3
1
2
5
3
4
2
0
2
2
2
4
2
2
2
0
4
1
0
0
3
2
3
1
2
2
0
5
2
2
0
2
3
1
2
5
2
1
1
1
2
1
0
5
1
1
4
2
5
2
1
2
2
3
3
1
3
4
3
2
1
0
0
5
1
3
4
2
1
1
2
2
1
3
1
0
1
2
1
1
2
0
1
2
1
0
1
5
1
2
1
0
6
3
1
2
4
1
3
1
3
5
1
0
1
0
1
3
1
0
2
0
0
0
1
3
2
5
0
0
0
2
1
1
1
5
2
2
3
2
4
2
3
1
2
2
2
1
4
4
1
5
2
2
0
1
3
1
2
1
1
1
2
2
2
2
2
3
2
4
2
1
0
4
2
2
5
2
2
0
1
1
3
2
3
3
4
2
8
8
5
16
15
19
19
26
31
16
26
20
15
21
15
6
7
3
6
7
5
3
6
2
4
3
2
3
5
3
2
0
0
2
0
1
1
1
2
0
0
0
1
1
1
0
4
0
1
2
0
0
1
0
0
0
0
1
2
0
0
0
2
0
2
1
1
0
0
0
2
1
0
1
2
0
0
1
0
0
1
0
2
1
1
0
1
0
0
0
0
2
0
0
0
1
1
1
1
0
0
1
1
0
3
0
2
1
0
2
0
0
1
1
0
0
1
1
1
1
3
1
3
0
2
0
3
0
1
1
0
0
2
0
0
1
2
0
2
1
0
1
1
0
0
2
1
1
1
1
1
4
2
1
1
1
1
3
0
3
1
0
0
0
2
1
0
0
2
3
0
0
1
1
0
1
1
1
0
1
2
0
2
1
1
0
0
1
1
2
0
0
2
0
0
0
0
0
1
1
1
0
1
0
0
1
1
2
2
2
2
0
0
0
0
2
1
0
1
1
2
3
1
1
1
0
0
3
0
1
2
0
0
0
2
0
0
0
0
0
0
0
0
1
0
0
0
2
3
0
0
1
0
0
0
1
1
1
1
0
0
1
0
0
1
1
1
3
0
1
1
0
1
1
1
4
0
0
3
1
0
1
0
3
2
2
1
3
0
5
4
5
3
2
1
2
2
0
1
0
0
0
2
2
0
0
1
1
1
1
0
0
0
0
0
0
2
0
0
2
0
1
0
0
2
3
0
2
0
2
0
0
0
0
0
1
2
0
0
0
0
1
1
0
0
0
0
0
3
0
2
0
0
1
0
2
1
1
2
0
1
1
0
1
0
0
0
0
1
0
1
0
0
1
1
1
0
3
0
1
0
2
0
1
1
2
2
1
0
3
0
0
0
1
1
1
0
2
0
0
3
2
0
1
0
2
2
2
0
3
0
2
1
2
1
1
2
1
1
3
2
2
1
0
0
2
2
2
0
0
0
0
1
1
0
0
1
0
1
0
0
0
0
1
1
1
1
0
0
0
1
0
0
0
0
1
0
0
0
1
1
0
0
0
0
0
1
0
1
0
2
0
0
0
1
1
0
0
1
2
0
0
0
1
0
0
0
0
0
0
1
2
1
0
1
1
1
1
0
0
0
0
0
0
0
0
1
0
0
0
1
2
1
0
2
1
0
0
0
2
0
1
0
0
0
1
0
0
0
0
1
0
0
0
0
1
1
0
1
0
0
0
0
0
0
0
0
1
1
1
0
0
0
0
1
0
0
0
0
1
0
0
0
1
1
0
0
0
0
0
1
0
0
0
0
0
0
1
0
0
1
0
0
0
0
0
0
1
0
1
0
0
3
2
2
0
0
0
0
0
0
0
0
0
1
0
0
0
0
1
0
0
1
1
0
0
1
0
1
0
1
0
0
0
0
0
0
1
0
0
0
0
0
1
1
0
0
0
0
0
0
0
0
0
1
0
0
0
0
0
0
0
0
0
0
1
0
1
1
0
0
0
1
1
0
0
2
1
1
0
1
1
0
0
0
1
0
1
2
0
1
1
1
0
0
0
0
0
0
0
1
0
0
1
0
0
1
0
0
2
1
0
0
1
1
0
0
1
1
1
0
0
1
1
0
0
0
0
0
0
0
0
0
0
1
1
0
0
1
0
0
0
0
0
0
1
2
0
1
0
0
0
0
0
0
0
0
0
0
3
0
0
0
0
0
0
1
1
1
0
0
0
0
0
0
1
0
1
1
1
0
0
0
0
1
0
1
0
1
0
1
1
0
1
0
2
0
2
0
0
1
2
1
0
0
0
0
0
2
0
0
1
0
0
0
0
1
0
0
1
1
1
1
1
0
0
0
0
2
0
0
2
0
0
1
1
2
0
0
1
0
2
0
0
0
0
0
1
0
1
0
1
0
0
0
1
0
0
1
0
0
1
0
0
1
0
1
0
0
0
0
0
0
0
2
0
0
0
1
0
0
1
0
0
0
0
1
0
2
0
0
0
0
1
1
0
0
0
0
0
0
0
0
2
0
0
1
0
0
1
0
0
0
0
1
0
0
0
0
1
0
1
0
0
1
1
1
1
0
0
0
1
0
0
0
0
0
0
1
0
1
0
2
0
0
0
0
0
0
0
0
0
0
1
0
0
0
1
0
0
1
0
0
0
1
1
0
0
0
0
0
0
0
1
0
1
1
0
0
1
0
0
1
0
1
0
0
0
0
0
1
2
0
1
0
0
0
1
0
0
0
1
0
0
0
2
0
0
0
0
0
0
0
1
0
0
0
0
0
1
0
0
1
0
0
0
1
0
0
1
0
0
1
0
0
1
0
0
1
0
0
1
0
2
0
0
1
0
0
0
1
1
0
0
0
0
0
0
0
2
0
0
0
1
0
0
0
0
0
2
0
0
0
0
1
0
0
0
0
0
1
1
0
0
0
1
1
0
0
0
0
0
0
0
0
1
0
2
0
0
0
0
0
0
0
2
0
1
1
0
0
0
0
1
2
0
0
0
1
0
0
0
0
0
0
0
0
0
0
0
3
0
0
0
0
0
0
0
1
0
0
0
0
0
0
0
1
1
0
1
0
0
0
1
0
0
0
0
0
0
0
1
0
0
0
0
0
0
0
2
0
0
1
0
0
0
1
0
0
0
0
0
0
0
1
1
0
0
1
0
0
0
1
0
0
0
0
0
0
1
0
2
0
0
0
0
0
0
1
0
0
0
1
0
1
0
0
0
0
0
1
0
0
0
0
0
0
0
0
0
0
0
1
0
0
0
0
0
0
1
1
0
0
0
0
1
0
0
0
0
1
0
0
0
0
0
0
0
0
0
1
0
0
0
0
0
0
0
0
0
1
0
0
0
0
0
0
0
0
0
0
0
0
0
0
0
0
0
1
0
0
0
0
0
0
1
0
0
0
0
1
1
0
0
0
1
0
0
0
0
0
0
1
0
0
0
0
0
0
0
0
0
0
0
0
0
0
0
0
0
0
0
0
0
0
0
0
1
0
0
0
1
0
2
1
0
1
1
0
1
0
0
0
0
1
0
0
0
0
0
0
0
1
0
1
1
0
0
0
1
0
1
0
0
0
0
0
0
0
0
1
1
0
0
0
0
0
0
0
0
0
0
0
0
0
0
0
1
0
0
0
0
0
0
0
0
0
1
0
0
0
0
0
0
0
0
0
0
0
0
0
0
0
0
1
0
0
0
1
0
0
0
0
0
1
1
1
0
0
1
0
0
0
2
0
0
0
0
1
0
0
1
0
0
0
1
0
0
0
0
0
0
0
0
1
0
0
0
0
0
0
0
0
0
0
0
0
0
0
0
0
1
0
0
0
1
0
0
1
0
0
1
1
1
0
0
0
0
0
0
0
0
0
0
0
0
0
0
0
0
0
0
0
0
0
1
0
0
0
0
0
0
0
0
0
0
0
0
0
0
0
1
0
0
1
0
0
0
0
0
0
0
0
0
0
0
0
0
1
0
1
0
1
0
0
1
0
0
0
0
0
0
0
0
0
0
0
0
1
0
0
0
1
0
1
0
1
0
0
0
0
0
0
0
0
0
0
0
0
0
0
0
0
0
0
0
0
0
0
0
0
1
0
0
0
0
0
0
0
1
0
0
0
0
0
0
1
0
0
1
1
0
0
0
0
0
0
0
0
0
0
1
0
1
0
1
0
0
0
0
0
0
0
0
0
0
0
0
0
0
1
0
1
0
0
1
0
0
0
0
0
1
0
0
0
0
2
0
0
0
0
0
0
0
0
0
0
1
0
3
0
1
2
2
2
2
3
3
4
3
4
5
2
2
1
5
3
2
4
2
1
1
4
6
0
2
2
2
3
4
6
0
0
3
2
2
1
0
1
3
2
2
3
4
3
4
2
3
4
5
1
5
2
4
2
4
6
1
2
2
2
4
3
5
1
3
2
2
2
3
2
2
5
1
3
9
2
1
1
3
3
3
3
3
1
2
3
2
0
2
3
2
6
4
3
1
1
0
2
0
0
3
1
3
6
5
2
4
2
2
0
1
3
3
2
3
4
2
4
2
6
4
5
2
2
1
3