0
0
0
0
0
0
0
0
0
0
0
0
0
0
0
0
0
0
0
0
0
0
0
0
0
0
0
0
0
0
0
0
0
0
0
0
0
0
0
0
0
0
0
0
0
0
0
0
0
0
0
0
0
4
1
4
10
14
12
22
20
28
30
36
34
26
36
23
31
34
38
42
32
40
34
39
41
42
33
45
45
34
33
36
57
56
45
62
43
60
51
53
47
68
59
70
64
79
81
110
134
170
237
363
597
1000
1777
2894
3575
3555
3368
3152
2747
2348
1834
1385
923
755
499
417
349
326
308
301
262
287
335
351
387
404
461
507
585
664
716
853
885
991
1077
1262
1404
1414
1491
1401
1271
1136
938
747
611
457
388
384
363
362
377
451
462
589
625
755
806
901
973
1009
1031
986
871
737
657
590
460
430
406
421
476
501
541
675
766
824
895
850
919
825
708
636
576
481
427
473
467
484
580
637
686
745
760
766
751
777
649
599
530
524
494
486
523
504
612
614
672
685
771
761
743
683
673
618
578
549
550
519
564
603
599
628
626
645
665
680
640
662
648
630
646
639
560
598
545
525
574
555
606
562
625
623
564
583
586
625
627
606
630
631
640
661
588
595
611
578
572
607
623
586
583
601
617
610
613
596
629
620
671
580
613
576
604
600
631
630
611
590
588
590
571
591
573
559
579
572
613
634
601
628
592
591
584
569
588
581
592
591
553
601
648
625
583
566
633
602
594
619
594
590
594
592
616
643
603
585
571
609
621
583
590
626
593
579
573
619
584
587
631
612
553
594
613
604
637
573
612
557
593
566
564
604
576
596
632
594
644
573
593
531
568
612
563
570
582
575
569
607
555
600
581
601
565
602
602
599
601
577
548
595
596
567
577
581
630
592
536
566
521
599
584
567
548
558
569
598
610
588
595
549
562
588
633
580
589
580
600
522
563
569
623
554
579
603
590
566
569
624
566
581
588
592
603
606
572
586
556
568
598
549
569
589
606
572
598
575
593
596
538
536
597
540
578
543
574
564
532
555
512
565
561
542
528
596
545
582
576
564
520
584
622
590
551
605
583
544
599
554
633
572
587
614
593
573
581
585
604
604
629
593
637
589
587
607
610
613
581
590
609
632
595
614
609
654
631
633
575
582
643
628
618
610
659
606
606
649
627
641
561
601
637
626
634
611
605
625
663
627
619
654
634
613
577
612
639
648
613
628
607
636
636
638
641
661
658
632
654
603
622
655
657
627
601
657
620
682
644
566
636
609
606
641
633
599
599
605
642
615
622
661
659
662
633
606
608
612
635
637
652
646
634
607
630
617
595
615
621
630
616
585
580
610
579
639
646
608
584
627
593
651
649
659
619
618
583
623
642
628
594
609
602
592
635
592
589
635
632
598
584
635
590
610
608
604
581
598
616
586
641
672
584
618
613
627
623
597
619
583
611
590
588
584
658
612
619
619
601
632
556
630
612
591
599
571
581
587
602
581
627
617
611
576
612
567
618
590
626
634
626
598
600
622
593
605
583
628
613
600
558
596
573
567
618
559
619
564
611
595
540
598
588
573
584
598
592
561
632
583
609
573
589
600
578
575
569
597
577
598
547
603
594
611
611
584
596
573
595
549
532
600
575
605
577
616
582
567
596
558
586
562
553
598
558
650
509
538
629
564
526
605
561
604
608
643
585
654
568
548
588
613
534
553
594
518
590
548
585
531
590
544
530
565
600
530
553
560
580
530
555
588
531
575
573
581
533
574
544
510
587
578
541
543
540
532
538
575
568
544
580
536
588
534
561
570
550
535
553
524
525
555
519
543
518
569
516
529
542
579
541
544
521
537
584
580
527
557
535
555
515
559
534
560
574
532
530
559
529
554
551
563
527
524
543
526
561
542
552
507
536
573
571
511
542
518
570
557
547
543
528
514
542
549
519
524
506
560
533
557
532
532
539
516
471
555
512
527
482
579
556
527
526
529
532
510
518
538
516
518
509
556
521
509
513
510
497
499
515
574
529
474
503
509
513
546
524
562
515
549
520
561
534
534
496
503
504
513
499
527
526
547
523
507
488
555
522
488
535
488
506
545
514
480
558
504
501
538
496
551
481
520
506
519
493
489
494
557
545
533
485
506
502
498
504
489
528
527
483
471
523
463
500
508
540
536
499
542
540
500
546
527
518
496
483
500
507
497
540
526
530
540
468
478
490
507
490
527
534
500
554
512
476
491
542
501
466
519
512
475
503
484
496
515
521
526
471
506
465
537
468
453
530
523
517
475
510
499
501
510
498
518
478
489
474
490
498
501
541
498
511
509
545
464
489
479
483
453
466
502
485
491
450
485
502
459
526
485
532
462
482
513
525
516
519
478
459
489
483
474
487
506
468
506
533
466
469
475
475
514
462
437
510
482
492
496
500
477
496
516
512
502
473
527
468
485
480
504
500
477
497
456
492
473
481
493
499
503
472
487
481
543
502
499
494
456
508
505
501
487
493
503
478
525
492
483
474
486
490
523
506
513
492
462
512
504
453
436
468
469
469
483
482
494
439
441
493
532
482
478
452
457
454
469
483
462
510
516
523
488
481
506
456
488
494
490
483
490
481
440
484
489
474
518
504
497
485
473
509
472
484
491
454
461
457
463
487
488
483
452
469
463
468
474
471
469
489
500
487
457
467
498
480
474
473
426
519
475
522
487
480
504
505
447
462
521
508
503
510
520
469
464
471
487
442
494
458
462
501
471
470
471
473
467
466
442
523
473
473
501
499
416
474
489
464
464
507
463
493
479
500
484
473
516
465
504
465
511
485
484
473
491
507
450
467
493
451
461
437
479
517
460
486
521
489
459
473
500
478
509
517
506
536
511
586
478
482
514
538
519
474
550
466
486
486
476
477
455
491
506
459
463
502
481
488
446
508
449
516
459
532
484
464
524
477
445
449
464
452
481
485
549
487
451
492
501
477
474
461
489
477
473
492
458
508
464
485
497
457
465
491
477
491
468
482
442
463
445
481
500
478
502
461
468
460
467
445
478
474
457
474
535
411
501
490
475
469
485
429
485
479
500
459
453
450
464
480
482
471
501
469
472
499
475
476
459
479
459
453
517
464
487
470
483
462
456
513
452
470
485
461
472
512
473
448
469
427
441
465
508
450
494
495
487
465
490
452
479
455
478
491
463
523
514
439
442
465
457
480
470
500
481
465
450
459
460
483
493
436
467
449
508
446
460
502
476
408
455
513
500
471
457
473
466
495
496
440
463
451
464
452
464
496
464
462
446
557
495
444
461
502
494
455
420
479
476
493
497
446
480
498
493
495
500
460
488
492
471
487
467
474
470
466
502
454
465
480
493
470
447
493
483
478
497
506
451
437
482
501
485
468
491
445
475
496
464
472
502
453
467
478
483
469
492
485
477
479
480
465
501
463
486
469
497
496
461
504
494
501
463
501
471
505
454
504
490
488
492
478
470
489
477
503
516
478
512
502
507
487
445
476
473
463
475
486
530
446
474
484
504
450
473
478
509
486
495
485
473
481
476
493
491
492
497
520
542
488
522
482
461
482
464
488
498
455
513
484
486
495
476
498
492
505
462
470
507
513
506
482
488
506
490
504
472
507
487
501
480
490
496
515
443
482
507
493
489
494
511
508
472
495
490
496
482
487
505
481
488
500
523
499
471
499
504
522
500
507
445
477
497
521
493
492
506
541
473
419
496
488
491
490
476
510
474
531
465
491
524
475
488
535
524
488
534
504
515
508
513
543
497
506
479
528
481
444
505
491
499
507
497
477
491
507
473
510
481
474
481
515
510
512
508
498
492
475
509
500
481
504
504
509
493
459
506
512
496
507
505
522
478
529
474
521
503
508
483
525
490
473
525
494
505
510
490
499
503
495
525
547
511
538
554
475
496
503
508
500
492
465
481
501
461
493
488
492
490
506
487
512
485
518
531
525
483
477
537
483
543
485
503
527
503
523
533
535
517
540
505
549
542
502
533
445
537
546
494
531
521
481
529
469
519
490
522
508
490
498
527
502
503
499
532
523
500
523
538
480
510
524
502
543
552
523
506
506
542
506
523
525
489
506
480
534
521
533
552
532
497
502
521
554
514
482
536
526
532
555
543
513
523
531
544
499
589
536
519
547
493
485
510
570
556
497
516
521
557
538
525
537
537
515
531
508
497
580
510
566
533
530
568
520
533
516
539
544
524
527
503
539
561
515
538
537
515
488
558
541
504
550
511
544
502
536
504
546
521
513
547
548
494
568
543
538
534
527
529
568
492
528
507
532
558
552
564
492
573
537
511
559
563
546
566
588
561
515
585
552
579
546
561
540
539
583
540
517
522
569
558
525
532
562
547
540
535
510
547
517
589
561
544
523
574
575
512
509
520
565
543
532
545
550
555
566
523
564
573
553
578
571
540
545
561
514
503
583
557
589
563
552
531
541
564
588
601
604
496
597
591
576
558
507
601
530
529
532
573
582
543
561
610
624
565
589
592
578
592
586
619
570
606
546
575
560
544
590
590
562
563
531
575
589
535
549
539
605
561
642
559
554
588
553
546
605
574
612
543
580
561
607
553
559
594
559
572
564
569
572
601
625
539
593
597
558
584
555
610
598
552
603
600
589
603
607
574
591
603
588
584
561
573
634
610
549
561
600
572
596
603
595
603
603
619
607
641
609
610
635
615
628
660
645
600
643
635
617
651
596
632
631
612
617
666
627
637
623
611
627
657
595
585
633
654
612
600
647
561
606
632
618
615
606
614
603
611
643
623
580
617
585
661
631
635
642
680
678
666
648
640
617
661
616
632
649
622
669
686
683
646
658
599
606
648
603
646
639
650
641
632
638
662
639
624
660
621
654
645
656
666
693
628
680
637
678
636
624
720
649
640
644
649
645
667
648
666
662
642
636
653
647
643
653
676
640
658
657
658
643
684
673
641
635
649
679
713
667
696
620
676
694
680
631
680
666
714
676
687
658
637
646
675
737
682
652
689
650
691
660
673
682
682
697
714
713
714
716
689
671
652
660
740
656
701
669
659
704
683
727
714
712
696
698
705
706
693
699
703
725
697
716
688
688
703
707
691
732
649
759
714
778
666
737
696
724
719
744
696
713
698
778
720
748
772
703
704
761
684
742
805
736
776
722
750
754
748
735
709
772
689
750
753
752
764
740
762
787
768
712
753
751
830
756
775
712
729
769
811
723
777
715
780
766
805
815
771
730
791
768
787
752
771
767
823
775
783
800
777
800
770
815
811
805
793
812
825
776
746
841
839
794
748
792
864
807
791
763
779
753
797
814
819
794
781
794
815
812
815
803
836
823
871
856
871
838
851
830
830
829
795
775
821
847
804
835
827
815
868
822
880
867
855
832
829
825
842
856
907
920
896
860
819
863
869
864
858
885
841
865
906
899
974
904
905
865
877
817
898
855
918
882
903
824
860
864
854
892
929
875
895
939
897
933
931
906
875
875
885
899
874
907
879
911
923
845
898
943
886
908
869
879
860
878
864
880
877
896
868
851
824
840
861
811
806
810
719
820
796
765
817
748
745
776
791
791
798
757
738
733
743
683
744
735
701
706
678
697
713
707
735
704
703
736
686
682
745
703
720
697
698
645
672
682
737
701
645
673
676
693
636
723
673
722
666
665
652
654
679
655
648
678
678
704
659
672
629
662
664
681
691
692
666
681
694
681
617
636
692
641
671
654
662
661
668
638
693
646
683
687
676
637
678
644
625
674
606
663
671
657
622
680
682
685
647
660
679
639
681
650
650
690
715
698
636
610
606
682
667
599
641
594
681
683
648
667
611
685
677
671
654
647
608
620
646
665
595
618
614
641
667
627
627
631
618
652
708
677
619
669
643
625
618
628
612
670
627
632
666
625
664
604
657
665
637
626
620
667
634
559
620
639
626
646
661
676
638
650
660
590
613
633
618
630
682
611
607
612
647
554
610
594
687
646
625
599
600
609
597
610
592
606
630
620
613
578
592
561
592
622
554
581
581
541
645
577
619
613
641
631
554
590
589
623
579
607
602
569
531
667
607
593
603
541
617
551
590
568
635
574
628
580
630
587
574
596
601
626
591
593
527
558
579
606
557
560
584
617
572
590
583
599
582
577
618
597
539
568
611
582
581
581
607
616
586
611
552
563
601
604
552
598
610
611
552
572
581
631
593
565
604
569
596
567
587
584
602
624
562
595
567
586
606
577
573
594
584
569
606
583
571
572
613
560
573
538
648
617
571
558
574
574
593
615
581
588
605
625
595
623
619
598
574
604
597
610
597
633
563
606
613
590
599
634
609
640
625
622
578
615
551
600
602
625
611
573
647
642
648
581
580
605
634
599
649
635
632
640
616
601
660
602
698
624
641
630
631
625
637
664
616
650
636
577
628
638
630
659
591
615
607
599
599
587
602
533
600
629
577
566
572
595
552
568
548
505
532
514
506
519
477
538
503
505
475
525
493
471
478
510
504
467
453
446
454
464
430
436
425
454
409
437
435
443
427
426
450
418
449
405
448
410
430
436
463
413
413
394
424
383
476
401
370
419
406
390
414
358
427
388
430
378
397
363
410
386
380
390
372
390
415
382
371
386
360
368
394
397
385
352
390
379
388
361
369
382
398
354
379
395
373
365
361
346
379
406
362
390
343
338
377
379
384
395
348
406
377
330
391
355
343
360
353
368
362
354
392
309
331
353
367
367
358
343
382
350
321
384
384
359
359
406
482
562
839
1329
2264
3432
5395
7664
9776
11319
11922
11111
9553
7521
5649
4116
3167
2616
2289
2160
2140
2240
2361
2488
2636
2682
2702
2583
2559
2497
2294
2218
2041
1996
1854
1671
1648
1471
1485
1333
1192
1126
1070
976
942
842
786
757
745
683
645
580
581
538
517
537
462
451
431
426
406
390
383
365
364
305
337
342
332
336
325
312
301
337
311
336
299
289
315
280
318
305
291
275
258
273
250
265
261
287
286
282
268
247
265
268
228
263
268
254
266
267
238
259
247
258
230
273
254
265
266
256
213
247
239
241
267
250
228
226
228
245
225
213
217
216
238
242
193
221
216
266
228
208
220
213
252
215
214
227
229
223
228
219
206
209
203
199
221
196
226
179
201
212
200
208
191
170
208
171
202
176
198
188
189
172
197
180
195
199
188
185
202
191
172
205
196
174
213
184
173
173
186
168
195
194
170
193
175
186
165
195
164
182
166
155
145
198
147
181
177
177
163
170
169
173
164
172
185
202
167
159
166
168
165
163
172
171
165
174
141
155
169
145
170
160
169
156
162
175
173
178
148
159
161
153
174
183
160
145
157
156
160
151
189
165
154
148
166
138
147
164
138
156
137
166
145
147
156
159
155
154
163
162
138
155
161
161
155
136
142
149
175
155
168
165
170
136
145
178
151
156
140
158
127
134
172
149
146
162
130
160
169
170
162
121
139
164
154
160
147
156
143
157
124
146
147
154
124
144
162
151
146
148
168
128
128
130
135
130
149
127
145
133
128
151
159
151
145
150
155
157
143
142
142
157
143
166
154
139
147
142
135
130
150
130
127
156
143
140
145
137
137
120
128
149
134
115
142
126
122
139
151
113
132
163
119
127
147
135
141
154
124
144
122
123
152
137
141
135
138
128
158
113
126
138
129
144
117
139
139
155
131
145
146
144
153
125
150
138
138
120
119
135
139
150
166
164
132
153
170
177
235
346
562
1023
1831
2876
4473
6395
8537
9811
10105
9876
8568
6825
5232
3855
2867
2239
1857
1784
1809
1830
2028
2113
2124
2260
2221
2126
2173
2066
1866
1826
1637
1608
1446
1403
1281
1188
1094
993
952
930
825
682
689
573
604
534
502
510
442
390
450
358
325
333
274
268
254
264
252
210
209
206
211
156
224
182
169
169
168
181
180
164
177
164
162
148
147
163
144
144
132
143
141
143
150
138
142
127
146
150
135
131
131
134
123
130
131
118
129
125
116
124
130
148
139
143
141
136
141
130
127
126
135
140
112
137
135
123
115
128
122
116
118
125
146
114
137
115
119
111
128
146
124
124
127
120
127
138
116
117
115
123
115
110
130
120
117
113
131
96
88
135
127
136
105
119
121
108
119
129
101
134
119
122
115
108
131
144
110
135
119
101
102
102
127
95
117
106
97
135
126
132
105
113
120
109
140
102
137
116
109
108
104
120
101
122
116
117
126
106
115
104
110
125
113
92
101
110
114
101
116
125
117
111
127
99
113
103
97
119
112
111
124
121
129
103
117
109
100
99
101
81
89
104
102
114
112
109
114
112
95
107
122
103
96
108
122
120
96
105
116
112
112
111
114
102
109
80
98
97
102
112
113
103
115
85
101
91
102
117
92
120
105
102
118
94
91
100
120
99
99
94
121
107
107
113
99
114
112
116
112
92
87
101
96
93
124
93
83
98
81
103
96
109
103
83
112
108
102
101
95
110
112
85
101
106
87
109
91
119
107
92
105
92
114
93
98
89
100
98
110
104
96
90
94
102
99
96
99
118
110
113
104
108
109
100
101
104
102
113
92
86
111
92
112
101
92
93
95
101
103
114
89
104
89
99
100
107
81
97
103
102
94
110
108
112
85
105
99
96
95
97
104
106
87
86
85
103
97
99
97
102
111
75
91
90
91
106
94
96
115
89
83
119
114
109
86
91
94
100
80
97
99
104
98
100
97
94
80
110
95
91
101
90
78
102
98
93
91
91
82
83
100
91
85
106
87
89
92
93
84
95
92
85
104
98
101
99
84
96
86
93
85
101
79
76
99
88
87
96
100
96
94
99
91
81
99
105
88
95
85
108
93
99
110
96
89
69
107
99
85
88
100
98
94
100
85
107
83
90
93
76
92
91
93
102
86
70
84
81
91
110
80
85
96
97
95
103
78
110
96
83
83
80
87
80
94
72
96
72
86
104
83
111
93
74
102
83
101
92
83
90
72
71
73
91
80
97
81
94
91
85
101
78
106
90
87
92
84
106
80
90
100
71
83
98
106
95
88
88
87
97
85
88
94
89
97
96
89
120
87
89
100
93
86
94
88
86
79
76
90
72
80
87
97
83
60
87
82
98
82
92
86
94
81
82
81
77
92
97
92
91
80
70
88
62
99
94
84
93
74
74
73
76
86
89
86
99
79
100
78
72
82
85
98
85
72
93
96
82
70
103
98
88
92
73
103
82
74
87
82
92
63
88
87
73
96
84
97
71
83
80
87
93
83
74
74
87
80
87
77
74
88
90
77
82
90
82
79
81
81
70
78
75
80
87
87
82
74
85
86
83
75
80
73
86
74
86
83
84
70
80
82
82
84
77
85
74
84
78
74
79
89
84
82
94
69
73
94
77
89
99
85
98
80
87
74
70
96
90
73
77
91
65
86
87
81
88
66
69
90
85
83
88
61
91
58
82
60
84
61
80
68
95
78
80
79
63
72
80
79
89
83
74
65
76
91
93
79
88
70
78
69
61
79
89
75
82
70
79
84
83
79
68
85
82
85
83
66
76
78
84
77
63
74
62
86
76
100
73
69
76
86
90
77
68
78
74
64
85
84
75
71
78
71
89
75
93
76
76
71
75
72
71
102
73
78
72
76
79
72
78
67
71
80
73
68
78
101
77
73
87
72
79
65
63
79
63
71
87
72
79
91
85
82
92
66
88
76
77
74
76
68
73
65
72
74
93
84
73
77
69
74
82
58
79
68
75
79
73
75
77
86
73
69
77
80
80
64
77
62
77
74
70
75
64
78
87
63
67
67
82
78
62
55
84
68
82
75
66
79
87
65
84
72
67
67
70
79
73
76
72
82
75
63
72
70
61
69
61
84
75
64
77
79
87
75
76
77
84
74
65
78
81
79
75
57
77
67
69
75
76
57
80
76
75
83
67
78
77
87
65
59
57
61
77
50
69
63
84
55
66
72
73
69
54
67
77
76
69
68
76
68
65
66
64
85
76
78
64
76
76
64
78
73
83
52
73
77
55
59
67
84
72
65
79
91
69
68
66
61
65
75
65
73
78
44
67
72
71
57
67
77
61
80
79
60
65
73
61
53
77
65
74
70
73
68
77
66
64
48
74
64
73
51
65
76
65
79
60
53
70
69
58
84
65
50
58
73
74
63
55
68
68
64
62
68
65
68
54
69
64
57
72
54
53
59
78
59
70
67
67
68
62
62
73
65
69
55
72
75
65
55
62
65
47
67
66
60
66
65
66
63
67
73
71
68
62
73
56
66
55
75
83
50
60
80
52
50
63
79
87
61
52
70
65
55
68
68
72
55
59
71
62
88
56
75
74
65
61
62
68
66
70
75
53
73
71
64
58
62
59
68
59
70
70
52
66
68
64
74
67
59
65
69
62
62
61
63
76
57
63
64
65
54
61
57
66
65
60
75
56
60
53
74
57
67
62
71
55
63
54
64
45
63
52
59
59
63
59
53
70
66
68
69
48
70
64
80
60
68
68
80
59
61
54
56
60
61
51
69
56
61
54
60
68
61
49
73
68
75
80
50
64
67
65
60
52
57
56
58
76
65
57
58
60
71
62
60
52
77
57
59
65
71
57
64
65
53
65
63
58
61
67
56
66
61
70
67
72
64
60
78
57
57
78
58
57
55
67
60
70
57
55
53
71
72
81
58
53
62
62
64
67
62
73
69
58
68
76
66
54
55
67
51
47
62
58
63
65
53
72
57
61
66
62
58
68
57
56
58
66
60
70
67
56
55
63
59
60
61
73
62
63
66
65
46
59
58
68
75
62
61
70
66
42
66
47
55
63
53
63
55
58
70
60
61
70
41
56
64
40
54
61
49
63
73
57
52
67
54
62
56
68
68
56
72
59
52
62
55
48
56
51
46
55
63
45
52
52
49
56
73
56
61
48
67
62
62
64
63
64
58
59
62
59
53
50
56
67
60
69
80
53
78
52
62
68
61
61
52
52
62
51
71
55
50
44
67
59
58
67
53
51
53
63
57
59
55
57
47
57
62
54
50
71
51
66
50
47
52
63
52
68
52
46
56
53
54
68
64
57
65
42
61
55
63
53
65
68
45
47
65
59
40
57
47
54
46
44
60
55
55
69
54
64
73
65
53
62
61
62
56
59
48
38
59
57
53
41
48
62
55
70
75
44
54
63
63
54
54
60
52
54
56
59
56
37
74
42
65
66
53
61
66
51
59
54
56
52
46
48
61
58
50
55
51
57
49
63
57
57
48
60
70
53
53
40
52
56
57
54
57
68
55
59
55
39
52
55
45
54
53
42
47
61
60
49
56
47
55
45
58
56
58
56
58
54
57
65
50
64
48
55
51
76
36
47
47
47
60
41
53
49
63
40
53
52
41
53
64
39
50
49
45
46
53
59
60
54
59
41
43
61
69
55
48
46
57
60
40
45
42
43
60
52
56
50
40
44
56
43
48
61
40
42
51
45
54
42
53
52
49
46
47
57
66
42
52
49
49
56
57
52
44
49
59
54
46
54
61
44
41
63
60
45
56
43
54
50
61
44
53
47
42
58
47
55
60
44
48
47
39
43
52
52
53
42
50
57
43
45
55
46
50
53
54
47
49
51
53
61
55
61
45
53
41
54
56
64
60
53
43
42
48
57
59
53
52
56
46
57
55
50
55
51
66
54
56
62
49
45
49
32
49
45
56
53
56
43
49
43
53
41
52
46
48
42
58
50
56
39
42
36
41
46
55
53
47
39
48
41
60
47
45
41
42
49
48
47
69
44
54
50
45
42
42
55
40
55
36
62
45
51
48
43
41
58
52
51
54
47
48
38
57
50
51
53
45
40
51
49
43
52
52
39
46
46
46
60
35
52
53
45
40
62
34
60
45
63
50
39
46
45
52
52
47
50
47
48
40
52
43
40
46
43
40
62
42
61
65
47
49
42
49
37
55
33
50
48
47
58
47
41
44
44
44
35
41
38
40
49
36
53
48
52
41
37
55
41
39
54
51
49
41
49
38
35
41
63
52
47
47
41
50
40
42
48
44
45
51
54
57
44
35
38
40
47
44
45
55
44
40
42
37
47
51
40
35
41
40
45
31
49
45
39
41
39
49
48
38
53
33
42
45
43
35
43
40
47
55
44
37
40
40
46
35
45
45
34
37
36
44
39
40
41
40
37
38
37
49
37
41
43
39
47
40
33
36
43
43
50
54
33
37
48
44
48
36
51
42
32
50
36
39
42
32
41
38
49
39
48
47
21
44
35
44
40
35
46
39
41
45
34
46
51
42
43
48
42
23
41
44
32
37
35
44
38
43
37
39
37
44
54
49
50
51
32
30
51
43
47
47
41
35
46
50
35
30
45
44
37
29
44
36
36
27
34
32
41
37
47
38
36
46
42
28
47
41
40
38
30
39
41
35
46
36
36
48
41
37
32
45
43
43
35
40
31
38
41
34
36
37
39
39
34
45
30
43
38
40
44
41
37
44
42
43
27
38
33
39
41
49
39
49
39
24
45
29
30
49
27
42
29
32
33
35
32
32
34
30
33
35
49
45
28
33
35
32
45
33
29
35
35
44
25
42
41
35
31
39
36
41
37
45
36
30
31
49
30
42
38
32
33
30
41
41
22
38
30
38
44
36
35
44
34
28
26
34
34
39
35
48
31
37
41
33
42
39
28
41
32
43
31
38
31
29
36
33
29
41
48
35
29
27
36
29
40
31
38
30
22
30
36
51
41
36
30
38
33
40
43
27
31
36
29
41
29
33
39
39
27
35
25
39
45
33
26
33
30
24
33
26
38
32
37
37
39
40
37
30
37
36
38
48
28
37
35
38
24
35
43
32
35
33
30
26
24
34
35
43
34
32
35
36
43
35
41
24
26
33
28
30
37
33
37
26
27
40
28
34
22
27
31
38
23
30
30
30
41
33
35
39
36
30
27
34
25
42
23
36
34
36
38
35
36
29
36
42
38
24
39
32
34
31
33
33
23
29
29
39
43
31
34
27
29
28
34
34
38
27
42
35
25
29
33
36
47
35
29
27
39
44
35
36
33
34
20
37
37
36
39
31
35
36
30
37
29
34
44
41
33
39
44
27
38
32
33
40
32
30
21
28
28
29
26
31
34
40
24
24
30
28
28
17
33
28
31
39
41
32
42
33
37
35
38
30
28
28
34
29
42
26
30
34
39
25
37
23
26
30
37
37
38
33
31
30
24
39
37
31
31
31
44
32
20
38
33
27
26
29
27
28
34
26
36
30
31
40
20
25
25
32
26
29
33
26
30
36
36
28
27
28
30
40
36
31
40
31
33
31
45
26
32
33
28
36
26
31
29
30
34
37
28
32
35
28
45
26
35
34
35
30
29
29
29
34
26
38
33
30
40
25
29
36
22
33
24
27
30
19
29
26
28
31
33
33
25
26
35
29
26
23
30
23
32
26
40
31
24
30
19
22
27
30
35
32
21
30
31
29
24
33
15
15
29
28
19
25
30
25
17
25
27
28
20
27
22
23
18
22
20
25
16
26
30
17
30
26
23
30
22
23
29
30
26
21
12
21
32
27
29
32
18
23
33
28
27
15
25
26
29
19
20
28
19
21
21
25
23
27
19
29
16
19
22
24
18
21
22
24
18
27
19
26
26
19
30
19
21
24
21
33
8
23
22
33
22
30
26
29
21
32
23
20
22
15
24
23
22
24
17
22
25
24
25
27
23
24
21
18
27
28
23
24
32
30
28
25
21
23
25
21
20
21
17
24
21
23
23
23
22
27
17
21
17
25
17
15
19
25
24
22
23
23
25
15
16
17
23
18
26
17
18
24
18
22
14
15
25
21
20
22
14
16
21
20
24
13
15
24
12
18
14
22
14
20
21
17
15
13
16
19
18
21
17
20
21
20
20
16
27
20
18
18
23
18
12
12
16
20
21
19
15
13
15
22
23
30
24
16
15
18
15
9
17
16
12
22
17
14
16
13
13
17
13
13
19
13
19
16
11
19
11
9
10
10
15
15
15
19
15
8
12
8
16
21
19
20
12
15
14
8
19
13
16
16
17
15
21
13
12
15
19
14
17
11
14
19
19
13
14
13
16
13
11
15
12
17
17
10
13
14
16
14
16
22
15
13
13
15
19
13
20
9
13
15
18
15
12
12
14
14
9
12
14
11
15
14
12
14
9
12
12
9
19
14
14
10
14
9
12
12
14
15
10
20
22
8
9
17
12
11
16
14
17
15
15
8
9
12
13
8
13
19
12
18
15
14
12
16
13
9
10
12
18
11
15
12
8
10
7
13
12
12
14
10
11
13
11
12
7
17
16
10
4
5
9
9
10
14
17
19
8
10
5
10
20
16
12
13
13
12
10
9
19
12
13
10
9
10
20
15
13
11
9
15
10
20
11
14
11
15
12
15
16
9
12
15
7
11
13
17
20
6
13
12
9
16
10
18
10
8
8
9
12
6
17
13
16
12
10
15
9
14
14
7
16
9
14
4
7
15
15
14
8
15
14
12
19
12
8
12
12
17
9
8
10
6
15
19
16
19
12
23
15
15
11
10
12
18
14
16
14
14
10
9
10
18
12
19
15
12
14
6
16
12
23
13
15
16
11
7
21
16
17
17
14
19
9
15
23
13
10
17
16
16
18
11
13
24
27
31
51
64
87
101
98
136
108
126
111
92
63
49
60
38
25
26
37
46
42
36
32
35
47
30
36
32
35
30
37
28
24
32
24
23
16
16
27
15
14
20
11
11
14
11
11
8
9
15
12
6
14
10
10
7
6
13
10
6
8
17
11
11
11
8
4
12
8
9
9
12
10
7
5
6
4
8
10
9
2
11
14
10
7
4
8
7
6
7
8
6
5
7
4
8
8
4
8
6
7
6
6
7
9
11
11
9
7
9
4
6
7
5
5
7
9
9
5
13
7
4
11
8
11
4
5
9
8
10
5
7
9
12
4
7
12
8
6
5
6
10
8
6
9
6
6
4
10
6
2
6
13
9
4
9
9
6
6
4
7
8
7
6
10
3
5
9
6
10
9
1
6
7
7
8
4
3
7
4
6
13
8
6
4
7
3
9
6
3
9
7
10
8
5
7
7
5
9
5
6
5
11
9
7
10
5
6
8
4
4
4
6
10
8
6
5
3
8
3
5
7
3
8
4
8
5
5
4
3
8
6
7
6
6
10
6
4
6
5
7
6
4
9
3
9
7
8
6
3
6
11
8
5
11
5
12
6
7
10
5
6
6
5
5
6
7
2
7
3
2
6
7
7
9
6
2
4
5
7
7
6
6
9
9
6
3
9
4
14
5
10
6
8
8
4
4
10
5
9
7
6
9
4
5
3
6
2
19
9
9
4
10
3
7
7
4
2
8
5
7
10
9
10
6
8
7
9
3
4
8
6
6
7
9
2
6
8
10
5
8
8
2
6
4
4
8
10
5
7
7
5
5
6
9
6
3
5
3
5
6
6
7
12
8
7
5
8
7
8
5
5
5
5
6
3
10
8
7
9
9
4
5
17
9
8
5
8
7
7
6
8
4
6
9
6
8
2
8
9
5
8
6
10
11
7
9
5
3
4
8
6
8
9
10
12
8
9
7
10
6
15
6
12
7
8
6
12
4
6
12
3
7
13
3
3
7
5
6
7
3
7
5
5
9
6
5
2
8
5
4
6
4
4
6
7
6
6
1
6
7
5
9
4
5
5
3
6
4
4
6
1
4
6
7
6
5
8
4
5
4
6
3
3
3
5
3
2
5
6
2
8
4
3
2
5
6
4
5
3
6
6
1
5
2
4
2
4
4
7
1
5
3
4
6
4
4
8
7
4
1
5
2
10
7
8
4
4
7
5
6
7
5
4
10
0
4
8
3
4
8
4
3
2
7
4
3
6
5
8
5
4
2
3
7
3
4
3
6
4
3
6
4
9
2
4
4
5
1
6
6
2
3
1
3
4
5
5
5
3
2
5
4
4
8
4
4
3
4
4
2
3
4
3
6
1
3
5
3
6
2
1
4
4
10
2
3
8
2
4
6
5
3
3
2
6
2
9
1
6
4
2
4
6
3
7
5
4
3
6
4
4
1
6
3
4
4
2
7
3
2
4
5
3
1
7
3
2
7
6
3
6
0
3
5
4
4
6
2
6
4
2
4
7
3
1
4
4
2
2
3
2
7
3
5
5
3
5
3
3
6
3
4
2
3
3
1
5
2
6
7
6
2
4
5
6
4
3
7
7
2
5
6
2
8
6
3
6
2
7
3
1
3
6
2
8
6
4
3
3
3
5
2
3
4
5
2
5
2
4
2
5
6
9
6
3
4
4
3
2
0
6
1
4
5
4
3
3
3
4
6
2
4
3
6
2
1
5
4
3
4
4
5
4
3
2
1
5
4
6
4
5
7
1
4
6
2
3
3
3
2
1
1
3
2
6
2
3
3
6
1
2
4
3
5
7
1
5
7
3
4
1
6
1
3
2
3
5
3
3
5
1
6
4
5
3
4
4
4
4
4
3
2
3
6
3
4
2
7
4
3
1
2
7
0
4
0
2
1
4
7
4
2
5
2
3
2
2
5
1
3
6
4
6
6
4
5
3
4
6
2
0
6
2
3
1
5
3
0
5
4
1
3
4
4
1
1
6
4
5
2
4
4
1
4
3
3
7
4
4
4
1
1
2
5
6
5
3
2
3
3
4
5
3
2
3
1
1
4
0
3
3
4
4
4
3
2
7
4
3
2
3
2
5
0
0
1
5
5
6
2
1
3
7
5
5
5
5
5
3
3
1
2
3
2
7
1
1
1
1
1
2
0
2
3
3
2
2
3
5
0
2
2
7
2
5
3
4
2
0
3
5
1
4
3
3
3
2
2
5
3
5
2
3
4
1
6
4
3
5
0
2
2
5
2
3
3
2
2
5
4
5
3
3
4
1
4
2
4
4
1
4
3
4
2
3
5
2
4
1
1
4
1
2
4
3
2
3
2
3
3
4
1
7
3
0
2
5
2
3
2
5
3
0
3
3
4
3
2
4
3
3
0
6
4
2
2
2
2
4
0
2
1
1
2
2
4
5
4
3
3
1
2
0
4
5
2
2
2
6
1
5
2
0
3
2
5
3
7
3
2
3
2
3
4
4
2
5
4
3
5
3
2
3
3
0
2
3
2
0
2
3
2
1
4
4
1
2
8
2
2
2
1
2
3
3
3
1
3
1
5
2
2
1
3
5
2
4
4
2
1
5
1
2
2
6
1
6
6
6
3
5
2
1
2
2
2
4
4
1
1
4
1
4
1
1
3
3
3
2
1
0
2
5
3
5
3
2
1
2
3
3
1
1
3
4
2
1
2
2
4
5
2
3
0
2
2
0
1
4
2
3
5
2
7
1
2
1
2
1
3
1
3
2
3
3
4
3
4
3
6
1
1
2
3
3
2
3
2
0
1
2
2
2
2
1
2
1
1
3
4
3
5
5
4
4
1
3
2
3
2
2
2
1
3
0
2
4
3
3
1
3
3
3
3
2
2
4
3
1
4
1
3
2
2
3
4
4
2
1
6
4
4
0
4
1
1
3
3
2
2
3
1
2
3
4
2
3
4
5
2
2
1
4
0
4
3
5
3
0
0
0
7
0
4
1
3
0
2
1
4
4
1
2
2
1
3
5
4
1
3
2
1
3
3
0
1
0
1
4
4
3
2
3
2
6
2
1
2
2
1
4
2
2
1
4
0
4
3
5
3
3
0
1
2
1
2
6
4
4
2
4
2
2
1
4
3
3
3
3
5
0
4
3
1
4
4
2
0
3
2
1
2
3
1
3
2
2
1
0
3
2
1
1
3
1
4
3
2
1
2
1
4
4
1
1
4
1
3
4
3
2
1
2
3
1
0
3
2
2
2
2
2
1
1
2
3
1
1
3
4
3
1
2
1
1
1
0
1
0
5
3
5
1
2
2
3
1
2
5
0
1
0
1
1
1
0
4
2
0
1
1
2
7
3
1
1
2
1
1
2
2
1
2
4
4
3
2
2
2
3
3
1
4
2
3
4
1
3
2
0
1
0
2
1
3
2
2
0
1
3
1
3
1
3
1
2
3
2
3
1
1
2
6
1
3
4
1
1
3
0
1
0
1
2
2
2
2
4
1
1
3
0
1
4
2
2
0
2
1
4
2
2
3
1
2
2
2
2
5
3
2
2
4
3
3
2
1
3
1
1
2
3
1
0
4
0
3
4
2
2
0
5
0
0
0
2
2
4
1
2
4
3
1
1
2
3
2
4
3
1
2
2
3
0
2
1
2
0
2
2
1
1
4
1
3
1
2
2
0
0
2
0
1
2
1
2
2
2
1
2
3
2
4
2
1
6
1
3
3
2
1
1
1
3
2
2
1
1
2
1
1
0
4
3
1
0
1
1
3
0
1
3
1
3
2
0
0
12
20
22
23
21
17
20
20
13
19
18
21
25
10
12
19
21
20
17
15
23
12
20
13
17
18
13
13
9
22
20
17
19
14
14
19
10
18
21
11
17
15
18
13
12
16
11
11
18
17
17
11
12
14
17
13
14
16
15
10
14
17
21
18
15
20
16
14
13
19
16
11
20
16
10
15
17
19
15
13
20
12
15
12
13
13
21
28
14
11
11
12
19
13
20
16
10
13
15
11
17
12
10
14
11
20
18
17
17
12
12
14
13
8
10
7
15
15
16
18
13
8
11
14
10
16
19
9