0
0
0
0
0
0
0
0
0
0
0
0
0
0
0
0
0
0
0
0
0
0
0
0
0
0
0
0
0
0
0
0
0
0
0
0
0
0
0
0
0
0
0
0
0
0
0
0
0
1
0
0
0
5
7
6
21
9
19
28
31
16
28
29
26
43
33
33
29
41
39
40
41
37
52
36
50
37
43
46
64
47
36
41
67
41
51
56
53
62
64
70
69
64
72
81
88
118
122
182
216
315
467
734
1164
1790
2960
3601
3465
2944
2415
1977
1662
1286
944
692
566
434
360
348
291
298
299
282
352
350
351
390
416
474
520
587
625
708
810
873
933
1081
1154
1234
1372
1407
1235
1117
900
763
623
478
381
363
331
329
325
419
428
481
547
621
737
794
824
919
945
968
873
743
586
546
457
421
350
383
405
445
470
552
583
699
758
824
760
805
693
612
499
477
422
434
395
416
483
528
587
646
684
704
725
755
709
587
562
489
438
443
404
460
514
541
530
620
663
709
649
643
629
596
568
537
515
470
473
529
503
539
569
567
592
592
612
638
627
626
572
591
583
553
501
508
492
499
499
559
527
574
538
539
576
572
561
587
590
587
604
510
561
576
589
558
504
523
523
521
543
502
550
581
564
545
541
541
567
530
585
547
599
525
524
576
545
558
527
515
539
579
551
564
602
505
585
572
542
552
600
600
547
552
562
544
549
529
565
547
571
555
581
578
516
585
554
528
573
537
539
533
600
537
555
518
542
559
562
536
550
587
478
513
548
549
506
552
548
542
577
562
560
573
549
497
577
555
507
533
557
540
541
572
525
573
546
517
509
519
534
556
575
493
557
546
531
542
535
554
600
552
507
577
549
547
559
517
587
576
524
560
556
585
571
532
551
552
589
594
534
545
582
509
547
517
541
574
576
561
515
533
500
506
492
532
503
562
540
519
518
518
534
531
544
535
514
522
541
547
517
533
531
555
546
501
552
537
506
535
520
513
520
512
514
599
546
559
530
515
544
523
537
577
548
546
585
547
536
558
538
539
545
517
533
517
553
527
568
541
542
564
492
543
560
491
547
530
535
527
505
586
583
560
580
574
547
602
544
545
560
554
548
567
540
561
579
544
538
569
574
580
560
578
564
574
608
604
579
590
534
588
585
530
609
557
544
585
533
621
554
568
543
573
547
562
558
556
556
591
557
561
568
590
577
550
562
574
534
569
554
535
589
565
598
587
558
587
525
592
566
589
532
551
538
575
622
555
595
501
575
601
589
541
565
549
590
564
565
608
593
535
571
537
545
559
560
521
556
608
572
575
570
530
555
570
579
541
580
580
599
546
566
565
551
541
599
525
539
566
587
525
556
539
575
566
538
575
551
557
577
573
572
574
548
551
578
544
568
583
550
525
573
540
569
569
521
522
551
572
571
502
610
571
537
530
538
553
546
568
536
535
540
511
563
540
621
508
536
514
546
526
541
512
500
573
554
540
571
546
564
585
548
611
515
547
576
547
520
540
557
527
564
506
558
564
542
531
521
531
516
524
554
520
572
536
563
516
531
594
532
550
552
568
521
523
543
532
527
522
537
488
538
583
563
532
569
500
525
525
521
519
544
546
540
513
552
553
521
515
579
539
530
515
511
541
514
515
545
520
531
508
542
533
577
534
565
537
500
550
541
565
559
560
583
592
574
541
530
537
549
560
522
568
557
523
549
529
542
547
499
551
554
555
567
543
524
544
525
515
507
523
569
489
535
492
500
565
527
522
526
515
483
509
540
469
514
545
481
455
543
519
539
512
514
567
524
490
494
534
523
475
512
534
539
509
569
527
513
496
519
476
481
564
476
516
517
521
495
477
509
534
493
492
470
482
535
512
527
451
538
504
501
497
471
537
480
546
532
472
520
536
470
509
512
478
497
547
491
487
499
469
517
514
455
507
505
520
437
475
517
481
488
500
543
503
481
487
479
503
469
496
505
496
461
453
523
463
506
474
517
496
496
485
491
477
480
492
474
507
452
524
502
504
489
483
463
489
470
464
475
501
464
512
473
512
537
511
455
478
516
480
532
465
457
499
479
454
501
528
515
493
472
492
490
472
481
478
472
460
477
435
476
466
463
468
475
475
485
433
500
487
439
489
472
480
468
477
492
480
508
503
454
485
487
490
461
440
486
471
443
481
495
468
497
498
421
491
459
452
471
453
502
484
471
466
456
476
487
477
449
460
473
483
484
496
470
497
451
447
493
436
487
473
468
454
512
476
427
463
440
458
489
487
520
457
453
462
486
459
455
444
439
473
485
469
441
476
467
438
525
487
486
486
437
497
459
480
465
446
472
436
490
470
437
476
459
468
458
446
476
471
489
491
470
475
427
510
485
428
429
455
464
451
435
480
423
493
438
448
479
487
445
450
429
434
441
476
475
456
471
441
433
487
464
438
456
462
438
467
473
448
481
457
462
433
455
459
409
467
456
458
451
473
479
441
455
421
464
452
444
445
465
463
446
445
426
479
443
440
438
474
464
444
459
436
485
445
422
457
435
480
437
444
472
480
390
477
441
457
460
452
435
462
455
477
438
391
451
450
453
473
430
450
481
439
454
446
432
471
449
460
419
464
454
481
436
423
453
446
411
420
406
415
433
471
440
481
469
450
430
457
447
460
455
424
459
467
397
452
447
434
433
468
461
426
444
429
454
435
430
437
458
442
444
460
443
474
426
432
471
450
464
457
467
470
433
471
414
434
456
450
471
426
427
448
465
454
441
485
466
492
426
483
431
461
455
458
445
448
444
415
430
459
425
417
441
456
446
450
436
459
436
454
436
447
485
471
428
420
471
452
433
450
447
454
440
468
486
478
476
487
471
511
504
508
515
499
511
448
446
460
459
461
459
442
500
434
458
435
455
414
467
470
453
421
441
424
490
429
466
426
401
406
432
465
455
444
419
430
448
444
410
465
423
441
453
453
439
432
460
449
447
419
462
439
403
458
466
438
429
451
408
439
408
449
422
428
413
445
417
403
441
412
427
465
426
450
432
462
432
448
447
427
441
419
457
450
425
457
461
430
403
438
439
435
448
431
401
440
465
404
439
445
414
444
466
390
455
447
478
417
466
421
433
405
417
437
432
434
442
404
419
420
454
451
462
427
405
435
416
436
438
422
448
428
468
457
430
411
446
412
443
419
428
427
464
413
412
455
461
442
450
431
436
421
397
451
387
417
452
414
441
416
469
416
464
436
427
454
438
418
461
421
430
427
455
418
436
417
422
436
459
466
466
395
433
427
411
440
425
411
454
416
435
431
454
406
459
437
436
443
434
485
437
430
428
439
420
437
430
432
459
439
452
428
419
443
442
445
435
392
416
392
416
465
437
442
439
447
421
437
463
453
450
449
402
458
437
404
471
414
427
461
450
404
418
444
407
441
423
431
421
453
424
431
401
404
422
448
440
435
453
466
430
419
453
435
435
428
407
446
472
431
442
425
394
462
398
423
454
430
398
442
452
443
403
489
430
457
400
416
423
445
432
430
410
467
432
459
435
437
451
423
402
426
482
465
464
424
420
370
418
460
409
411
451
455
423
433
429
449
438
398
438
420
417
482
433
443
412
463
403
403
448
435
464
442
417
441
432
418
461
420
423
426
429
426
403
445
435
392
450
476
461
432
455
444
452
443
465
449
455
498
438
416
436
405
436
460
429
444
451
471
482
443
453
453
414
411
435
450
435
433
483
474
479
469
446
403
438
427
411
434
448
474
461
438
483
460
469
438
431
427
449
443
455
455
430
443
456
420
471
415
448
447
457
423
474
429
431
466
461
485
466
444
458
473
413
433
434
451
417
423
454
427
506
448
445
432
436
442
463
415
414
427
477
473
478
437
424
412
452
476
452
434
484
468
448
463
463
471
433
455
466
415
453
434
470
428
451
451
466
481
455
452
479
450
470
432
406
450
453
460
442
475
440
480
487
441
438
434
460
447
467
459
453
425
420
452
458
444
475
447
425
442
484
457
457
439
440
476
460
470
458
462
464
460
486
483
458
434
472
460
445
439
476
461
448
444
468
475
480
465
423
474
475
529
450
454
439
457
514
473
467
453
450
492
454
496
464
525
434
458
465
450
476
468
476
440
426
408
455
460
438
460
452
485
482
431
422
460
453
460
431
491
488
483
456
458
460
471
432
466
481
445
467
460
488
489
511
459
413
473
456
478
467
468
502
452
459
463
482
513
452
470
484
448
481
474
466
464
460
477
503
472
447
459
483
441
504
461
479
449
466
441
487
480
474
428
484
463
466
428
460
477
509
494
437
481
462
431
478
478
461
521
484
503
470
464
453
485
484
492
463
461
495
509
439
472
476
472
459
522
476
474
484
489
495
451
547
478
506
488
495
481
467
491
483
497
459
522
477
482
486
487
467
453
481
481
487
528
459
508
508
487
433
472
513
505
486
487
483
494
486
508
509
437
486
483
527
508
474
483
481
509
511
501
487
506
466
484
544
480
493
524
535
518
507
523
505
534
496
530
502
502
545
534
506
515
542
524
515
522
512
497
509
509
523
482
497
495
518
501
491
519
520
485
493
442
494
546
510
556
494
474
508
505
510
546
502
504
495
511
505
543
524
547
544
519
512
501
490
498
525
505
539
519
545
496
516
498
527
505
525
508
514
499
501
522
538
541
523
505
558
525
527
565
582
523
588
488
517
516
532
515
560
552
552
542
510
560
488
519
537
528
532
565
539
496
521
541
544
519
518
532
538
520
513
538
562
569
559
507
547
547
570
556
504
552
513
534
505
560
588
586
610
572
572
534
570
530
505
520
556
519
561
533
583
528
526
551
607
556
583
573
553
527
540
564
543
558
563
561
545
538
507
568
539
589
564
565
528
566
508
571
552
569
567
523
511
517
605
576
571
549
552
557
536
561
541
570
552
565
591
583
545
567
553
617
587
576
568
624
593
587
555
577
562
587
559
606
564
576
599
552
592
596
602
571
588
552
615
547
574
596
632
568
531
573
575
574
543
611
594
584
571
597
601
593
611
622
603
592
598
608
669
612
608
662
617
615
584
537
602
616
615
598
628
619
646
586
641
602
624
614
587
621
656
600
645
675
583
615
615
602
621
611
579
607
588
626
656
649
630
642
635
638
620
601
646
631
590
648
588
605
633
650
655
675
653
599
644
643
618
616
636
663
619
632
660
669
637
650
662
661
664
651
667
617
675
636
660
707
653
666
675
704
676
651
661
646
677
641
622
666
641
667
682
653
636
673
708
645
687
627
645
667
671
672
665
645
664
662
710
704
706
690
710
682
685
683
660
668
691
734
727
690
708
687
677
649
651
688
686
717
718
733
727
756
729
675
695
670
692
690
726
698
680
703
728
702
753
676
700
711
706
734
690
711
714
750
750
767
705
767
714
721
677
736
768
738
740
733
770
723
758
704
711
762
731
776
737
753
744
737
749
765
789
747
756
752
729
770
730
722
764
726
753
729
780
759
720
704
768
729
677
765
664
735
665
691
727
707
687
736
701
694
697
690
644
671
602
644
698
679
682
615
676
604
619
637
628
606
598
631
614
589
538
633
586
598
620
580
595
576
597
539
601
573
563
607
545
562
565
602
582
608
576
567
525
562
566
598
562
601
563
520
620
618
601
570
582
550
548
583
531
544
571
557
561
528
564
505
591
553
601
556
535
537
552
594
574
568
564
575
538
567
546
563
556
572
523
503
553
563
515
577
531
505
559
538
505
538
544
545
564
528
519
534
536
506
551
544
544
558
551
558
520
547
540
494
507
534
539
521
518
532
512
533
536
504
542
502
527
563
564
546
520
516
551
516
608
536
521
501
541
547
513
477
527
539
490
501
541
526
555
543
523
521
531
553
517
509
516
549
533
516
500
490
483
526
509
552
583
517
531
486
521
564
526
480
506
518
522
530
485
463
536
492
523
527
464
519
512
433
507
502
518
517
489
579
540
515
507
532
518
493
490
553
517
480
523
501
497
527
481
527
511
477
513
509
512
500
517
534
541
514
487
478
504
497
503
523
483
512
460
535
486
486
493
461
454
527
479
439
484
480
479
508
484
488
453
516
533
487
494
518
500
493
503
512
448
518
511
462
510
481
458
444
502
450
517
474
489
516
465
475
497
509
468
492
491
495
474
469
494
497
492
511
484
496
481
487
472
516
498
481
436
483
498
507
482
478
481
487
473
512
493
484
488
476
498
462
499
502
485
525
504
489
499
498
517
469
520
502
493
512
499
491
471
492
493
503
442
481
504
481
470
458
487
509
534
479
515
495
446
539
495
489
526
539
527
501
498
499
490
514
517
516
494
544
528
527
466
500
474
535
485
494
519
536
522
548
500
485
505
524
475
485
568
524
484
531
529
511
535
514
497
495
499
498
492
534
485
545
487
478
476
469
482
477
480
523
469
468
486
449
474
485
432
433
407
422
410
419
419
421
388
420
429
400
375
375
405
368
411
345
388
405
356
365
365
376
382
398
372
370
341
336
374
346
354
311
359
342
339
363
334
346
380
392
358
359
372
371
330
324
320
329
332
325
346
333
351
319
326
331
356
316
322
326
315
336
366
286
340
323
314
325
338
308
333
339
320
304
281
287
305
284
314
297
316
288
275
305
315
327
318
344
310
300
317
314
311
302
318
294
252
283
293
288
272
298
283
318
314
303
309
273
310
303
271
290
314
291
277
282
272
287
302
306
292
324
283
295
286
330
346
402
516
801
1337
2302
3709
5500
7623
9580
10575
10657
9603
8007
6178
4397
3127
2423
1890
1697
1665
1703
1721
1960
1980
2036
2013
2010
1786
1663
1704
1485
1416
1340
1228
1131
1043
1010
928
875
766
779
655
635
577
546
507
521
465
441
435
367
368
294
334
328
263
303
329
312
284
272
258
235
254
245
243
224
242
227
232
244
243
220
229
203
215
223
223
246
229
201
230
232
224
179
222
223
200
194
207
185
189
200
215
215
210
196
193
212
188
229
205
203
206
206
196
197
195
181
184
211
176
189
178
187
183
188
173
202
199
182
156
185
160
196
161
170
172
175
158
164
159
166
147
188
153
151
161
168
168
153
170
176
156
163
137
181
123
157
149
159
176
152
140
150
133
167
150
148
143
139
148
157
141
121
164
156
160
138
145
132
135
136
153
134
136
134
134
139
141
135
146
141
141
143
142
132
142
129
162
123
122
167
130
138
143
127
136
121
130
128
124
139
132
121
127
140
116
120
125
142
130
116
129
123
132
119
125
145
108
144
121
145
125
126
149
132
138
138
135
127
124
155
113
120
139
117
106
134
129
115
123
130
124
123
132
112
121
102
99
102
113
103
119
128
91
121
111
102
108
109
99
106
111
139
136
109
123
109
126
104
120
106
118
125
116
122
124
117
96
114
123
122
106
108
97
116
122
119
117
111
116
109
99
135
101
111
116
121
107
118
112
116
116
128
106
100
104
118
107
113
121
104
114
110
116
112
105
103
98
108
105
115
98
111
125
124
100
100
116
107
116
108
104
103
124
90
115
95
107
101
111
123
85
116
105
117
114
99
102
101
104
116
123
102
111
88
110
89
129
102
90
103
111
104
118
110
101
108
110
85
132
92
117
96
85
95
105
99
108
123
114
88
94
105
107
108
106
130
106
104
124
110
105
108
105
108
111
107
109
118
114
101
94
106
94
156
99
127
124
136
163
199
328
590
1074
1884
3095
4744
6547
8136
9268
9228
8684
7303
5602
4142
2857
2148
1718
1454
1369
1417
1481
1543
1591
1686
1665
1663
1570
1483
1339
1292
1263
1048
1081
916
819
735
679
641
553
534
466
415
383
395
346
356
270
241
222
247
207
202
183
174
162
141
166
151
131
131
98
103
125
131
105
127
120
102
112
104
99
109
99
104
92
92
91
108
89
87
99
108
88
82
87
81
100
91
109
91
84
85
105
88
92
98
81
87
85
79
98
89
83
89
74
90
68
92
87
93
97
78
84
96
104
81
87
80
86
94
100
67
90
101
94
88
79
101
90
107
93
92
94
87
70
84
95
77
84
79
73
83
92
80
79
70
61
83
87
86
99
81
79
74
90
81
91
84
84
66
83
93
89
84
98
90
83
87
92
85
78
70
75
93
70
67
92
70
77
84
71
73
107
81
85
85
77
95
74
70
80
70
78
78
97
67
89
73
81
88
71
70
85
73
67
90
86
84
86
78
75
82
84
90
82
63
85
74
85
74
71
76
81
91
78
73
84
72
79
66
64
65
88
88
61
69
73
61
67
73
58
68
71
76
89
75
81
73
67
83
95
72
72
82
75
65
61
86
75
68
81
96
79
80
75
69
60
72
64
85
61
87
69
64
66
73
65
69
80
70
63
78
62
69
77
77
81
68
64
69
78
64
81
75
67
73
80
70
64
73
78
74
60
68
69
67
73
60
66
85
71
75
69
65
68
74
60
73
68
69
65
67
62
72
74
63
68
72
76
76
64
59
94
69
66
73
74
59
59
85
76
88
100
85
63
90
61
89
71
67
78
77
76
68
65
58
62
78
65
78
76
81
59
69
65
73
78
65
66
67
73
72
66
72
67
57
78
76
62
80
64
66
64
54
59
49
67
57
66
56
59
75
73
48
64
60
69
80
88
57
56
70
56
87
85
64
67
55
57
77
69
56
68
57
68
58
53
62
61
57
60
64
56
69
62
70
71
72
66
74
69
62
69
54
57
64
66
70
70
62
61
63
79
58
69
69
64
64
57
76
61
67
54
70
64
72
60
56
50
67
54
74
70
72
60
61
75
60
87
58
50
58
70
64
64
59
66
61
49
74
71
66
74
54
66
55
69
70
69
60
64
48
59
71
57
66
55
57
68
65
72
72
67
60
60
64
63
65
63
72
54
62
61
59
72
58
56
76
64
76
54
59
66
52
48
59
57
58
52
62
54
55
63
62
43
58
52
63
74
54
68
52
59
80
58
59
63
78
77
52
52
61
63
60
65
64
50
68
63
54
46
59
72
52
42
58
64
53
60
61
60
61
54
62
62
64
55
52
55
50
60
62
51
61
63
68
61
62
45
63
77
57
46
59
65
61
48
49
59
51
58
67
71
60
56
53
56
63
56
53
56
56
55
61
55
60
35
62
63
58
62
54
45
50
55
48
65
77
71
54
68
66
56
55
63
61
54
48
68
72
68
57
51
70
50
53
42
59
58
57
57
47
59
68
57
58
61
64
57
64
50
57
51
52
61
58
54
53
58
55
56
57
53
55
60
57
49
72
62
51
56
59
52
53
54
47
58
54
61
47
59
48
48
54
59
50
48
67
55
62
45
56
44
44
49
72
54
45
55
65
51
46
44
58
53
54
60
67
57
56
47
45
60
60
57
49
46
55
52
52
61
55
54
50
51
56
52
66
54
51
66
58
57
63
49
61
58
58
61
58
52
52
61
59
52
44
58
52
56
45
64
48
52
53
53
42
50
48
57
55
47
57
84
43
43
60
42
58
62
51
39
44
63
55
60
54
63
48
50
42
43
50
38
63
57
50
43
50
55
35
46
48
56
51
59
66
57
58
58
58
43
56
65
48
51
47
48
50
69
56
51
56
40
59
56
42
48
48
59
47
55
39
45
51
47
52
45
46
57
51
35
36
43
56
61
45
63
51
43
51
45
48
51
52
41
49
49
50
50
54
44
48
41
72
46
37
52
56
57
55
55
43
55
49
46
55
63
58
54
42
53
49
56
39
47
51
41
40
56
46
43
50
41
47
54
33
40
45
60
48
61
49
42
52
46
36
35
54
44
40
44
53
58
48
58
47
51
55
45
53
58
42
48
45
51
46
43
47
40
55
36
41
41
50
44
45
49
46
51
41
53
48
41
34
50
31
51
41
44
43
44
57
45
58
35
53
52
45
49
51
45
43
38
36
41
57
60
51
38
50
47
44
45
62
43
46
50
40
41
53
47
41
42
46
42
49
52
47
42
53
43
54
38
38
50
50
52
35
41
48
43
42
38
39
51
41
44
40
49
25
44
33
46
41
55
52
46
39
30
36
59
49
63
36
40
37
36
43
47
49
48
43
51
41
45
37
56
44
48
46
47
46
55
51
40
51
48
49
48
59
41
53
38
31
43
34
50
53
55
45
52
49
42
49
46
49
41
45
47
40
51
25
48
45
41
45
44
42
43
43
48
32
38
50
49
46
36
37
44
47
46
38
56
46
46
33
51
43
37
40
40
48
49
39
31
34
37
44
42
35
41
30
51
36
39
46
43
49
33
44
56
54
45
35
33
29
28
52
34
57
33
33
32
45
32
56
34
49
47
44
42
50
47
42
47
46
46
38
45
31
39
42
44
40
52
40
38
47
37
42
40
50
42
49
44
38
43
29
44
45
49
45
40
38
42
36
42
36
36
44
36
34
29
48
36
37
36
48
38
35
42
38
43
37
47
49
44
34
50
28
40
40
38
43
35
42
45
45
32
49
61
40
37
42
41
42
44
44
43
50
40
36
37
38
31
46
44
43
45
44
53
46
39
36
45
52
36
35
35
35
40
42
41
37
39
43
34
43
39
40
47
39
50
41
45
39
40
38
28
40
40
41
40
46
41
41
32
34
39
35
44
41
37
42
34
36
43
47
36
32
42
35
37
35
39
40
34
50
33
33
38
42
41
43
56
44
43
26
32
35
43
45
44
36
41
46
36
44
38
36
39
39
42
48
35
38
42
52
32
27
43
44
26
40
39
35
39
34
41
49
43
41
37
28
29
44
41
44
38
32
48
39
28
42
44
35
37
38
39
45
37
32
43
33
34
43
38
40
40
38
33
38
45
39
46
45
39
47
38
49
40
40
42
35
44
36
44
41
41
47
30
27
28
44
29
41
36
28
44
36
45
37
30
40
36
37
39
42
40
41
44
41
31
43
31
34
48
36
26
36
38
47
24
38
26
33
39
51
29
36
46
43
37
31
40
31
37
28
39
40
45
45
42
40
40
35
29
33
39
34
36
31
36
36
38
34
34
36
30
35
26
36
32
39
34
36
36
32
39
33
27
34
37
34
33
36
31
30
34
35
23
46
39
36
38
34
34
36
25
30
37
28
37
32
37
40
42
29
30
31
32
31
29
33
42
32
30
26
35
24
41
32
26
23
24
27
33
42
25
46
30
36
40
49
32
34
38
41
41
31
36
28
28
28
33
33
28
40
43
28
39
19
23
36
44
39
36
32
45
46
33
40
33
44
26
27
40
34
31
41
28
34
30
27
30
53
33
32
44
35
31
37
24
31
25
33
39
39
37
27
30
36
44
35
38
29
26
30
33
34
34
21
30
28
32
52
30
26
40
39
23
35
35
37
27
31
27
27
31
30
33
37
28
34
40
30
25
28
25
24
30
27
28
29
26
36
28
29
31
27
32
26
31
23
35
40
29
21
34
29
41
30
46
25
35
37
38
28
32
32
27
30
28
34
27
34
35
34
38
36
28
38
36
22
23
37
26
29
53
23
32
37
19
21
26
41
42
32
39
30
19
29
36
29
42
33
23
30
29
29
28
34
21
37
28
21
27
35
26
36
40
26
19
23
28
36
31
39
19
36
31
26
40
31
33
27
31
38
32
32
28
31
29
27
28
39
22
38
19
23
46
34
41
32
28
34
30
36
38
28
19
31
25
35
26
38
24
32
21
28
34
31
31
29
30
32
31
44
40
21
35
31
30
27
25
28
32
38
43
25
25
32
29
29
36
26
39
24
33
31
27
38
34
29
25
24
26
30
30
28
37
16
26
33
37
25
40
29
28
22
31
33
20
23
27
34
35
31
31
23
31
30
29
30
26
33
29
22
32
29
27
24
38
23
34
35
32
35
25
26
16
29
38
28
26
32
28
25
22
26
23
27
22
32
31
29
22
31
19
22
30
30
17
30
39
29
22
26
25
25
34
18
31
28
28
24
31
30
28
32
33
26
26
32
21
43
32
34
25
33
32
22
18
28
24
23
24
33
28
35
37
19
32
22
23
34
27
27
25
43
32
22
20
28
26
21
25
27
23
29
27
34
25
24
28
32
23
29
35
25
26
38
19
19
24
29
35
24
33
18
30
27
28
32
26
25
22
27
21
32
18
15
27
28
21
22
25
24
31
27
26
34
20
28
35
37
24
26
21
28
28
24
21
23
23
31
25
24
24
20
31
40
30
22
17
28
26
29
29
18
28
21
26
24
22
23
18
25
21
31
24
20
22
22
20
18
24
33
22
23
32
22
24
35
27
25
23
22
26
22
23
28
21
24
20
20
25
23
24
23
25
29
30
24
21
17
17
26
31
19
23
19
15
16
21
23
31
26
30
29
23
26
21
17
20
29
15
27
33
23
26
22
26
31
18
25
23
30
22
36
22
23
18
25
26
26
26
28
20
30
23
28
33
24
27
22
16
14
27
17
27
23
24
22
21
28
30
27
20
21
26
17
21
19
15
19
28
19
23
17
20
26
19
14
28
22
30
23
25
15
20
26
21
20
22
25
19
18
20
22
30
23
27
30
26
17
24
20
17
24
15
20
16
26
18
33
16
16
17
22
26
28
20
20
26
23
27
24
20
29
21
22
25
25
15
28
14
17
24
21
21
15
16
12
23
21
18
20
31
19
26
25
22
21
25
22
25
20
21
25
14
22
31
18
22
19
19
20
29
23
8
19
24
20
18
21
21
25
20
18
23
17
20
35
26
23
19
17
25
19
14
21
21
12
14
17
22
20
15
22
15
20
18
23
20
20
20
26
16
25
21
13
27
22
19
19
21
13
25
25
19
11
10
12
22
18
22
16
16
22
17
16
12
21
15
19
25
23
23
29
30
17
16
15
20
14
21
21
24
18
22
26
29
21
24
26
22
19
21
16
18
14
27
16
15
20
18
21
22
15
20
27
18
16
14
16
15
16
19
16
23
15
19
22
23
21
24
13
26
20
15
16
14
17
16
20
16
21
21
23
22
25
22
21
18
18
14
16
28
25
17
19
24
15
15
28
26
21
24
15
16
19
18
22
17
21
15
14
22
19
24
12
16
19
18
16
24
21
22
20
18
18
24
21
17
11
24
21
20
21
19
25
22
23
27
23
12
17
22
26
19
14
18
19
20
24
17
20
23
25
17
22
27
15
22
12
23
17
19
20
15
14
18
20
16
15
14
20
23
16
20
22
29
18
20
19
17
19
23
15
16
19
14
19
25
23
22
20
22
19
16
25
13
22
23
18
18
17
21
15
16
14
17
16
12
22
23
19
14
18
19
24
27
15
22
12
15
26
15
17
17
21
15
24
21
19
17
25
18
12
14
20
24
23
19
23
20
27
21
26
21
17
17
18
10
22
20
20
26
19
19
17
18
29
19
21
14
8
13
19
16
22
13
14
12
11
20
23
10
23
13
14
16
16
9
15
11
15
18
21
12
16
19
14
13
24
13
20
11
15
17
23
15
15
12
15
12
10
14
26
17
9
11
22
15
9
14
19
10
15
12
13
11
14
13
18
12
12
20
16
17
16
13
17
8
12
12
21
14
15
16
14
17
12
10
19
22
18
16
12
13
17
15
11
13
15
19
8
13
10
12
17
14
15
20
12
16
17
15
9
7
18
13
14
15
20
11
14
9
11
19
14
18
20
18
18
16
11
13
15
9
13
13
16
15
12
20
16
18
14
17
17
18
12
11
9
11
14
14
15
10
13
16
11
14
19
14
16
10
9
9
16
16
11
12
5
12
9
11
9
11
10
17
12
9
14
10
10
11
17
10
12
11
9
13
10
4
8
15
10
14
8
13
8
14
10
11
12
7
16
7
10
8
6
9
15
8
12
7
15
8
15
10
15
11
15
10
12
9
8
9
6
11
15
9
10
9
8
9
12
11
10
14
15
8
20
7
9
6
8
8
9
9
9
9
5
11
10
13
15
6
10
6
12
8
9
13
16
7
9
15
12
4
12
12
5
11
8
5
12
14
18
6
14
15
12
10
8
7
2
3
10
10
9
10
7
7
13
15
5
7
13
8
6
7
6
13
5
8
12
9
9
8
4
5
15
4
9
9
7
6
15
5
11
3
15
6
5
8
5
9
10
7
10
9
6
15
6
3
9
9
9
9
6
9
8
8
4
5
6
8
9
7
11
2
6
8
12
5
11
8
4
3
6
4
5
7
7
13
6
5
8
5
8
10
9
8
8
11
3
7
5
7
8
8
12
10
5
7
6
9
7
9
11
5
9
6
8
12
8
9
7
7
6
3
9
7
5
6
4
6
7
9
6
6
9
9
7
6
8
4
9
4
8
3
5
8
9
7
6
8
6
5
7
5
2
6
7
6
5
4
7
2
10
9
8
9
5
11
7
2
6
5
7
11
6
12
14
7
8
9
4
5
5
9
6
5
7
10
7
13
4
4
11
8
5
7
5
7
8
4
8
7
10
1
11
14
5
5
7
7
3
4
6
12
3
8
4
3
9
6
8
7
14
6
7
10
12
6
9
7
10
9
13
4
1
5
9
8
8
7
4
2
10
4
7
8
14
4
8
4
6
9
5
4
10
7
6
9
10
7
6
8
8
9
4
9
9
9
5
10
5
4
15
9
7
9
10
13
10
13
15
17
45
30
38
72
70
66
86
84
67
76
52
45
31
38
16
23
11
23
13
12
26
22
25
10
16
22
18
15
8
11
13
13
14
9
15
12
8
9
13
8
12
4
6
3
8
3
5
2
7
7
4
6
5
4
7
4
6
3
4
3
2
4
1
8
6
3
4
2
8
5
5
5
2
4
7
4
3
0
4
3
7
5
4
6
1
4
7
5
4
3
2
5
4
3
4
3
6
2
0
7
1
3
8
1
4
1
5
2
8
3
5
4
5
3
6
5
3
4
3
9
3
2
5
1
6
7
3
4
3
4
5
2
3
1
1
5
3
2
1
4
5
2
3
3
4
2
4
2
5
6
2
3
2
6
3
5
6
3
4
4
3
2
3
3
5
3
5
4
3
7
2
4
6
4
3
2
3
3
5
3
3
4
2
2
3
2
6
2
3
6
4
2
1
3
7
2
5
1
7
7
6
1
2
2
3
6
4
5
6
1
5
1
3
6
5
3
3
4
3
2
4
4
3
6
2
4
5
5
3
2
2
5
4
3
2
3
1
2
1
0
4
5
2
3
3
3
4
4
2
4
4
4
2
5
3
3
8
5
3
5
2
2
1
4
1
3
5
3
3
4
3
3
2
3
2
2
4
3
6
2
1
1
3
3
6
5
3
4
5
5
2
8
3
5
4
4
2
3
3
4
4
5
4
1
1
3
4
3
8
4
2
3
1
3
1
2
3
4
3
4
3
1
4
6
5
5
4
2
6
4
6
6
5
4
4
5
1
5
3
3
2
3
4
2
4
6
3
2
6
8
4
2
3
4
3
5
4
4
1
1
2
7
2
4
2
1
2
3
6
1
5
1
6
1
4
2
5
3
0
5
3
3
1
3
5
5
5
6
2
7
2
7
5
4
4
5
4
0
3
9
5
8
3
5
8
4
5
5
5
4
3
9
3
4
8
6
6
3
10
5
11
6
5
7
2
6
3
2
1
2
1
3
7
2
4
2
0
1
2
1
1
3
4
2
6
3
4
1
1
4
1
2
4
0
5
1
1
3
2
1
1
2
3
2
1
2
2
5
4
3
5
1
3
1
2
1
4
1
1
5
1
3
3
5
1
2
0
1
4
1
2
5
4
3
1
3
0
5
5
4
3
0
2
1
3
4
1
3
3
2
2
2
1
1
1
1
3
2
0
3
0
3
6
2
1
3
2
7
1
1
3
1
0
2
2
2
2
6
4
0
5
3
2
4
0
2
3
0
1
1
4
2
4
5
2
3
3
3
4
2
1
2
0
1
1
3
3
5
4
3
4
1
3
0
2
1
1
3
4
3
2
3
2
4
2
4
0
1
4
2
5
2
0
1
1
5
2
4
1
1
2
3
3
2
3
2
2
4
4
1
3
2
1
1
3
2
3
4
2
3
2
5
1
1
6
3
2
4
2
0
2
2
3
1
1
1
1
5
3
2
2
3
1
1
1
2
1
2
1
1
3
1
2
3
0
0
2
2
0
2
2
2
1
2
3
2
1
3
3
2
2
2
2
3
2
4
1
6
0
2
2
3
2
1
1
1
4
2
2
1
5
1
0
1
3
2
1
1
1
3
0
3
2
1
1
2
2
0
2
1
0
1
0
1
0
2
2
3
5
1
1
0
1
1
1
1
1
1
0
1
4
1
3
0
0
1
6
1
0
4
1
2
0
3
3
3
0
0
2
1
3
1
1
2
2
2
2
2
1
3
0
1
4
3
2
2
2
2
1
1
2
2
0
1
1
0
2
2
4
1
1
3
3
2
3
0
0
1
3
3
0
3
1
2
4
4
3
0
1
1
1
1
0
0
2
2
1
3
1
0
0
0
3
3
1
0
1
2
2
1
0
1
2
3
2
1
2
1
1
1
1
1
2
1
0
0
2
0
2
2
2
1
2
1
2
0
4
2
0
2
1
1
2
0
0
1
4
0
0
3
0
4
2
1
5
3
2
0
4
0
2
0
2
1
0
1
4
0
1
3
2
0
2
3
2
1
0
2
3
1
3
1
3
1
1
1
3
2
1
3
1
0
1
1
1
0
0
3
1
3
0
3
3
3
1
5
3
0
3
2
0
3
1
2
0
1
2
4
4
0
1
0
2
2
3
0
0
0
1
1
2
0
0
2
1
0
2
2
1
1
3
0
3
0
2
2
3
2
0
2
2
1
0
1
3
2
2
0
1
4
2
2
1
2
1
0
2
1
2
1
3
2
3
2
2
2
0
2
1
2
2
1
2
3
2
1
2
0
0
2
1
3
1
3
0
0
1
3
2
2
2
1
2
0
0
1
3
1
1
1
1
1
1
1
1
0
0
0
1
1
1
0
0
1
0
3
0
0
3
0
2
1
0
2
0
0
2
2
2
2
0
1
0
2
1
2
1
1
1
0
0
2
2
1
2
3
1
1
2
3
0
2
3
0
1
1
2
1
1
2
1
0
3
2
1
2
3
1
0
0
1
2
1
2
0
4
3
2
0
0
0
1
1
1
1
1
4
4
0
3
1
1
2
0
1
0
1
3
2
0
1
4
1
3
1
3
2
1
4
0
2
1
2
1
1
1
0
2
0
3
1
2
1
3
3
1
0
0
3
1
2
2
1
1
1
1
0
0
1
1
0
0
0
2
2
0
2
4
1
3
0
2
3
0
3
2
1
0
1
0
2
1
2
1
3
0
0
1
0
0
0
0
2
1
1
3
3
1
0
4
4
1
0
0
1
2
2
0
2
2
2
0
2
0
0
0
2
2
1
2
1
0
3
0
1
3
2
1
3
2
0
0
1
1
2
0
2
0
2
1
2
0
0
2
2
1
0
0
0
2
2
1
0
0
1
2
2
0
0
1
1
3
0
4
2
0
0
0
0
3
0
2
2
1
0
1
1
2
0
1
0
3
2
2
0
0
0
1
1
1
2
1
1
0
1
0
0
0
2
0
0
2
3
3
0
1
1
2
2
0
2
1
0
2
0
1
2
2
1
0
2
0
3
2
1
0
1
0
3
0
1
2
1
0
2
0
2
2
2
1
1
1
1
0
1
1
1
4
0
1
0
1
0
0
0
1
1
2
1
2
1
2
2
3
0
1
2
3
1
2
3
0
0
1
1
0
1
1
1
3
1
2
0
2
1
0
0
2
1
1
0
0
1
0
1
3
1
1
3
1
1
1
2
1
1
1
1
0
1
1
1
2
2
1
1
1
0
0
2
1
3
1
2
0
1
2
0
0
1
1
2
1
2
2
1
0
2
2
2
1
1
1
1
0
3
1
0
2
0
1
1
1
1
0
3
0
0
0
0
0
1
1
2
1
1
0
0
1
0
0
3
4
2
0
1
0
1
1
1
0
1
1
2
0
2
0
1
1
1
1
2
0
2
1
2
2
2
0
2
2
1
0
2
2
0
0
0
1
1
0
1
0
2
0
1
2
1
1
1
2
1
0
0
1
0
1
0
0
1
2
1
2
0
1
0
0
0
1
1
3
1
1
0
1
0
1
1
0
2
2
1
0
2
1
3
0
2
0
0
1
0
2
0
0
0
1
0
1
0
0
3
1
3
2
0
0
1
1
1
1
0
2
2
3
0
0
0
2
0
2
3
2
0
1
0
1
0
0
2
2
0
0
0
2
1
0
0
0
1
0
1
2
0
0
0
2
0
2
0
0
1
0
0
0
0
1
1
2
0
0
0
1
1
0
0
0
3
0
1
0
1
0
0
0
0
1
1
1
1
1
0
2
0
2
0
1
1
1
0
2
0
0
0
1
1
0
0
5
5
8
10
9
8
9
6
7
12
11
7
11
11
7
8
6
12
7
10
7
11
8
7
9
5
3
13
11
7
8
8
16
5
14
8
10
13
10
9
8
10
10
5
11
6
6
4
9
6
10
8
8
5
8
6
9
9
6
11
6
8
6
11
4
8
14
9
7
7
8
12
11
13
3
6
8
8
10
10
7
6
4
8
7
5
6
7
14
6
8
13
16
5
11
9
7
4
9
9
6
6
11
9
11
9
7
7
3
5
13
8
7
9
7
12
10
4
6
11
6
14
10
7
8
4
5
9