0
0
0
0
0
0
0
0
0
0
0
0
0
0
0
0
0
0
0
0
0
0
0
0
0
0
0
0
0
0
0
0
0
0
0
0
0
0
0
0
0
0
0
0
0
0
0
0
0
0
0
0
3
2
2
6
10
17
16
28
32
32
28
42
34
32
28
35
28
48
30
31
43
32
36
48
41
50
39
40
44
48
46
56
49
41
48
68
52
74
61
55
78
75
67
87
85
76
95
129
144
244
328
572
858
1395
2360
3407
3615
3313
2935
2511
2252
1743
1346
1008
719
590
465
367
324
319
293
331
328
334
320
395
381
425
497
535
579
726
818
857
987
1019
1197
1252
1408
1418
1468
1259
1112
902
735
622
495
375
373
338
331
399
424
440
499
594
680
810
869
971
989
985
1003
886
765
668
542
456
437
400
402
422
473
530
637
684
762
811
846
827
825
681
631
506
466
450
441
437
451
499
556
687
691
786
757
779
723
681
645
536
537
510
463
480
521
561
569
675
691
705
765
730
674
655
607
583
560
532
510
496
544
552
555
594
631
665
637
678
671
708
610
596
635
577
568
591
518
528
496
564
558
536
561
581
621
617
618
642
607
623
605
600
567
560
551
539
597
592
531
596
566
538
547
581
546
547
557
622
580
544
607
624
618
580
607
602
618
570
594
597
555
599
602
564
593
618
574
567
616
556
594
577
583
612
604
567
581
618
607
607
532
555
578
574
575
618
590
559
548
581
560
572
596
581
601
597
562
576
557
599
589
556
582
532
602
572
614
560
632
562
604
600
600
603
625
584
590
579
588
567
581
559
569
600
565
561
562
586
599
556
595
610
554
574
551
553
599
543
556
597
547
577
542
594
594
570
582
527
571
615
558
567
537
573
536
599
567
565
565
568
521
595
610
598
537
614
602
555
565
596
584
551
595
581
556
558
568
556
588
603
554
583
599
578
550
583
535
563
541
560
524
557
568
582
528
588
571
526
570
594
547
573
547
526
569
587
545
571
594
567
604
563
576
586
544
569
568
548
584
543
567
559
534
576
563
587
562
554
568
590
600
582
574
584
570
567
594
560
578
547
565
532
596
579
636
566
570
564
604
584
616
626
587
553
583
597
582
598
637
586
610
588
607
660
562
640
564
626
602
640
578
597
585
606
611
590
610
603
627
605
585
607
574
583
582
608
612
587
616
593
642
617
578
603
571
573
579
584
586
611
616
564
623
589
585
566
613
584
587
581
562
633
581
595
622
626
550
628
600
576
606
595
596
680
581
585
599
588
618
664
580
614
626
609
561
633
586
586
610
628
620
556
543
668
624
587
614
584
603
592
597
588
600
618
575
595
617
580
590
594
591
608
607
595
624
590
612
599
572
590
589
631
598
564
596
581
624
643
656
587
602
600
606
576
595
606
640
539
568
579
590
608
571
589
588
588
580
621
637
568
560
529
592
564
581
579
569
612
591
626
541
552
574
562
599
594
592
566
581
570
609
566
565
585
602
559
596
587
577
575
535
556
573
574
608
571
578
566
551
533
589
591
588
602
565
541
603
601
542
547
516
594
582
568
539
579
577
535
578
591
557
577
571
588
574
602
595
594
617
521
565
551
528
595
581
557
556
589
562
583
555
554
549
549
550
562
605
591
617
585
571
561
578
534
591
572
620
566
580
535
548
570
601
619
598
603
635
581
597
642
594
540
534
540
569
591
589
583
546
596
559
561
567
551
564
530
584
568
554
547
537
536
553
541
593
566
558
530
532
532
555
546
536
510
567
572
509
514
571
577
569
511
570
527
574
552
565
548
561
569
545
564
552
556
572
528
483
572
547
567
502
506
555
517
531
526
547
557
558
506
517
551
508
530
557
483
536
511
512
482
534
491
518
535
573
517
542
540
597
484
548
541
515
540
556
517
501
508
540
512
526
534
511
547
507
518
520
519
530
535
524
567
511
509
519
501
532
525
540
530
500
546
519
496
511
570
581
519
522
532
521
499
492
498
467
535
531
505
489
545
487
509
510
535
519
504
530
564
539
514
478
501
538
485
497
482
574
484
503
503
507
511
535
485
494
501
531
524
499
500
508
527
522
499
502
526
507
447
470
512
494
503
484
515
529
492
489
485
525
488
504
481
485
475
526
499
480
523
477
522
475
484
501
502
492
500
525
481
471
487
472
482
485
504
477
497
472
495
518
528
441
518
526
515
514
497
550
428
469
512
495
499
523
477
526
511
493
500
461
466
513
477
443
511
501
518
490
523
487
464
511
491
514
497
475
492
456
523
513
486
496
493
508
484
489
492
504
477
484
480
452
469
474
517
471
484
493
453
504
520
451
490
478
508
488
501
448
447
497
510
491
511
443
487
469
482
485
479
469
506
494
482
478
494
485
511
501
468
486
520
470
479
460
482
473
496
476
467
508
491
505
481
469
496
482
513
453
474
480
470
469
507
469
499
453
506
506
462
472
437
493
491
464
516
490
484
443
459
505
499
451
488
487
447
518
497
455
481
472
469
491
483
445
488
465
485
464
482
487
501
453
481
458
466
473
498
448
489
465
478
531
504
432
474
451
482
503
472
457
469
480
463
450
465
473
477
491
437
513
455
485
500
472
499
418
498
470
459
479
434
505
440
466
476
458
474
463
482
467
533
456
488
472
468
433
500
477
420
448
476
457
493
465
498
499
480
484
493
453
448
451
481
461
445
469
481
435
463
466
474
445
411
449
426
460
476
453
450
492
465
499
484
480
456
454
480
456
412
480
475
517
464
438
502
482
457
501
447
507
509
484
463
472
469
458
502
485
428
463
492
496
471
434
467
475
445
449
447
433
452
455
464
476
482
470
481
503
446
518
492
490
493
553
541
527
546
520
533
528
484
494
509
479
490
491
466
476
492
439
468
503
481
488
452
502
459
510
461
483
464
479
456
459
478
499
491
438
466
443
479
452
472
471
480
457
477
449
475
466
475
418
469
482
468
482
472
485
490
455
463
479
445
480
462
466
441
472
453
459
461
443
459
456
478
467
439
485
523
520
467
506
461
486
447
493
433
474
447
451
484
470
451
434
437
459
517
488
460
459
460
454
447
464
440
475
461
464
466
484
449
486
437
473
463
474
459
459
483
471
452
485
440
466
425
484
459
426
461
462
469
464
445
456
473
434
494
474
464
441
510
459
418
479
507
484
502
455
453
451
465
463
461
459
500
434
450
464
472
482
467
465
446
466
445
455
454
437
450
445
464
456
493
474
455
478
427
453
456
465
456
476
492
469
436
441
453
445
483
421
474
493
465
491
443
444
499
453
454
464
427
454
497
489
440
481
463
445
515
423
466
444
456
467
504
468
484
460
464
460
420
444
483
468
451
423
459
450
469
441
435
444
417
495
447
457
448
488
446
473
444
482
457
514
495
476
449
463
449
432
475
490
444
462
432
453
455
485
430
447
475
447
467
439
462
450
486
490
522
477
504
473
466
457
459
457
458
434
415
452
475
447
447
432
459
480
448
505
465
450
444
463
456
462
498
449
452
490
427
437
456
498
473
482
421
454
466
502
488
456
452
467
483
473
500
494
432
452
441
475
476
442
462
483
478
455
479
501
470
484
495
458
440
510
481
429
518
485
489
462
488
469
468
460
512
500
487
506
432
491
487
450
470
471
461
472
437
484
457
445
462
450
509
510
482
487
448
481
457
469
487
476
501
479
457
453
475
466
491
490
462
465
516
459
453
460
475
439
448
455
467
487
479
470
511
481
508
493
482
478
471
465
488
444
471
486
506
480
498
481
469
456
510
509
475
452
481
475
475
457
496
495
450
450
472
491
493
474
479
467
460
448
473
470
484
459
466
523
466
442
497
540
454
491
466
498
494
476
497
492
488
496
493
462
499
477
507
448
469
542
480
464
494
469
509
456
473
509
496
507
461
522
458
499
484
488
469
493
472
474
498
557
494
475
451
476
496
506
478
523
487
459
467
470
492
480
533
491
501
503
489
477
461
530
506
468
489
503
498
468
487
468
511
451
492
488
468
476
498
522
508
472
464
472
495
468
507
505
483
466
480
523
524
500
474
474
520
503
468
493
429
474
477
484
459
489
531
505
512
521
495
479
495
502
474
486
478
428
466
565
513
496
477
500
492
478
480
504
504
520
462
448
516
525
509
508
512
545
481
507
538
478
527
504
515
504
503
480
469
495
504
478
476
501
481
486
500
492
481
479
509
511
477
494
516
521
538
518
500
493
516
492
490
492
556
509
571
527
532
479
496
470
529
497
522
561
495
515
512
515
484
499
521
520
530
504
507
522
488
547
524
549
506
510
488
573
519
526
514
542
533
582
535
475
542
510
529
502
507
543
498
551
501
517
468
506
528
496
542
546
535
542
522
526
495
492
520
468
554
521
500
488
494
538
536
503
532
481
545
526
504
531
548
553
519
544
504
500
586
553
543
527
510
536
523
525
510
552
545
544
546
570
522
502
573
486
498
546
528
570
565
545
515
555
535
558
545
518
529
539
542
567
568
535
521
557
522
570
562
562
545
518
580
588
548
539
536
531
549
545
543
511
566
560
521
513
550
553
558
518
558
574
557
493
559
500
547
576
564
535
579
571
502
534
537
585
532
582
570
574
531
588
556
562
562
553
523
580
496
589
567
577
583
565
529
545
580
549
563
574
543
587
584
603
576
615
592
586
588
587
600
608
572
619
594
581
632
590
583
571
605
569
547
588
606
582
555
565
590
620
599
609
593
592
598
595
583
574
599
577
578
525
578
599
562
576
556
592
531
617
617
610
597
618
601
570
631
606
601
564
555
618
563
567
599
653
601
624
587
625
622
582
586
613
614
600
596
642
619
581
594
644
614
606
609
579
603
594
597
591
559
618
614
580
608
566
578
619
608
635
647
597
622
619
607
618
626
637
620
638
588
640
625
627
610
653
591
609
564
606
655
647
620
635
619
647
654
669
624
589
598
689
586
642
588
622
603
630
642
629
645
659
657
631
609
596
656
617
616
627
599
657
630
619
652
626
644
700
644
652
660
629
632
621
617
640
658
633
674
648
687
595
662
650
664
633
684
689
678
671
650
655
672
652
639
673
653
625
687
609
647
685
677
683
676
650
700
654
647
687
678
689
716
693
730
662
656
667
719
641
695
702
631
661
688
662
711
674
684
688
705
653
720
663
694
716
704
743
718
727
684
737
684
721
714
698
673
734
703
752
705
743
755
710
740
730
702
732
736
758
751
750
764
701
722
690
748
686
765
715
727
774
703
725
721
739
771
748
710
737
731
737
717
714
775
728
755
772
770
735
771
768
718
747
776
745
749
752
778
759
743
740
719
769
729
780
745
703
790
779
792
800
761
786
792
748
705
815
808
758
772
776
764
809
751
830
819
793
790
821
849
786
811
825
779
769
791
787
760
808
811
791
819
834
791
809
821
799
785
814
811
811
826
801
789
813
776
809
814
820
773
839
795
818
838
842
790
830
844
810
859
842
853
801
800
859
793
838
804
767
785
825
770
777
766
803
827
775
774
787
734
790
779
745
804
739
713
755
704
684
727
648
685
650
662
638
665
679
701
651
638
653
718
668
681
628
621
639
609
632
601
668
653
633
654
622
680
591
604
637
638
622
633
620
640
606
652
652
627
604
602
635
616
647
613
616
615
659
663
643
629
618
575
639
613
599
626
587
572
626
615
640
604
617
592
615
601
563
651
594
655
638
604
644
619
553
617
602
595
607
596
601
592
628
560
615
600
592
636
591
647
603
601
621
612
585
621
640
579
596
615
626
603
622
601
557
589
608
575
601
547
573
588
589
607
568
601
590
614
610
577
544
597
578
637
549
586
554
600
598
592
589
592
596
617
619
567
586
556
561
577
585
583
544
611
617
590
594
622
566
604
562
599
625
580
581
589
605
557
580
584
563
640
594
582
573
568
531
567
602
556
590
589
531
588
582
548
576
581
524
577
559
574
578
584
565
549
551
559
557
548
528
574
523
558
545
559
572
548
574
586
556
550
575
521
557
514
555
563
518
557
566
529
548
543
543
529
551
578
556
550
524
527
523
555
529
539
555
596
529
521
550
555
524
538
547
502
530
559
558
560
502
594
545
540
500
580
510
576
546
539
560
511
541
508
522
503
497
530
593
486
529
541
554
493
560
505
545
573
587
570
538
538
568
521
555
559
546
541
513
523
548
558
517
529
556
552
552
530
566
570
538
574
551
525
545
582
536
537
513
537
574
552
513
496
528
566
574
534
550
532
511
527
545
559
565
562
544
519
543
557
577
563
605
555
544
535
530
544
555
565
566
524
598
597
583
555
588
549
543
602
548
570
584
575
631
547
576
534
585
600
566
612
569
582
556
558
567
614
553
501
525
530
613
572
606
607
574
567
579
586
522
568
576
551
562
596
602
523
544
562
596
571
522
537
491
561
539
518
501
514
501
497
480
504
496
421
441
467
427
473
492
463
441
381
443
426
431
454
404
432
428
417
445
398
411
405
391
388
412
417
390
370
385
395
403
392
404
366
383
414
392
372
350
379
379
390
386
354
361
345
349
400
387
377
309
369
354
343
364
363
367
349
371
323
356
349
351
369
361
361
361
331
336
369
378
348
349
341
332
351
357
361
343
348
342
381
319
351
337
322
342
350
344
350
348
324
327
366
322
332
334
353
308
292
337
349
342
318
287
332
295
329
328
297
341
328
317
355
312
303
311
309
313
308
304
344
351
328
408
445
546
815
1296
2240
3553
5518
7887
9763
10937
11226
10416
8919
6701
5163
3608
2770
2193
1962
1989
1936
1989
2201
2366
2416
2373
2408
2323
2157
2050
1906
1772
1703
1601
1471
1368
1247
1164
1114
1058
983
865
863
835
772
695
630
588
580
524
517
486
452
439
391
397
387
338
365
338
329
329
301
315
294
282
299
295
327
265
270
292
292
236
272
260
239
271
277
268
284
277
252
264
234
258
225
248
215
233
261
248
219
220
218
216
209
222
237
221
247
215
202
242
218
238
226
206
203
230
226
231
209
213
211
216
221
226
225
195
194
192
207
186
199
211
199
194
174
193
222
199
204
221
150
221
207
175
204
189
181
196
189
200
202
184
175
192
163
182
184
161
181
168
193
193
172
172
180
151
167
159
180
186
178
174
174
170
174
173
179
171
147
157
197
195
192
162
171
217
159
167
147
155
185
150
158
158
163
158
167
149
156
202
166
152
156
158
179
148
136
135
150
154
150
140
152
150
163
154
150
154
154
145
140
162
149
159
156
156
135
149
146
136
114
153
140
163
152
126
133
148
148
141
135
159
139
136
138
150
138
127
125
130
130
157
149
125
135
142
149
120
144
117
138
142
140
135
136
146
135
134
129
156
129
128
128
142
139
140
146
128
125
133
141
124
158
118
133
135
152
118
144
131
117
124
134
127
132
120
145
163
108
124
142
131
142
138
120
141
123
105
145
120
132
130
130
127
139
130
135
130
157
119
120
121
120
153
143
123
142
139
136
119
128
152
136
122
118
125
131
119
119
128
118
117
136
128
123
129
117
146
126
106
127
140
149
137
148
99
128
128
108
141
129
104
115
139
138
125
117
133
140
130
126
129
121
126
125
124
122
113
143
107
130
137
112
131
119
113
110
126
132
127
122
120
118
144
145
128
113
120
113
129
154
132
106
121
142
125
123
123
138
135
137
129
137
138
123
149
144
205
247
309
609
1005
1841
3061
4730
6533
8443
9607
9916
9256
7843
6236
4518
3153
2425
1906
1715
1613
1614
1661
1804
1882
2020
1936
1984
1889
1836
1720
1578
1467
1373
1218
1227
1098
997
984
908
788
728
630
617
590
562
515
414
403
376
353
316
282
305
313
239
251
215
189
194
210
178
164
169
188
160
153
146
151
148
145
121
124
125
140
130
127
146
140
120
128
135
116
121
131
123
131
120
102
109
116
131
101
142
113
109
121
119
131
95
121
125
92
98
103
117
110
114
108
108
96
105
108
110
112
95
112
101
114
116
102
113
99
118
96
100
108
102
118
121
124
103
86
97
105
98
102
111
89
116
99
89
96
105
113
106
90
101
110
99
83
116
108
87
111
112
86
91
109
117
91
104
94
121
105
76
97
92
81
103
100
90
110
104
103
106
109
84
116
106
102
86
108
121
105
94
86
114
106
100
105
116
89
85
108
86
101
99
102
87
90
102
105
83
108
92
98
104
86
101
115
87
102
91
110
90
103
89
93
91
95
100
90
85
99
92
107
93
95
110
89
97
87
95
99
93
78
87
93
88
98
88
80
101
94
91
97
89
84
98
94
87
104
78
78
86
97
102
97
84
113
89
93
89
85
76
75
97
99
80
109
88
78
99
78
91
106
91
87
79
81
82
82
96
93
83
89
84
91
98
92
82
87
107
96
83
83
77
78
82
72
78
93
99
83
85
104
91
90
87
98
98
84
78
96
100
98
95
85
86
94
84
74
77
98
77
89
92
87
95
80
97
106
82
79
89
98
92
79
80
105
79
107
97
88
92
91
70
92
92
90
75
81
96
81
80
91
78
89
83
71
88
95
91
87
87
73
89
82
100
86
84
79
86
102
82
85
91
78
69
90
78
112
72
71
89
90
77
83
83
77
88
92
89
91
82
83
88
80
81
85
95
85
74
86
83
75
74
85
86
89
82
73
74
84
88
62
84
55
83
87
93
91
85
84
61
92
83
79
80
76
88
82
77
73
74
83
79
81
77
68
102
91
75
82
73
74
68
94
67
85
86
65
93
90
73
82
77
69
80
72
77
71
69
79
77
66
73
81
73
61
86
59
85
61
79
87
88
83
77
80
77
77
78
80
78
88
77
66
81
88
81
73
77
65
72
74
87
58
79
74
73
69
78
89
84
62
65
61
71
92
84
72
66
99
66
90
81
79
81
85
72
74
73
75
81
75
75
87
94
83
68
88
88
73
85
71
85
74
75
66
88
66
72
82
72
77
74
90
74
66
73
81
70
65
60
57
65
68
83
64
70
76
89
80
89
78
81
74
73
63
71
87
73
74
69
65
68
70
67
90
70
58
71
68
68
77
67
76
88
75
63
73
80
77
69
83
93
76
56
74
58
74
84
69
92
64
65
76
63
71
66
65
75
70
80
78
84
73
74
65
57
86
61
59
56
68
65
64
72
71
66
64
69
57
68
78
95
57
67
60
63
67
66
68
67
69
59
70
53
61
51
75
72
75
80
70
62
61
54
79
74
72
69
60
65
64
61
62
74
58
69
69
62
65
70
77
64
61
83
59
70
73
82
55
66
63
67
74
73
74
60
60
70
80
61
66
60
68
73
73
74
63
67
69
72
59
70
62
62
69
71
60
86
67
68
73
71
68
59
74
67
55
89
73
55
76
73
62
68
71
74
77
83
67
55
76
71
62
77
74
62
67
72
69
66
49
75
58
71
70
60
58
61
63
68
64
74
73
78
72
76
62
72
63
45
66
69
61
73
69
71
69
58
79
80
62
59
71
57
66
64
69
69
57
49
53
63
63
67
63
52
70
66
68
59
62
64
65
70
63
71
58
62
61
64
71
75
72
64
56
53
66
74
57
55
68
60
65
67
64
58
73
72
65
75
63
64
73
60
64
54
62
67
61
72
65
64
54
76
65
64
61
67
63
67
83
67
64
60
52
69
49
58
58
68
60
58
66
68
68
61
56
58
62
71
69
52
60
64
63
65
64
57
55
79
54
75
65
63
69
64
62
54
60
54
66
57
60
61
61
57
47
59
63
77
59
64
48
44
66
70
58
70
70
49
63
60
52
61
70
70
56
61
65
61
67
66
66
58
58
64
60
48
68
58
55
68
48
66
65
51
52
63
59
61
71
50
66
60
63
56
58
57
59
77
63
60
47
57
63
54
62
60
57
53
69
58
46
69
56
56
40
74
38
61
61
62
45
66
50
78
61
55
55
60
54
67
47
47
56
60
51
56
66
48
47
59
53
55
65
67
66
56
63
55
75
61
59
54
54
58
51
67
56
50
46
69
66
57
52
55
46
63
65
51
64
52
66
62
72
63
64
59
56
66
50
60
50
56
64
62
55
52
61
60
75
59
66
52
60
58
61
53
45
55
63
61
60
55
55
72
59
59
53
55
50
51
68
53
54
55
54
53
53
58
47
52
44
53
59
57
68
52
58
51
37
66
39
56
54
64
58
52
62
55
42
53
55
56
55
56
68
52
63
55
55
61
60
60
56
48
51
59
55
50
61
65
59
36
58
57
47
62
48
61
42
57
54
51
58
53
61
45
55
65
54
61
74
52
56
58
60
48
57
49
57
55
73
59
55
38
55
54
57
50
52
50
69
60
44
71
53
54
56
59
58
63
50
45
51
44
58
52
61
67
57
54
53
52
47
57
43
50
49
59
37
49
67
50
58
72
39
63
37
39
63
48
52
41
46
54
49
53
57
57
62
56
58
41
42
58
59
51
65
52
59
47
52
47
54
58
51
56
63
50
53
44
46
52
45
54
57
58
42
47
55
43
54
51
56
49
62
46
55
45
59
53
40
51
48
53
46
61
56
65
55
52
42
48
44
44
46
55
52
58
46
47
49
68
52
63
47
53
43
52
62
57
35
55
51
53
63
61
43
52
51
51
62
55
42
56
35
58
50
48
45
55
43
42
49
51
49
44
52
37
51
47
39
50
55
50
53
45
51
48
43
47
42
55
62
57
46
60
51
50
50
54
63
43
57
48
53
44
59
46
54
50
47
46
55
43
59
34
51
47
50
50
38
58
56
47
54
48
44
45
53
45
45
65
43
56
44
39
36
42
49
58
52
40
46
52
52
44
53
43
61
51
42
55
47
52
46
48
41
61
40
43
54
51
60
47
40
43
41
46
40
60
53
39
45
47
51
47
56
46
44
42
46
57
40
47
55
51
39
45
51
57
63
55
49
51
48
47
46
44
39
50
39
36
45
46
52
46
51
49
53
47
54
48
50
47
37
45
51
49
47
53
49
39
48
39
45
56
48
45
52
37
56
43
58
45
52
49
46
47
53
32
44
52
43
51
56
67
41
54
39
37
38
35
48
35
49
38
44
46
46
57
52
54
40
47
52
41
47
38
39
54
38
47
35
39
33
41
37
34
38
34
41
56
36
49
39
52
45
48
50
57
38
62
42
45
44
37
46
38
47
48
43
42
42
30
45
34
46
46
44
54
40
55
42
53
42
43
45
36
48
38
52
63
43
43
57
51
43
46
37
50
40
42
50
43
43
47
45
52
33
43
48
53
40
43
40
48
40
44
49
41
41
42
38
47
41
46
39
39
40
37
59
58
40
53
38
48
49
32
48
37
39
44
36
37
41
44
45
42
56
39
45
36
37
44
32
46
29
46
47
37
45
45
53
43
35
42
48
34
45
53
48
36
45
39
58
39
33
41
36
48
40
46
36
43
47
41
41
44
37
38
43
57
30
35
37
43
36
41
50
40
37
40
61
53
45
45
33
44
50
33
48
29
39
47
43
39
47
38
43
35
44
43
33
51
54
35
33
44
48
43
45
49
32
40
49
42
43
54
35
37
44
28
54
36
40
37
40
41
37
43
37
42
41
53
26
34
44
41
37
32
41
41
47
34
34
49
51
43
47
43
44
35
41
39
47
24
36
32
35
38
39
44
37
32
37
29
54
43
31
39
47
35
36
38
33
36
39
42
36
41
29
40
48
47
35
33
38
40
42
32
32
38
36
34
43
40
40
41
41
39
37
31
35
25
41
24
36
36
45
40
39
40
43
37
32
45
38
45
47
45
46
40
50
38
44
50
46
34
32
45
37
40
32
37
40
33
31
46
33
46
31
39
34
38
54
42
42
38
28
25
46
34
44
31
39
32
36
44
29
54
39
33
41
26
35
37
37
39
45
36
32
48
40
27
23
37
42
38
43
35
38
40
49
38
41
34
40
41
30
36
31
30
33
45
31
35
42
39
27
44
28
38
40
40
42
38
35
37
42
31
28
44
35
31
34
32
29
40
33
26
37
44
26
32
23
41
42
43
26
25
33
39
32
38
36
35
50
29
45
22
36
23
43
45
31
39
47
26
32
34
42
36
38
39
37
29
31
34
32
25
42
30
35
30
29
27
36
32
28
27
35
32
31
29
27
25
30
35
42
37
27
29
28
42
38
33
34
41
32
28
44
37
36
45
38
42
29
31
23
30
33
32
31
36
37
27
40
25
39
45
24
32
33
35
45
40
29
29
30
35
28
28
34
29
29
28
43
31
33
31
30
34
40
25
40
31
32
30
33
40
28
28
23
29
26
33
29
36
35
32
37
34
38
33
27
33
39
34
40
44
26
30
28
27
24
30
32
25
36
39
32
30
33
34
27
27
25
32
37
21
34
40
32
31
33
27
29
41
24
35
23
27
23
26
27
39
25
30
28
22
31
33
21
28
33
31
21
30
20
32
32
29
32
33
25
28
35
30
39
26
33
30
24
18
36
21
27
28
35
31
22
27
31
35
26
26
36
33
36
34
29
24
28
23
29
28
33
33
28
21
19
40
35
30
20
24
26
24
30
21
42
39
33
25
30
21
23
22
47
31
20
28
33
21
31
28
22
30
35
34
44
19
29
34
29
24
28
27
25
34
37
26
29
25
30
26
29
31
18
30
27
39
21
26
28
33
21
30
34
30
25
33
22
27
31
23
27
36
29
25
32
21
30
23
26
25
42
33
22
35
26
26
25
36
30
42
37
25
27
36
27
26
22
27
33
26
17
26
26
30
26
35
31
27
22
26
28
24
31
20
27
29
24
21
21
25
31
29
29
35
21
21
32
27
30
19
29
31
33
22
26
32
19
28
31
21
22
36
27
23
25
29
29
24
31
29
26
24
23
37
27
28
30
28
35
29
31
25
22
25
24
24
25
29
21
32
28
28
19
26
36
30
16
21
19
26
28
26
18
16
24
16
24
23
24
26
30
26
30
26
29
32
28
31
26
19
25
22
28
30
27
23
29
31
23
24
24
27
34
34
29
22
35
30
20
40
31
25
25
18
21
38
29
31
29
23
23
29
39
22
24
34
27
31
23
20
21
26
26
28
30
26
21
27
15
26
17
20
26
29
27
32
31
25
24
29
24
35
22
24
30
26
28
31
29
26
25
25
21
30
25
35
30
31
31
24
36
26
30
24
23
18
24
30
29
26
29
19
24
33
30
18
31
29
28
24
26
25
32
21
18
31
21
22
28
28
23
23
31
21
26
24
27
30
24
18
22
35
16
35
25
20
20
27
22
23
33
29
28
24
21
30
18
27
19
28
40
32
25
17
28
23
24
21
21
24
23
26
28
37
20
18
34
28
31
20
26
21
20
21
24
26
22
25
21
24
27
25
23
23
25
19
36
16
23
30
28
28
29
25
16
22
21
19
21
24
27
24
20
21
14
34
29
20
18
17
22
15
21
19
21
32
26
20
20
26
17
28
18
19
19
28
15
18
13
22
19
19
21
25
19
21
13
18
17
16
25
26
20
24
23
19
17
15
15
19
22
18
20
17
18
19
28
24
18
17
20
20
13
16
18
23
28
22
23
14
22
7
19
22
26
16
15
14
17
25
18
15
18
13
18
14
21
15
17
22
20
14
26
17
22
18
12
19
13
15
16
18
9
19
27
25
22
19
14
15
18
15
20
17
14
22
19
16
13
16
17
22
13
25
23
30
27
22
20
17
17
17
17
14
22
19
23
21
19
25
24
17
19
12
20
24
15
13
17
12
20
12
19
9
14
20
8
12
15
18
20
20
18
9
13
13
10
15
6
11
13
12
20
16
15
8
6
13
13
10
14
18
23
21
13
13
14
24
14
14
9
11
16
17
20
18
10
8
10
14
11
13
10
11
12
12
9
8
11
12
12
13
2
14
9
21
3
11
16
16
20
9
16
17
15
11
16
15
11
15
14
9
10
6
18
19
19
6
12
12
10
19
12
8
9
14
8
12
13
9
11
11
6
10
17
15
16
11
11
19
14
13
18
13
10
11
9
10
15
15
15
11
14
10
12
10
16
8
15
15
15
7
9
9
9
14
18
13
15
9
10
10
12
10
9
13
8
8
16
11
14
7
7
12
7
15
12
16
13
9
3
8
13
7
11
12
10
9
15
15
12
13
11
10
14
9
11
12
8
10
10
13
9
15
8
12
12
12
10
12
10
12
7
10
8
5
16
7
15
12
7
12
12
14
13
10
13
16
9
11
9
12
14
13
7
9
6
13
9
11
15
11
10
10
9
15
6
11
13
11
7
11
3
8
9
13
18
8
13
8
11
7
6
10
4
14
7
12
11
7
12
9
10
7
9
8
6
6
10
7
9
12
12
8
5
6
10
9
8
9
7
13
9
9
9
11
12
10
10
12
9
9
9
9
13
6
6
5
14
13
13
9
9
16
10
10
10
8
12
16
9
8
10
3
4
7
6
11
8
8
13
12
11
11
11
10
10
7
7
13
14
9
10
14
7
5
3
14
6
8
8
9
9
10
9
7
5
7
15
3
7
14
10
8
6
12
13
8
12
6
11
4
7
6
8
12
15
6
10
10
8
8
6
5
6
16
13
9
8
10
9
10
12
13
15
9
10
8
19
19
17
31
38
41
50
71
87
105
114
90
88
79
51
53
37
21
30
24
24
25
28
22
32
20
30
27
31
29
22
19
22
18
11
12
18
16
16
13
17
16
8
10
8
14
11
5
7
9
12
3
13
11
9
5
9
9
2
5
4
7
4
4
5
4
6
3
8
5
6
6
11
7
3
5
6
3
4
5
9
2
5
5
8
2
5
7
4
2
4
6
11
6
2
8
4
5
5
9
5
6
4
6
4
2
2
12
6
5
2
4
5
6
5
4
3
1
4
6
10
10
4
7
5
3
0
5
4
5
6
4
6
7
6
6
8
5
4
5
4
5
7
3
2
5
4
5
6
5
5
2
4
7
3
3
6
6
3
4
4
6
3
7
8
6
2
4
7
8
6
4
2
7
4
8
3
7
5
3
10
6
4
10
5
4
5
3
4
4
3
6
7
4
6
4
6
7
3
7
2
5
3
3
4
9
8
3
4
4
4
3
5
2
7
4
5
6
4
4
6
2
9
6
4
5
6
5
5
6
4
6
8
5
6
4
5
5
7
2
6
6
8
3
1
3
4
2
2
6
8
3
3
6
7
8
2
4
0
4
3
4
7
6
4
5
6
8
4
4
4
2
7
2
3
6
11
6
8
3
5
10
4
5
5
6
4
3
5
4
7
5
3
4
7
8
5
6
5
2
7
5
7
6
5
5
6
3
4
4
5
9
4
9
5
2
8
3
6
8
3
7
3
8
2
7
7
2
5
6
7
7
3
3
7
3
5
7
4
2
5
4
3
6
1
2
5
9
5
7
5
3
7
5
6
4
2
3
2
4
8
1
5
6
9
5
6
3
6
2
8
7
8
4
5
3
7
5
1
7
4
7
9
3
4
3
6
3
5
5
6
5
3
4
6
3
5
6
0
5
3
2
2
4
7
8
3
3
5
5
3
4
4
8
6
3
10
11
8
8
3
5
5
6
1
5
1
4
2
0
2
4
7
3
4
6
4
5
6
5
3
6
4
1
6
3
5
2
2
3
6
4
1
4
4
4
1
8
5
3
3
2
2
3
4
2
3
1
6
5
4
2
3
3
2
3
2
2
1
4
3
2
1
3
3
8
3
0
4
4
6
2
2
1
2
3
1
7
2
0
5
5
5
3
4
0
6
2
3
3
2
5
4
1
3
7
0
7
2
6
4
3
4
5
5
7
1
1
3
3
4
2
2
2
3
5
2
4
1
1
3
3
4
3
4
6
1
1
3
1
3
1
3
4
4
6
5
3
7
4
2
4
3
4
2
2
3
2
2
3
2
3
2
1
0
4
3
10
3
1
2
4
5
6
3
2
5
3
2
1
3
3
1
1
2
2
2
5
2
2
2
2
2
2
6
1
3
4
1
1
2
4
2
3
3
0
5
1
6
3
2
4
3
4
2
7
3
2
3
4
4
2
2
3
4
1
0
2
2
2
3
3
2
2
2
8
1
1
1
3
2
4
0
3
3
2
4
3
3
4
3
2
3
3
4
1
4
3
3
6
4
3
5
2
4
3
3
4
2
7
4
1
1
4
0
3
0
5
1
4
6
2
3
3
3
4
3
4
2
1
2
1
3
4
1
3
4
3
2
2
2
2
2
3
3
4
1
3
0
3
4
2
3
3
0
7
2
6
2
1
2
2
2
1
3
1
4
1
4
1
1
2
0
3
3
5
2
1
2
0
1
2
2
2
3
0
3
1
0
3
4
4
0
2
1
5
1
4
2
6
4
1
6
7
3
1
7
5
1
4
4
3
8
4
3
1
1
1
5
4
0
3
1
4
1
1
3
5
4
0
2
2
4
3
2
3
6
2
1
2
4
1
5
2
5
2
3
1
0
1
3
2
2
1
3
3
1
0
1
1
4
6
1
4
1
0
4
2
1
1
1
3
4
4
0
2
6
1
1
2
2
3
3
2
2
4
3
3
0
2
1
3
2
5
2
4
2
4
4
3
2
3
2
3
1
4
1
6
1
3
1
2
1
2
2
2
2
0
1
2
1
1
3
2
1
3
2
2
2
4
4
2
2
0
3
2
4
3
3
4
4
3
0
2
2
5
4
6
2
1
1
3
2
2
5
1
1
5
3
2
3
1
2
3
1
4
5
2
2
2
1
3
4
2
2
1
2
2
2
3
0
3
2
2
3
1
1
4
5
3
1
4
2
4
3
5
0
6
4
4
1
5
2
2
4
4
5
3
4
2
1
5
0
0
0
2
2
3
3
2
3
2
2
4
1
5
4
2
1
1
3
4
2
4
3
1
3
3
1
4
2
0
2
3
0
2
2
0
1
1
1
4
1
1
1
0
1
2
0
3
2
2
5
0
1
1
1
1
1
1
2
1
2
0
0
0
4
3
0
3
5
1
0
1
4
4
2
0
1
3
4
0
2
2
0
2
1
0
0
4
1
2
2
3
1
1
1
3
0
2
3
1
2
3
0
0
3
1
0
2
3
1
3
0
2
3
1
0
2
1
3
4
1
1
0
1
4
2
5
2
1
5
1
2
6
1
3
1
4
1
1
2
1
2
2
2
3
3
4
1
2
3
1
4
0
0
1
2
2
3
2
1
1
0
3
1
0
3
1
1
2
3
1
2
1
0
2
0
1
2
4
3
1
2
2
1
2
2
1
3
2
0
0
2
3
6
1
6
0
2
1
1
2
5
3
3
0
1
1
0
2
1
3
2
5
2
1
0
0
1
1
1
1
7
1
3
2
0
1
2
0
0
1
4
1
2
3
2
1
2
2
2
1
0
3
3
2
1
1
1
1
1
0
1
2
2
1
0
2
3
0
2
2
2
3
1
1
2
2
4
2
4
0
2
1
1
0
2
0
2
1
2
4
2
2
1
3
0
1
2
2
2
0
1
0
4
1
4
2
2
0
3
3
2
1
0
0
1
1
0
1
2
2
0
5
2
1
0
2
0
3
0
4
4
1
2
2
1
2
2
2
1
1
2
1
1
1
0
0
0
0
1
2
0
0
2
4
2
2
1
2
1
0
0
4
0
1
2
0
2
1
1
0
1
2
4
2
0
2
2
4
4
2
3
0
1
0
3
1
3
0
2
1
3
0
0
0
1
0
1
3
0
1
1
1
0
1
0
0
1
4
1
2
0
1
0
3
2
1
3
1
3
2
0
1
1
1
2
0
0
1
2
2
5
2
2
1
0
1
0
4
3
2
1
1
1
3
1
2
0
0
3
2
2
2
6
4
1
2
1
0
2
3
1
1
4
0
2
2
0
3
1
2
0
2
0
2
0
5
3
3
3
1
1
1
3
5
3
2
1
0
2
4
0
0
0
0
0
2
4
2
2
2
2
2
2
3
0
2
1
0
2
1
0
4
2
1
2
3
1
3
1
0
1
1
1
2
4
4
4
1
0
1
1
0
0
1
1
2
0
2
1
0
1
0
2
1
1
0
0
2
2
0
4
0
3
1
2
0
1
0
1
2
1
1
0
0
0
0
1
2
0
2
1
0
0
3
2
3
0
1
4
3
3
0
1
1
2
0
1
0
0
2
1
3
0
0
2
0
1
4
1
1
3
4
1
4
0
2
4
2
1
0
3
1
0
0
0
1
0
0
3
4
1
0
0
1
2
1
1
0
3
3
0
1
0
3
0
2
2
1
1
1
1
2
1
1
2
2
0
1
3
0
0
0
2
2
3
0
1
0
0
1
1
0
1
2
1
1
2
2
2
1
0
1
0
0
4
0
0
2
1
2
2
6
0
2
1
1
4
1
0
1
2
2
1
1
0
0
0
14
20
12
11
19
10
15
13
7
16
7
17
16
21
11
9
13
18
11
10
18
14
12
21
9
11
14
9
11
16
11
12
7
12
14
10
16
15
15
24
8
14
15
8
16
12
7
7
12
11
6
18
16
11
11
12
9
13
14
9
7
11
16
10
13
14
6
14
14
14
14
17
10
12
10
9
14
11
13
6
11
9
11
7
7
14
13
15
16
7
13
11
14
13
10
14
11
12
10
14
12
18
15
10
16
9
7
8
15
9
8
12
11
15
12
10
5
11
5
10
14
8
6
10
11
12
15
5