0
0
0
0
0
0
0
0
0
0
0
0
0
0
0
0
0
0
0
0
0
0
0
0
0
0
0
0
0
0
0
0
0
0
0
0
0
0
0
0
0
0
0
0
0
0
0
0
0
0
0
1
1
10
9
12
13
17
9
29
23
27
31
35
21
32
41
30
40
28
29
42
39
29
46
56
52
45
42
45
45
43
48
57
55
50
55
57
61
51
61
76
70
86
81
106
119
123
167
243
308
446
576
802
1284
1943
3117
3600
3223
2543
2052
1688
1246
1010
775
572
440
329
327
327
301
271
263
337
331
317
373
348
433
443
498
567
655
683
773
874
983
981
1122
1200
1281
1265
1185
1047
787
680
520
439
373
342
310
352
390
415
425
500
558
603
692
788
868
875
911
871
824
693
542
466
436
384
379
359
396
434
480
561
571
666
727
766
789
753
661
570
491
413
425
409
424
399
469
533
573
621
585
704
705
662
624
581
534
434
424
416
442
415
482
524
572
611
609
634
687
606
615
590
515
475
491
421
422
449
472
486
544
545
582
602
644
599
630
564
545
549
517
527
497
505
503
497
528
490
516
514
514
556
559
566
558
552
573
571
544
568
507
475
528
518
494
509
515
494
485
515
500
554
532
562
521
538
528
531
562
584
531
534
495
526
541
506
493
556
519
476
516
510
492
546
536
489
539
526
499
506
546
543
540
574
511
494
555
524
535
552
525
522
484
527
530
488
496
502
515
551
537
525
505
534
493
520
541
522
542
477
494
533
499
505
518
513
507
537
516
531
515
519
526
548
489
522
504
530
556
514
565
521
541
496
529
531
511
518
500
496
504
544
511
512
526
489
499
529
496
507
511
528
535
571
499
497
544
510
511
527
502
527
477
536
533
556
503
546
501
485
507
515
518
557
525
516
502
516
450
468
529
473
525
500
524
515
487
541
517
496
503
514
535
520
573
531
533
524
507
514
521
506
511
538
557
515
529
524
517
516
513
513
528
500
538
516
576
535
504
473
524
519
520
498
553
586
584
474
526
477
510
505
498
513
550
523
506
508
495
529
503
525
544
526
533
509
504
546
521
512
549
517
524
555
515
498
575
548
522
548
524
564
569
536
544
538
504
511
511
530
538
557
546
470
584
562
510
595
550
534
588
561
551
572
513
527
530
546
508
507
524
526
574
535
498
550
502
556
563
548
523
519
563
549
537
521
544
530
567
559
525
527
550
530
590
533
532
562
544
495
552
551
569
560
503
530
500
558
593
525
537
560
526
529
548
543
518
556
543
530
560
526
543
528
604
544
501
530
547
540
552
545
526
542
524
522
510
526
577
562
566
527
554
512
553
510
530
520
526
509
561
518
521
532
513
538
519
561
534
545
481
527
547
560
498
562
497
479
486
538
554
554
540
515
550
536
548
514
528
519
534
502
534
555
505
516
536
513
546
523
501
524
523
591
535
529
512
528
503
519
516
551
506
528
520
510
573
549
479
519
507
500
512
519
475
509
521
493
503
495
536
500
568
563
517
517
492
514
549
450
553
497
554
506
528
570
532
532
500
540
501
506
535
540
531
494
489
506
480
486
531
502
494
518
508
522
513
497
513
539
494
500
550
498
531
485
472
518
519
469
512
526
528
528
494
497
518
495
532
488
499
496
497
521
516
489
527
497
509
527
571
520
551
536
545
507
509
535
504
494
493
500
474
555
523
534
506
497
493
494
496
490
499
488
500
519
549
483
526
499
529
460
447
507
511
474
518
549
483
488
532
446
503
469
467
470
511
430
550
504
473
509
471
508
443
518
509
452
487
479
488
461
484
518
510
483
483
475
512
470
468
458
478
498
522
474
502
430
512
505
471
474
475
457
462
526
457
483
452
465
479
441
475
471
445
481
499
474
509
494
458
481
424
490
469
490
509
454
463
483
481
476
475
446
512
484
465
458
461
462
518
494
516
500
439
517
461
430
524
443
481
504
493
469
475
494
475
439
493
449
430
435
473
483
491
458
460
489
428
445
469
504
464
492
478
463
456
459
454
471
439
445
475
460
468
452
468
491
475
490
468
494
499
475
458
452
437
487
490
446
467
475
494
477
464
458
457
457
451
448
449
438
448
467
476
484
448
489
473
452
448
453
483
489
476
433
493
466
465
476
470
430
409
478
456
476
531
458
429
482
502
470
482
433
438
434
420
478
485
452
460
447
458
449
448
448
444
465
486
465
444
444
476
441
461
477
460
419
468
460
459
473
462
438
445
479
424
496
490
445
464
467
462
448
453
454
445
437
449
455
431
425
460
453
465
443
449
445
479
463
476
442
477
465
421
450
438
427
451
474
459
397
462
477
448
442
460
461
428
452
453
431
418
440
469
419
419
441
459
448
466
433
437
456
435
469
446
469
429
433
444
447
480
459
459
459
436
432
477
441
442
466
418
470
449
475
440
453
459
454
450
444
445
453
445
437
463
424
433
428
460
460
421
417
464
407
453
409
410
435
424
460
401
395
444
440
428
431
434
432
378
432
408
420
451
442
425
425
418
387
448
448
413
454
446
409
439
437
444
447
473
422
422
384
423
421
437
429
458
412
432
429
435
416
420
442
424
439
451
454
420
426
417
423
466
422
451
424
387
411
430
422
425
410
396
436
424
424
394
431
424
402
455
435
439
393
436
456
437
388
425
463
397
405
428
445
417
454
445
411
458
403
391
420
395
433
444
428
387
397
445
411
414
450
458
416
430
417
467
406
427
434
423
431
449
422
413
412
405
401
408
437
435
407
404
435
409
418
405
419
411
414
447
436
433
397
435
408
417
451
425
375
430
407
393
418
451
412
420
400
395
390
412
459
421
464
448
477
478
485
499
497
527
520
522
545
445
466
451
463
462
470
463
424
462
447
447
410
417
427
431
426
421
425
450
423
452
444
405
448
439
453
436
422
431
408
461
399
414
457
417
420
391
419
454
427
404
419
432
432
431
383
438
445
412
430
410
435
411
442
440
411
398
423
449
421
417
420
426
394
403
417
432
410
397
372
444
391
427
428
405
389
398
442
421
428
397
401
377
425
437
394
433
409
414
374
403
406
412
421
396
393
377
424
451
415
407
409
434
397
451
384
390
419
406
391
423
451
447
463
407
424
397
396
395
392
432
437
397
424
417
415
420
410
422
368
392
444
406
451
397
423
382
398
447
412
437
417
381
418
400
390
380
394
479
421
383
438
433
396
403
397
422
432
401
400
438
452
422
373
433
402
384
411
428
424
382
424
384
430
396
394
423
425
390
411
400
390
408
438
395
426
420
415
392
393
410
386
410
416
449
424
389
435
391
406
420
378
448
437
427
385
446
418
367
448
413
420
410
394
390
401
411
437
397
423
431
402
414
429
394
414
450
410
408
431
391
388
421
409
398
397
471
396
382
373
370
428
375
441
396
433
437
402
391
424
411
421
417
433
398
429
416
444
404
474
424
394
393
412
427
386
396
414
376
435
414
427
402
383
441
370
417
397
429
451
386
408
436
426
405
378
391
376
416
435
433
431
410
378
421
435
411
389
442
414
425
411
422
389
391
379
399
444
412
404
394
406
373
401
423
415
409
404
404
417
462
437
409
401
428
404
415
415
394
420
408
396
375
423
437
413
402
393
383
432
417
372
419
398
397
408
428
400
373
410
416
426
370
419
421
385
377
418
382
435
433
411
418
400
407
396
455
430
399
426
428
481
414
404
436
450
440
399
398
418
414
416
418
457
427
412
368
441
416
451
398
471
421
397
429
404
411
424
430
448
405
444
438
409
410
390
397
399
398
442
406
433
415
394
420
433
400
432
427
447
432
394
442
413
398
416
400
432
395
468
417
432
403
419
416
461
427
430
414
412
409
448
386
426
451
406
423
457
394
413
414
448
404
401
419
398
438
451
409
410
453
420
466
468
385
429
452
417
409
432
435
445
447
422
397
433
421
436
399
411
431
445
425
426
418
395
435
449
412
413
383
414
425
460
430
422
458
427
444
430
420
430
422
421
411
449
429
443
413
412
436
388
410
423
420
439
415
449
378
455
410
398
472
429
410
419
454
408
400
444
416
429
450
449
480
402
421
412
453
431
409
425
403
411
420
433
402
404
418
435
411
424
398
440
436
415
416
433
462
412
421
394
442
421
412
414
457
391
436
444
429
436
384
430
446
426
435
431
424
446
423
426
396
443
448
426
405
427
427
470
452
450
426
426
417
459
464
457
424
452
456
450
454
433
407
408
404
445
447
445
436
436
448
443
436
457
421
454
441
457
452
392
409
468
449
455
455
439
415
431
397
460
445
443
434
469
449
448
429
416
423
506
441
452
432
420
470
435
455
441
467
449
466
454
475
437
439
448
409
475
490
508
429
438
487
405
445
438
446
468
462
443
495
434
430
428
441
474
465
449
455
433
452
402
469
418
434
407
417
467
438
474
438
411
488
472
451
456
465
485
454
484
452
488
469
456
415
417
484
477
430
475
424
451
447
445
467
482
452
431
445
458
441
435
485
425
480
447
412
462
454
485
467
429
458
481
440
476
504
495
468
471
428
459
457
482
498
416
445
460
426
488
434
461
477
462
474
471
470
476
466
468
475
472
476
479
460
487
454
517
496
424
473
461
492
472
492
484
419
475
479
442
437
459
489
472
474
460
492
456
489
428
502
500
473
494
472
493
481
481
486
513
488
509
494
475
488
480
489
462
476
475
478
468
474
472
495
501
487
481
497
471
486
478
484
471
485
475
509
478
513
490
484
484
478
472
483
467
448
466
482
465
472
501
450
503
489
484
520
528
490
491
526
475
501
456
513
479
476
467
492
476
476
472
460
530
470
513
511
475
531
493
508
454
464
505
528
507
456
495
496
461
517
543
482
466
510
536
497
480
517
488
480
470
515
529
499
513
486
543
509
526
523
524
494
507
529
506
520
503
510
488
518
461
539
532
508
518
524
488
549
533
530
509
536
509
569
508
547
503
537
493
495
502
485
507
524
531
534
514
495
521
522
557
533
530
539
521
546
516
554
524
503
487
537
531
573
531
543
557
559
500
560
526
554
501
517
530
560
547
577
578
581
511
565
546
564
528
552
561
550
542
512
514
552
557
563
510
531
585
555
543
538
530
529
562
545
532
530
569
566
552
575
537
563
598
526
540
570
572
607
577
550
590
524
572
559
549
541
572
597
543
583
560
572
570
566
610
568
593
611
556
568
595
577
563
630
636
527
557
573
568
582
586
583
575
588
562
603
582
580
589
618
597
568
539
620
582
597
597
635
616
645
672
606
556
581
570
619
609
585
623
602
608
583
684
616
594
615
621
622
591
613
578
611
616
651
599
616
611
589
628
635
686
653
588
625
592
636
627
671
658
638
684
623
657
656
613
641
622
646
570
596
647
621
667
649
608
670
620
644
659
685
677
673
645
692
682
666
622
653
603
658
661
711
642
693
631
656
638
632
644
668
613
684
631
642
636
665
674
678
668
652
667
660
637
651
597
652
637
622
628
686
636
641
595
577
606
573
615
626
601
605
567
558
574
598
585
585
597
572
557
532
582
517
559
536
533
627
536
591
549
513
542
513
488
509
543
521
538
491
438
508
493
524
507
477
506
483
506
454
523
456
494
496
498
502
508
525
501
515
481
455
493
433
518
493
497
468
531
492
494
487
485
536
507
513
488
494
511
520
509
521
488
484
476
493
508
502
539
491
458
495
477
487
480
484
517
453
481
507
459
486
477
481
490
476
510
459
471
475
490
504
498
448
495
492
504
503
488
472
439
509
458
467
467
494
470
502
463
469
499
476
480
491
431
463
523
457
482
506
484
466
457
487
498
466
439
468
465
447
446
471
496
480
468
491
474
462
438
466
470
452
452
456
480
473
462
470
472
491
439
482
442
436
457
454
447
442
505
479
489
521
444
501
484
445
432
457
449
487
448
456
435
450
455
475
423
462
476
479
431
463
457
468
430
426
407
449
466
419
462
438
464
452
434
445
466
440
428
447
456
448
432
445
484
448
463
434
489
428
410
416
446
400
441
438
421
445
430
453
449
459
491
434
437
412
451
455
405
476
434
448
397
458
451
422
429
471
429
440
453
436
467
411
383
454
446
468
434
417
447
469
457
409
451
438
430
433
460
422
448
428
440
421
399
450
405
417
425
458
416
437
410
465
434
444
431
461
432
459
441
450
450
423
429
437
436
428
428
410
439
425
430
444
421
431
411
426
397
422
458
447
441
435
426
419
454
486
374
442
426
443
461
399
490
480
428
485
473
460
419
513
460
431
425
449
476
460
436
448
438
463
464
438
435
434
463
498
472
453
450
456
456
479
461
430
446
445
465
453
433
438
443
438
469
408
465
446
449
482
441
454
473
470
449
427
465
424
460
466
479
417
444
450
475
451
473
426
466
431
459
454
438
448
437
385
394
417
383
371
432
414
409
383
341
393
335
358
377
378
353
376
353
346
335
324
376
301
319
304
337
333
312
325
324
317
365
321
326
313
321
307
275
290
340
326
305
320
308
300
300
312
288
317
281
270
274
329
287
315
314
283
309
306
330
301
281
331
279
274
303
297
293
302
268
299
288
326
278
284
274
287
283
285
267
276
256
273
299
308
272
243
280
281
273
297
280
279
242
302
295
296
266
246
287
247
272
298
258
260
255
259
262
242
274
253
276
273
283
264
283
274
235
259
270
275
285
244
243
255
263
217
227
253
246
259
277
271
294
294
363
508
745
1300
2201
3501
5167
6955
8692
9594
9696
8823
7228
5473
3981
2824
2075
1665
1393
1420
1389
1421
1596
1700
1603
1542
1538
1442
1417
1250
1158
1065
1017
858
845
762
729
656
662
577
506
473
430
440
420
333
358
322
366
321
310
293
269
277
269
243
251
241
245
228
206
219
244
191
233
208
177
227
217
181
205
177
203
210
182
209
211
207
179
176
202
201
176
177
194
166
186
177
177
188
189
195
162
168
191
170
150
148
171
170
157
165
166
178
146
171
148
155
166
156
158
150
167
139
158
145
174
157
165
139
159
137
184
159
156
143
138
157
162
134
134
160
140
136
126
123
133
133
136
146
130
124
136
149
125
132
124
143
127
132
170
147
138
132
158
126
147
140
115
105
128
138
122
108
115
126
128
112
119
120
129
119
122
126
116
133
109
108
122
107
119
117
119
112
121
110
130
104
91
131
124
108
135
116
112
120
125
120
109
110
120
123
115
124
111
104
116
100
124
124
126
103
108
103
121
117
108
116
114
131
109
122
107
103
104
96
93
116
111
96
112
112
96
118
135
99
89
110
122
105
104
93
100
85
126
110
103
105
93
94
85
101
108
85
96
91
106
109
94
110
113
100
99
110
108
94
98
87
76
107
94
117
102
101
121
86
93
88
101
89
103
118
110
98
100
110
108
98
122
102
84
92
98
83
85
85
78
100
102
91
98
106
111
105
91
95
79
100
109
113
99
103
105
99
84
97
96
98
81
77
98
103
106
86
99
107
75
90
100
96
79
84
101
90
92
91
103
84
94
109
96
107
103
92
85
86
112
76
104
108
91
87
88
90
87
110
100
104
92
85
110
81
82
101
95
87
94
80
97
90
88
98
101
94
67
101
98
103
82
83
93
82
92
80
90
96
90
76
78
102
106
104
102
83
83
85
81
71
99
88
101
102
108
96
100
94
102
103
99
79
122
137
171
331
592
1078
1796
3015
4581
6137
7773
8619
8718
8048
6595
5047
3636
2643
1829
1370
1279
1226
1168
1277
1277
1357
1383
1383
1342
1285
1197
1081
922
869
772
744
691
602
587
498
424
438
411
400
293
280
284
232
233
199
199
185
147
141
146
115
121
119
110
107
106
105
89
83
87
73
81
88
78
95
80
87
94
72
93
98
89
77
74
71
82
82
85
84
74
75
68
61
67
81
88
77
81
71
77
66
83
76
76
83
64
74
74
65
70
66
70
76
64
68
86
71
73
59
72
66
73
64
64
58
75
72
62
60
63
67
77
85
83
63
70
66
69
84
72
49
68
73
72
70
65
76
62
54
67
60
64
76
73
64
72
73
78
63
74
66
58
68
75
56
74
65
62
62
65
61
83
60
69
81
68
55
68
54
53
58
53
61
74
66
75
57
68
64
56
64
66
64
69
52
55
64
55
73
66
68
62
53
53
87
64
53
51
65
51
76
63
63
60
66
73
69
53
60
64
57
79
66
65
62
62
61
62
52
65
57
66
57
64
48
61
66
60
59
63
63
58
64
52
67
55
57
61
70
67
46
61
66
52
65
68
60
60
46
61
64
71
62
70
72
49
59
63
55
73
62
58
48
58
54
54
55
51
62
73
67
59
56
64
76
61
52
53
69
45
51
55
71
65
54
61
55
60
57
56
67
56
46
51
52
54
57
53
56
58
53
64
58
50
46
61
62
50
52
58
57
63
53
53
49
46
48
60
57
51
61
64
68
64
62
71
52
50
49
52
51
64
48
60
60
70
44
60
67
72
74
54
57
49
48
57
49
60
55
59
67
54
66
59
55
53
55
61
68
51
45
39
40
52
50
45
52
54
69
49
49
53
50
60
52
53
58
43
51
59
50
68
58
63
54
60
47
48
48
48
56
51
56
47
60
58
52
59
46
56
54
40
44
53
43
59
44
51
41
49
49
49
59
60
51
61
49
53
53
55
51
47
55
48
51
48
63
45
61
45
67
50
51
52
53
41
42
60
58
59
47
63
60
47
65
47
55
62
44
47
49
68
46
59
62
31
53
47
46
49
49
50
60
49
51
51
47
56
60
39
63
61
56
53
66
43
48
29
54
48
50
55
44
53
47
66
38
50
44
53
39
51
59
45
66
52
45
37
52
53
36
51
48
40
55
44
47
40
52
60
44
50
44
58
42
50
50
56
47
46
51
57
43
47
48
54
52
43
44
46
48
47
55
53
51
47
39
65
57
43
35
56
57
47
40
51
41
54
46
46
55
62
57
48
40
60
49
43
33
37
49
45
50
49
45
49
48
46
50
56
43
43
49
53
31
54
49
57
55
41
66
56
39
41
50
53
41
50
42
43
43
55
42
47
51
41
43
44
39
47
48
49
53
41
43
46
42
31
42
44
40
37
39
51
42
54
39
39
43
37
54
44
44
38
46
56
45
38
56
46
42
59
52
51
43
44
58
57
44
46
44
33
49
52
37
51
49
40
40
33
53
37
45
37
43
42
45
40
46
38
43
47
44
44
37
43
53
41
55
49
55
48
47
53
50
39
47
53
42
40
45
48
43
43
56
42
46
44
38
41
49
43
42
41
41
53
48
31
31
47
37
36
37
43
54
39
49
47
33
36
57
48
48
41
55
52
38
34
37
46
46
42
36
40
51
41
35
44
45
45
43
44
43
48
57
52
41
46
47
34
47
44
38
49
46
39
51
58
49
34
48
49
58
46
43
33
43
41
42
36
49
45
35
36
44
52
47
55
51
39
39
32
33
48
43
48
50
30
46
55
51
31
42
43
46
36
65
42
31
42
47
33
40
44
36
40
44
40
36
43
51
48
42
42
40
35
53
40
40
58
35
43
43
33
31
46
43
47
37
40
45
35
46
43
46
45
43
47
33
40
38
33
41
50
37
46
43
45
39
36
47
39
61
44
38
37
39
27
46
40
42
42
38
40
42
42
48
35
47
50
34
50
39
44
41
44
40
42
38
37
48
43
54
50
40
43
47
43
38
30
39
36
31
37
44
35
45
39
33
28
32
38
40
28
46
27
48
38
33
38
45
49
30
46
32
35
45
38
43
37
42
50
41
35
44
48
44
32
37
31
27
42
40
26
49
41
42
44
35
41
49
35
40
50
42
30
36
33
50
39
29
38
24
39
29
34
40
28
36
43
34
32
40
37
45
38
45
44
43
37
32
36
48
37
40
37
31
37
36
37
37
28
30
40
32
36
48
37
23
43
27
39
33
34
33
29
29
31
40
36
30
31
41
42
36
47
29
30
42
42
37
31
30
40
41
49
44
25
35
34
30
28
34
33
37
36
33
48
37
29
42
45
35
40
46
37
33
38
40
44
33
32
39
33
43
41
40
30
29
37
38
38
40
33
28
37
34
37
38
36
53
28
36
29
29
31
39
38
41
38
32
42
25
24
35
33
32
32
35
34
42
36
36
43
36
38
33
34
33
32
39
42
32
26
34
36
31
41
33
28
32
26
27
28
27
38
41
29
28
43
38
37
34
29
19
28
35
33
43
35
27
31
40
31
36
37
29
29
43
38
31
33
32
30
34
32
42
33
37
17
25
25
35
34
32
26
33
29
53
32
36
29
36
28
36
27
29
31
26
41
37
32
37
36
34
29
39
35
26
37
44
31
35
35
30
26
29
37
34
31
28
26
37
29
27
31
28
32
40
43
32
31
30
33
29
36
36
30
39
35
40
36
33
42
34
24
32
34
33
36
27
36
35
27
18
36
23
30
28
32
31
31
36
23
17
30
36
33
32
28
27
31
35
33
40
28
22
29
33
37
36
38
30
35
26
47
32
31
37
37
39
32
28
28
29
35
36
31
25
26
36
26
37
27
16
42
34
20
36
31
33
39
30
30
32
32
31
31
35
32
25
27
33
44
33
28
49
28
32
38
26
22
24
22
26
18
23
38
28
28
28
34
30
27
30
27
28
31
23
23
22
46
29
23
32
32
35
29
31
28
28
29
20
33
18
21
33
29
32
26
31
29
26
38
18
33
23
32
31
27
29
32
29
27
29
37
26
35
28
32
36
30
30
26
41
25
34
31
30
31
33
36
30
26
27
21
25
31
31
23
32
24
30
27
28
35
33
24
31
32
23
31
23
36
33
35
36
26
31
35
33
20
36
40
22
32
17
27
32
26
30
28
31
29
31
29
23
32
26
28
34
32
31
24
25
27
28
30
23
33
28
27
25
26
31
31
29
24
26
32
32
21
32
29
33
27
28
19
30
31
25
27
19
28
29
25
25
32
33
28
23
24
30
34
24
29
33
32
32
38
23
23
26
24
25
24
29
27
25
22
34
18
26
20
39
26
16
30
34
18
28
27
27
27
30
24
28
28
23
20
29
44
32
20
31
25
24
22
23
25
21
24
22
20
22
37
34
30
24
19
21
32
30
40
33
27
23
24
28
25
24
32
14
37
22
28
24
21
34
22
27
29
23
29
31
27
14
26
27
33
33
26
24
32
20
28
23
35
22
26
19
26
28
19
31
19
38
30
30
20
33
29
22
30
23
23
20
37
27
23
16
31
27
24
36
34
27
17
25
25
29
23
28
20
27
25
24
23
22
19
28
26
35
15
19
24
13
21
24
27
27
31
19
28
30
20
26
26
20
19
17
39
21
30
25
35
28
27
27
30
28
17
26
23
17
22
30
29
34
35
27
25
17
23
25
16
19
21
25
22
23
29
25
32
22
29
24
22
32
28
24
21
28
26
17
22
19
27
24
29
18
25
17
21
27
26
23
34
31
32
25
32
25
28
23
17
20
29
20
17
31
21
26
21
21
30
37
25
21
17
22
17
22
22
31
21
21
15
26
22
20
21
22
23
25
23
19
20
17
21
29
24
22
20
13
14
22
21
19
23
27
26
34
28
20
20
29
23
27
18
21
15
23
23
19
28
26
22
25
23
24
27
28
23
23
30
25
20
22
31
24
29
25
20
19
23
23
27
15
18
18
27
30
23
19
20
23
19
25
18
17
18
24
20
31
18
22
21
26
25
23
22
25
15
16
19
19
28
22
24
23
19
24
25
23
26
31
22
25
29
29
18
18
20
18
23
20
25
27
24
15
15
23
23
21
15
23
30
18
20
22
26
23
19
26
12
16
28
19
20
24
21
14
14
21
18
24
18
29
20
20
17
21
18
24
24
14
22
19
19
14
20
23
28
22
24
21
30
21
22
18
14
25
20
17
27
24
20
18
11
11
16
26
20
20
20
24
19
16
21
22
25
23
10
17
20
12
22
20
20
23
19
22
18
19
20
26
27
25
15
18
31
22
19
21
18
20
16
19
16
21
17
24
20
9
24
14
24
28
15
15
22
10
15
21
26
17
27
27
26
15
27
26
21
24
16
25
24
20
20
16
13
24
15
19
17
23
15
21
16
17
22
21
32
22
12
18
21
20
17
16
26
15
18
15
16
20
13
19
21
25
15
20
16
21
19
22
14
11
22
23
16
17
29
17
12
27
20
16
18
21
18
21
22
20
15
23
17
21
23
21
18
24
18
10
13
14
21
19
13
20
19
11
18
23
15
17
12
19
14
22
17
19
21
20
16
18
21
20
12
11
20
23
22
16
19
15
9
23
17
17
18
17
22
18
20
24
19
17
27
13
16
17
19
18
13
23
8
13
16
19
13
15
14
23
12
18
20
19
21
14
13
22
20
13
17
22
22
22
19
16
14
16
17
20
11
17
12
14
19
25
17
25
12
20
15
13
19
17
19
19
19
12
12
16
19
15
14
17
11
17
8
22
16
22
20
17
17
18
15
14
26
15
20
17
14
15
19
20
14
17
23
20
21
15
13
17
23
15
16
15
16
20
15
15
16
19
12
12
17
16
20
14
13
17
18
14
16
19
19
11
21
11
17
24
12
28
13
16
15
19
16
14
18
17
16
13
19
15
29
13
15
19
15
15
13
13
14
17
11
12
10
18
10
13
14
16
17
14
11
12
22
13
19
8
15
14
13
17
13
16
14
19
17
16
18
12
14
17
10
12
20
19
12
9
15
9
19
17
11
9
15
24
10
19
20
13
19
9
20
15
16
16
9
21
17
23
11
16
17
11
12
17
23
17
17
18
19
19
17
16
18
20
11
13
16
12
10
16
11
15
18
10
15
13
16
15
13
12
23
14
17
12
13
9
7
12
14
18
13
15
18
15
19
14
21
21
11
21
11
15
10
17
16
12
12
15
17
14
12
6
17
15
16
20
13
19
16
11
21
17
16
9
12
15
18
13
21
14
12
17
21
11
8
19
10
16
16
16
15
16
15
11
13
9
12
15
10
17
15
12
11
13
15
19
13
7
14
12
18
11
11
10
9
11
14
11
16
12
10
13
14
17
14
14
14
18
16
18
13
18
15
20
17
13
16
8
13
14
14
9
24
9
12
17
13
13
15
13
12
13
17
12
8
14
16
11
11
12
22
10
13
14
18
16
11
14
9
16
15
13
21
11
14
14
12
14
16
19
9
16
11
18
15
16
11
17
18
20
11
12
15
17
15
13
19
16
9
14
23
6
16
12
16
16
14
13
14
17
21
12
17
21
10
14
21
21
12
15
9
6
21
15
14
12
14
15
17
15
13
16
13
16
12
13
15
11
22
11
13
18
10
17
16
17
11
15
17
12
19
21
14
17
11
10
15
10
15
9
11
14
17
12
9
12
10
14
15
4
10
7
10
9
11
16
7
9
10
8
15
14
9
9
14
12
6
8
7
10
12
14
15
9
13
12
8
8
10
15
9
10
10
7
9
10
12
8
6
10
9
6
15
8
8
8
10
11
10
9
15
14
11
19
7
7
12
12
13
3
11
10
7
14
7
10
1
11
12
7
10
6
10
15
13
7
14
10
5
8
12
5
10
6
8
11
18
9
10
13
3
8
11
11
16
7
8
11
13
9
13
9
8
12
10
10
9
6
8
12
7
10
9
9
12
19
9
8
10
10
17
17
9
11
11
8
5
9
7
11
8
7
10
9
5
10
9
10
9
9
8
14
11
14
6
5
11
4
8
10
10
12
9
7
8
7
9
10
6
6
10
6
9
2
10
10
4
7
6
8
3
6
4
11
8
8
7
7
8
8
11
11
11
8
4
6
8
3
8
8
7
10
3
6
8
7
5
7
8
6
7
4
7
4
11
5
4
8
7
2
5
9
4
10
7
9
9
8
5
3
4
9
6
5
5
10
7
6
6
12
11
4
7
5
14
9
8
3
10
3
10
4
6
8
4
11
5
6
9
5
6
8
6
8
8
2
11
9
4
3
11
8
2
1
7
6
6
4
5
9
5
9
6
7
6
8
6
7
6
2
8
4
3
5
5
6
12
8
4
5
7
5
3
8
7
4
6
8
9
3
6
2
3
10
5
4
4
5
7
4
2
4
5
7
4
4
7
6
7
5
7
1
5
2
1
0
3
9
6
4
6
6
3
2
8
4
2
5
1
6
2
6
6
2
6
5
7
10
5
4
7
5
6
7
4
5
10
9
3
7
6
3
2
6
9
3
10
7
5
8
7
5
6
6
4
8
4
3
8
9
6
6
1
4
5
2
2
5
8
3
5
5
4
1
4
6
4
4
8
5
6
4
4
7
4
9
3
6
5
7
7
4
3
4
4
5
5
6
6
5
7
4
8
5
6
11
3
5
7
4
0
4
6
4
4
6
9
6
7
6
5
9
9
1
8
9
7
6
6
3
7
8
7
7
0
3
2
7
3
4
4
3
5
3
6
5
3
1
6
4
6
6
5
9
9
3
5
7
6
4
6
9
6
1
7
5
2
2
3
5
4
2
6
13
3
2
5
8
3
7
2
3
8
8
5
9
3
6
2
7
6
9
3
4
6
8
8
8
11
5
10
16
25
24
39
41
60
50
56
55
60
45
38
35
28
21
11
13
11
9
15
13
17
12
12
12
15
11
8
12
10
11
14
9
9
6
6
5
5
7
8
9
4
7
4
4
2
7
4
1
4
5
6
3
3
8
1
3
2
4
1
2
2
2
6
4
3
2
3
2
2
3
5
2
1
3
1
4
2
3
2
6
0
2
3
4
4
3
6
0
3
5
4
5
4
4
2
2
2
4
5
2
5
3
1
3
3
0
2
3
4
4
4
2
4
4
4
2
6
1
2
3
3
2
1
5
2
3
3
5
2
4
0
4
2
3
2
3
3
1
6
2
3
2
4
6
4
1
5
3
1
2
2
3
4
1
3
1
0
3
3
1
2
2
2
5
3
2
1
1
5
4
4
5
1
1
3
1
1
3
3
1
3
3
3
1
2
2
3
2
4
2
4
2
2
1
1
4
1
0
0
2
2
4
4
4
1
4
7
3
4
2
2
1
2
3
1
1
4
3
1
3
2
2
2
4
4
4
3
2
3
4
2
1
2
2
1
3
2
5
2
4
1
1
0
0
4
0
2
1
2
2
1
2
2
2
4
2
1
2
1
3
4
2
3
3
7
1
3
4
2
0
1
1
1
3
2
2
4
1
1
2
2
4
7
1
6
1
4
8
5
1
5
4
4
1
6
3
1
0
1
3
3
0
4
2
2
3
2
2
3
3
2
3
3
4
1
6
1
1
3
3
3
1
1
0
1
3
1
6
2
4
2
2
2
3
1
1
3
0
3
1
2
2
1
2
0
3
2
1
2
1
4
2
4
6
1
3
4
0
0
0
1
6
4
2
4
0
4
3
2
1
1
0
2
1
1
2
5
4
4
2
1
1
2
1
0
3
4
2
2
3
1
5
4
0
0
0
3
3
2
2
3
1
5
5
2
1
3
0
3
5
2
2
5
4
5
4
2
8
5
2
6
2
1
3
1
4
3
2
2
1
2
5
4
0
0
1
2
2
1
0
4
0
1
0
3
3
1
1
3
2
0
1
2
2
3
2
0
3
2
3
1
4
0
0
2
1
2
1
3
0
3
4
2
2
2
1
2
0
4
2
1
2
2
2
4
3
0
1
0
4
1
1
2
0
1
2
1
3
0
0
2
3
2
0
2
2
0
1
3
3
0
2
0
3
0
2
3
3
3
0
2
0
1
3
0
0
2
4
1
2
2
2
1
3
0
2
0
1
2
0
2
1
2
0
0
2
1
3
0
1
1
1
2
1
0
2
3
2
1
0
3
0
1
1
1
0
3
2
3
2
3
0
0
2
4
1
2
1
2
0
0
2
1
2
1
2
2
0
0
2
0
1
4
0
1
1
1
0
3
2
2
1
0
0
1
3
0
1
1
0
3
0
2
3
0
1
0
0
2
2
0
0
4
0
1
4
2
0
1
0
3
1
3
2
2
0
1
3
1
1
1
0
2
3
3
2
4
0
1
3
2
0
0
3
1
1
2
2
1
1
1
0
1
1
3
1
1
0
1
1
2
1
1
2
1
2
0
0
0
1
0
1
2
0
2
3
2
3
4
2
1
1
0
3
2
1
2
0
0
2
1
3
1
0
2
0
1
3
2
3
1
4
0
1
1
0
0
2
1
2
0
0
2
3
0
0
1
1
1
2
4
0
2
3
1
0
2
2
1
2
1
1
1
1
0
0
0
3
1
3
1
1
1
2
1
0
2
1
1
5
0
0
0
2
2
1
1
1
0
1
2
0
3
1
2
0
1
3
0
1
2
1
4
3
2
5
0
0
2
0
0
1
0
3
1
1
1
0
0
1
1
0
1
3
5
3
0
0
0
1
3
2
1
0
1
0
1
0
2
1
1
3
0
1
2
1
0
0
0
0
0
1
0
2
1
3
2
2
1
0
0
0
2
0
2
2
1
2
1
1
0
0
2
0
0
1
1
2
0
5
3
2
2
1
0
1
0
1
0
1
1
3
2
0
0
1
4
1
0
0
2
1
1
1
4
1
0
1
1
2
2
3
2
0
2
1
3
0
1
1
0
0
1
1
0
2
3
1
1
1
0
0
2
1
1
3
2
2
2
1
0
1
5
1
0
2
1
1
0
1
2
2
0
0
1
1
0
3
1
3
1
0
1
1
0
0
0
0
0
0
0
1
0
1
0
1
1
0
0
1
1
1
1
1
0
1
1
1
0
0
0
2
1
2
1
1
1
0
1
2
0
1
2
0
1
0
1
0
0
0
1
1
0
0
0
2
1
3
1
0
2
1
1
0
0
1
0
2
0
1
1
2
1
0
3
1
2
1
0
2
0
1
0
0
2
0
1
0
2
1
2
0
2
1
1
3
1
1
3
0
1
0
1
0
1
0
0
0
2
0
1
0
2
0
1
0
1
2
0
0
2
0
0
2
2
0
1
0
1
0
0
0
1
0
2
1
0
1
0
1
0
1
0
4
0
2
0
0
0
1
1
2
2
1
1
0
1
0
3
1
1
0
2
1
1
0
1
2
1
1
1
4
0
2
0
0
1
1
1
0
0
1
3
0
0
2
2
1
2
1
1
2
1
1
2
1
2
1
1
1
0
0
0
2
1
0
1
0
0
4
2
0
0
0
0
2
2
0
1
0
0
0
3
1
1
1
0
0
1
0
0
1
1
0
1
1
1
1
0
1
1
1
4
1
1
2
0
2
0
0
1
1
3
0
1
1
2
0
2
1
0
1
0
1
2
0
0
0
0
0
0
1
0
1
3
0
1
0
0
2
2
1
0
1
0
2
0
2
0
0
0
1
0
1
0
0
1
1
1
1
1
0
2
0
3
0
1
1
2
0
0
0
2
1
1
1
1
0
2
1
2
0
1
0
1
0
0
0
1
0
2
2
2
0
0
0
3
1
1
2
0
0
1
0
2
2
1
1
0
1
0
0
1
3
0
0
3
1
0
0
1
1
0
0
0
1
1
1
1
2
1
0
0
1
0
0
0
0
1
0
0
0
0
2
1
0
0
1
0
3
2
0
2
0
2
0
0
1
2
1
0
1
0
2
0
0
4
0
1
0
3
0
2
1
0
1
0
1
0
0
1
0
0
0
0
3
1
1
0
0
2
0
0
0
0
0
0
0
2
0
1
0
0
1
1
0
0
1
0
1
3
1
2
1
1
0
2
1
1
1
0
1
0
2
1
2
0
2
1
0
0
0
1
0
1
0
1
1
2
0
1
0
0
0
1
2
1
0
0
0
0
1
0
0
0
2
0
0
0
0
0
0
0
0
0
1
2
1
2
2
2
0
0
0
0
0
0
0
1
0
0
1
0
0
1
1
0
0
0
0
0
0
0
0
1
0
1
1
0
0
0
0
1
0
0
0
1
2
0
1
1
0
0
1
0
2
0
1
1
0
0
1
1
1
1
0
0
0
0
0
0
1
0
0
2
0
1
1
0
1
0
1
0
0
0
0
0
1
0
0
0
1
1
1
0
1
0
2
1
0
1
0
1
0
0
2
0
0
0
0
0
1
1
0
0
0
0
1
0
1
0
0
2
2
0
1
1
2
0
0
0
1
0
1
0
0
1
2
0
0
0
2
2
1
1
1
1
0
0
2
2
0
2
0
0
0
0
0
0
0
1
1
0
1
0
0
1
1
0
2
0
0
1
0
0
2
0
0
1
0
1
2
0
1
0
0
0
0
1
0
0
2
0
0
0
1
0
1
1
1
0
0
1
0
0
0
1
0
1
0
2
1
0
0
0
0
0
1
0
0
0
1
0
0
0
0
1
4
4
3
4
10
13
10
7
3
6
4
4
11
6
3
3
8
10
5
6
7
7
7
5
3
5
6
9
8
6
6
13
3
8
12
8
10
7
4
6
8
8
7
7
2
7
6
1
10
7
10
5
6
5
5
7
6
2
8
2
5
8
11
5
3
8
8
6
5
4
5
6
4
6
3
5
6
9
2
5
5
6
3
6
7
8
5
5
7
11
8
2
4
3
9
9
7
14
5
11
5
4
10
5
6
6
6
4
12
5
1
4
5
5
7
8
4
4
6
3
5
5
11
6
6
6
5
4