0
0
0
0
0
0
0
0
0
0
0
0
0
0
0
0
0
0
0
0
0
0
0
0
0
0
0
0
0
0
0
0
0
0
0
0
0
0
0
0
0
0
0
0
0
0
0
0
0
0
1
1
5
7
10
14
21
31
52
45
58
59
67
58
64
80
83
90
87
102
73
79
92
79
85
82
84
89
109
115
87
99
97
97
109
130
124
117
129
121
155
133
165
201
198
199
282
299
390
512
567
757
970
1340
1710
2370
3363
4408
4222
2987
2227
1771
1326
1081
849
674
534
534
469
463
470
473
467
468
536
510
518
546
586
615
671
744
737
915
940
1008
1145
1212
1382
1382
1470
1555
1489
1368
1066
859
658
574
525
472
484
463
476
487
601
650
709
760
844
923
1003
1060
1046
1043
986
891
676
597
554
487
452
478
485
580
655
649
752
826
866
924
875
935
872
740
650
500
554
501
508
530
610
640
700
738
814
847
887
875
854
749
668
597
529
514
523
567
563
616
715
769
794
799
808
833
809
746
702
691
636
598
611
597
585
594
657
739
741
698
776
721
744
780
743
732
701
673
652
642
619
640
682
661
676
658
677
720
686
691
739
767
753
686
714
717
702
686
676
646
668
677
640
624
680
690
638
704
700
652
665
675
739
727
703
724
689
730
704
656
649
706
695
694
675
714
688
708
690
652
679
710
694
726
667
703
651
706
696
701
692
702
686
677
707
673
672
682
738
716
686
704
720
680
689
748
704
765
687
661
655
710
709
699
666
671
683
715
713
757
640
724
686
711
718
704
692
699
681
698
699
717
754
709
679
675
708
688
674
656
734
661
692
648
690
669
681
683
722
690
742
717
665
745
765
775
689
782
743
730
718
712
742
711
749
713
711
727
730
726
774
756
714
752
725
740
710
741
714
729
714
747
705
689
737
730
751
751
737
788
700
746
719
768
727
728
760
790
750
751
759
766
726
715
744
733
765
767
776
717
758
682
763
725
752
732
769
715
782
751
745
752
763
746
713
735
743
737
755
715
751
737
766
737
746
742
777
813
704
753
759
759
739
756
732
800
782
844
688
778
737
744
753
720
710
737
699
740
729
738
787
754
751
795
748
763
787
779
755
746
728
753
769
785
783
782
751
769
779
763
770
791
741
770
792
748
802
750
765
786
764
764
774
767
820
797
786
739
766
771
749
757
743
754
750
731
757
747
727
767
730
753
769
755
734
729
749
732
787
784
776
810
781
736
756
738
714
756
800
754
787
745
727
782
756
785
739
764
764
792
745
764
763
796
714
751
817
714
806
763
768
764
730
785
794
756
756
769
760
781
759
766
780
784
820
804
804
820
821
779
779
816
801
775
770
803
779
783
765
818
781
806
789
720
782
732
797
763
848
765
775
743
742
744
778
734
830
778
750
733
774
796
773
774
772
787
768
866
776
761
796
819
765
799
817
779
779
834
805
804
821
786
762
816
765
787
788
760
798
803
829
800
780
819
797
805
852
776
829
790
819
754
834
825
839
749
763
800
825
782
835
805
816
828
853
801
804
803
800
808
858
758
827
774
796
815
793
806
750
773
865
873
793
800
846
827
811
811
805
819
833
867
803
820
813
805
875
847
833
794
871
795
863
841
867
832
860
837
890
826
876
800
808
803
862
822
817
833
848
777
876
862
867
861
870
895
864
878
869
851
905
840
864
915
873
894
899
845
828
834
858
918
897
907
887
871
914
841
860
860
941
902
897
943
932
878
902
928
905
869
902
884
883
870
939
911
880
862
929
951
917
899
954
910
869
904
924
905
908
936
939
884
873
907
939
932
956
947
916
904
944
879
898
927
967
855
873
907
872
879
880
850
841
882
869
818
800
821
815
760
792
748
805
753
741
722
731
695
690
726
672
671
668
675
683
675
679
680
637
627
633
667
649
634
629
628
621
621
615
587
623
572
601
627
606
637
606
611
576
592
571
559
543
584
590
560
533
592
584
554
602
544
536
566
559
532
573
575
572
530
531
559
537
581
538
555
512
547
547
516
550
532
564
545
514
551
586
557
545
525
543
556
556
492
529
567
505
511
514
516
527
490
545
525
547
537
504
475
493
517
486
473
508
483
479
529
519
496
475
510
480
436
472
480
434
540
475
465
458
457
495
475
454
471
461
459
475
456
486
471
449
481
480
435
495
433
434
422
464
444
451
475
454
432
473
438
426
440
423
443
440
408
428
456
449
405
452
428
397
424
423
445
423
402
398
435
447
440
426
451
413
430
424
463
401
425
391
400
423
433
390
398
389
471
373
455
398
444
398
425
407
433
398
403
409
404
378
373
403
372
397
369
385
393
393
370
392
384
392
413
385
377
390
383
412
389
401
394
375
383
375
398
411
344
360
385
358
369
388
343
370
405
388
387
404
385
362
385
380
395
349
379
371
411
392
382
379
396
380
386
374
375
360
364
364
437
353
349
378
362
406
339
369
391
427
367
391
348
376
375
367
337
375
349
368
387
363
384
383
362
372
381
395
348
362
353
355
356
361
379
391
359
358
385
364
371
386
354
413
437
374
386
358
387
365
365
373
421
353
379
362
369
362
367
319
375
337
351
363
380
357
414
340
369
358
402
356
413
384
369
327
346
375
348
392
348
388
378
388
387
359
364
373
362
393
349
391
373
361
371
419
357
380
371
338
381
381
362
362
356
352
358
352
367
360
403
379
334
400
362
372
349
401
360
379
351
346
341
372
343
360
348
363
376
341
344
365
361
316
366
352
375
349
370
385
354
361
379
351
360
368
351
367
354
324
370
363
348
366
355
351
373
344
363
363
343
359
346
343
352
373
347
391
422
408
409
550
671
818
1324
1792
2728
4038
5695
7728
10057
12136
13993
15103
14924
14265
12870
10768
8602
6567
4818
3649
2873
2345
2017
1807
1672
1697
1566
1527
1354
1287
1200
1062
933
860
767
687
537
539
532
450
440
372
348
342
290
328
277
302
277
256
257
279
279
253
257
262
234
231
255
226
256
263
230
246
236
229
258
231
241
221
241
230
267
225
262
242
206
243
231
211
224
222
237
238
229
259
194
228
222
206
221
229
202
224
219
231
235
213
217
203
229
211
237
252
206
228
201
229
235
196
207
195
228
203
222
203
218
219
204
203
211
212
244
242
204
213
223
196
211
231
206
219
227
228
194
210
242
238
210
201
238
231
217
224
231
223
211
191
202
226
215
209
217
213
185
228
222
206
203
199
214
230
215
205
215
242
189
204
194
201
206
202
207
221
223
214
230
206
215
208
247
222
201
203
222
208
204
213
198
206
234
213
193
201
219
195
211
195
222
199
213
205
207
221
226
209
221
228
210
205
221
202
204
218
195
195
166
204
210
230
205
185
189
189
197
213
184
188
199
217
199
171
203
190
210
209
201
218
184
191
208
209
200
203
207
206
207
212
170
209
202
216
189
190
179
179
211
187
198
184
179
194
198
212
223
183
224
200
214
203
202
182
178
190
216
184
191
205
174
210
211
190
194
196
223
199
200
193
230
200
195
188
214
223
188
214
191
204
191
188
180
182
203
196
206
179
191
210
220
188
184
196
182
204
206
189
223
205
222
196
232
212
207
193
213
202
192
199
154
218
222
191
202
202
191
185
199
220
210
208
218
194
207
165
196
214
194
172
179
173
189
201
219
186
202
179
206
205
208
205
207
194
211
177
189
218
215
189
188
210
198
202
198
197
199
197
191
192
174
224
206
205
167
194
173
186
188
211
227
204
179
180
181
221
193
176
180
197
180
206
186
188
194
225
171
180
176
192
192
202
179
187
176
219
195
203
183
184
190
182
191
192
191
227
201
204
220
200
213
181
196
214
181
188
199
181
171
194
217
210
178
158
183
193
193
192
200
213
198
192
179
197
211
189
204
190
171
192
200
191
189
158
204
180
208
218
202
185
192
199
177
202
183
185
194
184
177
199
183
173
192
187
182
174
180
183
198
172
194
179
214
187
189
197
197
199
196
179
192
190
195
196
191
203
213
220
184
201
189
161
158
206
188
209
208
187
171
202
211
183
216
174
214
202
183
202
205
193
198
201
201
199
220
211
210
189
171
180
201
172
175
176
166
186
179
160
178
174
190
179
188
203
187
199
194
171
208
188
188
205
207
160
177
202
182
179
184
195
174
208
174
202
218
201
211
206
212
201
212
204
195
212
181
208
198
188
182
182
194
191
178
186
196
186
172
206
186
178
194
193
192
172
223
209
169
192
177
182
190
206
218
208
184
175
202
159
180
195
187
179
182
165
215
184
192
180
194
179
208
188
193
179
210
185
163
159
190
150
195
203
196
199
201
188
183
175
180
212
191
179
206
209
219
157
203
167
189
186
187
208
229
208
206
193
207
209
203
207
219
190
204
204
185
214
193
173
187
201
183
198
209
209
204
194
207
194
203
227
211
203
178
199
213
204
173
187
205
191
191
187
183
178
185
181
187
185
174
204
178
177
211
187
201
173
213
229
202
173
174
187
182
192
167
189
188
191
191
164
191
193
189
206
205
173
181
186
213
163
227
192
189
206
177
168
185
183
198
192
180
179
177
206
206
184
180
180
203
184
195
187
233
192
198
198
197
188
198
208
196
206
222
189
176
209
207
194
191
197
206
205
198
174
195
204
223
230
223
199
192
197
204
204
208
206
205
203
201
192
195
213
222
182
197
180
185
190
206
186
214
194
178
205
183
198
194
205
154
200
216
212
191
178
215
171
205
216
198
206
199
185
206
204
189
184
194
179
205
199
215
198
207
191
193
231
208
205
189
175
227
181
191
166
186
169
214
188
220
174
194
199
215
204
196
201
196
191
212
193
194
236
204
200
169
193
193
226
213
186
202
188
204
199
193
215
206
193
203
202
183
190
185
206
201
204
221
173
208
199
201
203
194
191
215
209
200
208
198
211
211
188
187
182
177
198
195
190
215
182
198
217
182
189
201
192
203
177
197
220
184
223
190
197
196
204
201
196
203
221
230
213
203
194
205
188
191
233
216
205
210
197
226
199
205
205
199
216
223
196
192
193
212
182
206
201
210
231
212
203
198
202
224
195
173
193
192
224
209
215
191
235
213
187
191
184
180
217
216
208
224
237
182
207
232
224
208
218
209
212
223
197
191
232
228
213
193
189
203
208
191
226
214
227
225
227
215
211
219
211
208
228
213
220
208
207
220
186
200
210
208
193
225
223
214
216
192
209
189
204
200
198
217
212
215
210
221
205
223
217
218
222
236
234
216
219
247
232
199
210
227
226
201
225
233
218
228
229
194
211
206
222
233
211
222
233
236
227
235
228
226
230
226
209
225
226
247
203
185
217
233
228
214
243
231
218
203
237
223
238
223
211
251
230
205
228
219
203
226
217
222
201
225
234
209
222
231
240
228
218
236
233
233
222
210
249
241
238
210
206
245
222
197
227
233
236
200
228
215
250
221
256
207
228
223
259
233
228
247
236
241
231
254
239
227
253
247
234
232
261
246
222
236
208
216
242
246
218
240
225
238
247
257
241
239
262
261
222
237
252
249
257
248
243
241
264
233
261
224
243
238
248
274
258
253
281
240
268
188
249
244
240
256
243
226
231
240
228
242
247
232
269
241
265
220
254
247
240
240
279
257
237
239
245
267
211
276
257
261
273
247
255
275
271
256
265
244
289
234
268
243
251
265
249
236
255
285
234
264
250
263
234
231
287
255
258
284
261
274
254
242
263
283
289
262
244
272
246
282
275
242
293
285
289
257
258
272
275
271
275
265
275
262
288
285
269
301
299
293
291
287
286
299
263
269
266
273
294
286
242
268
277
289
276
291
258
266
297
302
278
272
270
285
313
245
283
285
280
253
298
320
300
272
272
300
294
301
289
267
285
313
308
309
279
309
282
314
325
264
340
287
332
326
320
289
264
288
321
294
327
264
271
271
321
317
290
282
289
298
326
320
278
268
326
323
267
299
286
307
367
311
303
284
302
298
315
315
305
290
281
295
312
276
284
292
313
305
348
307
358
309
325
358
304
306
324
306
296
330
350
322
338
309
305
311
313
279
314
338
315
307
325
330
312
347
326
339
319
331
328
304
298
325
283
335
312
296
283
283
276
313
322
278
284
263
276
308
273
255
283
298
262
284
260
251
252
233
229
212
232
237
222
225
225
230
221
213
227
221
191
244
237
195
194
210
238
190
248
202
218
206
200
214
165
211
192
178
182
177
185
199
213
201
226
204
188
196
197
190
180
204
162
194
192
195
184
204
183
189
198
168
195
167
157
184
182
169
203
171
172
185
169
183
205
157
171
173
163
167
194
171
163
166
189
169
160
183
151
170
177
160
172
166
180
169
156
174
175
171
178
182
157
147
165
174
172
166
172
165
168
159
176
153
151
171
172
159
152
170
144
162
172
168
173
153
149
167
170
152
170
181
138
160
170
164
165
157
136
153
164
148
135
150
159
160
140
161
124
163
147
157
152
161
136
159
142
137
146
144
147
167
140
159
143
130
146
149
150
143
123
141
162
141
131
125
134
117
140
133
127
133
127
134
118
133
155
131
134
146
128
131
119
131
148
124
138
123
118
143
129
120
126
128
141
134
117
117
103
110
125
120
117
109
119
130
113
114
107
121
114
115
98
102
110
124
103
100
102
95
110
115
104
99
98
88
101
104
90
105
107
86
94
98
96
81
109
95
99
105
85
95
83
87
100
101
121
90
96
89
110
70
81
83
96
84
78
90
99
83
86
76
86
83
93
76
78
82
84
84
92
79
77
89
75
85
71
74
93
80
75
81
85
81
75
87
77
81
73
75
75
78
85
67
69
80
79
72
65
76
72
54
70
77
89
80
87
78
79
68
67
68
83
59
72
62
75
44
55
54
66
60
77
70
59
88
67
77
61
58
66
60
73
58
64
86
63
64
65
70
77
61
56
69
62
49
58
61
59
66
68
74
54
62
60
58
65
66
60
71
56
69
68
80
65
65
53
56
73
60
58
60
66
53
47
66
66
61
66
62
56
57
59
73
54
69
64
53
70
66
63
63
64
65
63
57
59
55
54
55
61
55
48
62
53
52
55
68
66
58
47
61
52
49
74
72
54
60
54
54
36
69
73
40
67
48
64
55
78
63
57
63
56
55
56
57
59
57
57
48
63
58
63
63
44
52
62
52
63
67
54
56
58
68
51
52
71
62
61
53
58
39
66
58
62
54
63
56
65
61
68
68
42
61
58
49
58
51
59
50
51
55
55
54
48
47
46
59
64
62
62
52
55
48
53
45
49
59
58
55
52
57
48
47
59
53
52
53
57
64
52
52
53
51
56
63
55
52
50
59
63
52
65
59
40
68
65
66
72
80
94
183
284
498
970
1559
2442
3786
4878
6280
7556
7868
7521
6558
5350
3841
2583
1901
1201
843
731
676
653
700
687
635
648
604
513
479
401
376
344
263
257
195
187
182
142
142
116
107
100
90
82
71
88
67
56
73
59
61
60
60
61
50
52
47
57
57
55
54
61
50
44
46
64
37
45
59
43
50
52
51
39
47
47
32
52
45
36
52
45
27
38
50
40
43
49
38
49
40
51
49
36
39
52
42
35
42
37
47
44
47
51
46
46
50
47
39
32
56
34
51
40
47
37
33
36
35
37
41
44
56
45
37
44
38
40
46
46
46
30
47
34
38
36
44
36
30
39
43
46
56
33
38
34
52
37
51
47
37
44
38
35
38
39
39
47
33
39
45
41
38
35
46
46
28
49
40
44
47
40
46
32
28
35
38
36
31
36
46
24
32
37
30
29
38
49
42
47
40
53
29
35
40
32
41
35
35
30
50
30
41
34
38
36
37
34
40
29
41
33
45
31
30
37
43
33
34
42
38
40
36
42
38
28
44
37
34
41
36
42
29
33
35
30
40
28
28
36
41
32
45
35
43
30
36
40
31
28
27
29
39
29
40
24
38
23
45
39
27
36
27
30
37
30
32
53
36
30
43
27
35
26
25
38
28
48
29
33
38
33
24
20
27
27
34
41
38
35
25
39
30
28
27
32
36
33
30
25
24
36
28
42
32
33
34
38
32
28
32
29
24
32
23
39
33
34
36
25
37
39
22
22
39
39
27
34
34
28
34
31
32
35
35
28
34
29
32
33
34
39
36
35
35
30
30
34
30
20
25
39
34
24
32
35
28
18
34
35
37
34
20
24
34
26
39
28
34
37
37
24
28
31
30
27
26
28
36
29
31
29
28
24
32
26
27
26
32
21
24
31
35
30
29
27
30
27
28
29
21
25
24
45
37
14
21
22
27
37
18
24
32
28
25
26
36
27
35
36
23
32
27
26
26
27
19
25
23
32
34
34
30
30
34
24
32
29
20
31
23
29
25
33
25
24
20
33
23
34
21
29
33
29
26
32
30
30
32
21
32
21
29
31
25
33
20
28
15
26
32
24
24
18
28
36
28
19
31
28
25
33
29
34
31
21
28
32
44
31
30
34
36
40
29
37
37
29
22
23
21
26
25
25
25
35
42
22
26
22
33
25
26
31
24
17
24
21
20
32
26
27
23
24
22
22
16
28
17
20
28
21
22
21
27
22
24
26
33
25
20
28
15
22
17
28
20
19
13
27
26
33
23
29
22
32
21
25
27
25
24
19
20
19
14
27
24
29
28
25
28
21
26
26
25
32
16
25
22
30
31
20
25
18
27
21
15
20
17
22
28
31
18
33
18
21
27
30
27
32
25
28
30
15
24
18
29
23
21
18
16
34
25
28
21
31
20
26
21
23
26
18
12
20
28
26
18
30
27
18
27
26
18
31
19
18
25
26
29
26
12
18
17
23
27
21
30
28
16
22
30
32
22
29
20
25
24
28
28
22
24
16
17
26
22
19
30
23
27
19
15
20
27
19
21
18
15
24
15
21
31
30
25
25
25
26
16
18
30
26
16
25
28
25
24
24
22
30
29
15
13
21
23
19
21
27
25
22
27
14
21
21
26
16
28
25
17
29
17
21
21
18
19
24
19
23
28
16
28
14
20
23
25
26
20
21
28
27
22
19
35
23
33
27
14
19
23
21
19
18
17
17
26
28
13
22
19
23
21
19
28
26
22
21
17
23
21
13
23
23
16
22
20
15
24
15
11
17
7
16
27
18
21
18
20
15
21
13
18
20
24
19
11
18
25
17
17
15
18
16
14
18
10
22
21
25
24
19
12
15
14
30
27
18
18
12
17
18
14
13
20
16
14
13
19
17
26
14
19
20
20
13
18
17
12
19
18
14
16
13
20
15
19
18
16
18
17
17
13
16
13
14
17
16
13
7
18
13
10
14
23
14
17
16
25
14
15
18
11
25
20
21
12
17
14
11
22
15
18
23
16
18
13
10
12
16
16
15
15
15
11
17
17
17
17
11
14
18
11
10
24
16
18
16
16
7
12
16
19
13
15
10
23
18
8
6
16
10
14
11
18
11
11
9
11
17
13
16
18
12
10
15
12
12
14
14
17
11
21
16
9
14
10
20
19
12
11
12
12
14
16
13
15
14
17
13
12
13
12
10
13
14
10
11
13
16
10
12
7
17
8
11
16
10
20
9
13
9
15
13
9
15
12
11
16
12
13
14
11
10
13
14
13
10
10
9
11
13
15
15
13
8
8
14
12
15
11
8
9
13
16
8
13
20
13
11
8
14
12
9
9
15
11
13
9
9
9
14
8
10
12
7
21
13
14
12
12
12
10
16
11
9
6
8
15
11
16
12
9
5
9
21
7
9
18
11
8
4
12
11
5
8
9
9
13
11
12
13
10
11
12
13
7
10
14
10
6
6
9
6
6
11
11
9
12
9
7
9
10
7
7
12
7
9
7
6
11
9
6
12
17
11
12
6
10
5
10
7
13
10
9
10
3
10
7
9
9
8
8
14
12
9
11
9
6
12
11
14
8
8
4
17
5
15
8
9
4
5
15
8
6
6
6
10
10
9
9
7
9
10
11
10
13
7
7
10
4
10
10
9
16
17
6
12
7
10
10
7
3
16
7
13
16
12
16
8
12
11
10
10
5
7
14
7
9
7
11
13
13
9
13
17
8
9
7
6
6
6
14
10
14
10
14
8
11
11
8
11
5
12
9
11
7
7
6
10
4
7
6
7
5
13
4
8
8
11
7
6
8
6
11
9
9
12
7
9
14
7
7
6
7
7
8
9
8
8
8
9
10
13
10
9
7
12
17
7
7
12
11
9
10
13
7
13
6
3
11
8
12
9
6
12
14
1
16
9
4
9
9
14
10
9
9
7
10
5
9
10
8
7
5
7
11
9
10
9
9
6
9
16
12
8
9
10
12
13
11
9
17
12
12
6
10
15
13
10
10
15
15
15
15
18
20
32
42
41
52
75
61
76
102
89
108
86
78
55
58
52
40
26
22
14
17
13
23
30
10
15
10
9
9
6
7
8
14
10
7
7
3
7
4
4
11
2
7
5
7
2
4
9
6
3
3
3
1
7
8
5
7
10
5
4
5
6
4
4
4
4
3
4
8
6
5
8
4
5
3
4
5
4
5
4
7
8
3
4
4
5
4
8
6
7
7
6
4
6
2
1
5
1
4
4
5
3
5
2
3
3
7
7
4
5
4
8
5
7
3
3
4
3
5
5
5
3
8
3
4
4
7
9
3
7
7
5
5
2
5
6
5
3
4
3
10
3
7
8
3
5
5
1
8
3
8
7
5
3
3
3
2
2
4
2
4
3
4
6
2
4
7
5
5
5
3
4
4
6
8
3
7
4
4
6
7
5
4
4
4
8
5
3
4
8
5
6
6
2
1
3
8
5
4
3
2
7
4
4
5
2
7
7
5
2
6
6
3
3
1
5
4
1
3
8
7
3
5
4
3
4
5
4
3
3
5
7
2
3
3
6
3
9
5
6
4
2
2
1
5
6
3
4
1
2
5
7
5
8
5
1
3
8
6
1
5
7
2
8
4
4
3
1
4
4
4
2
2
4
2
4
3
4
3
3
2
4
3
5
4
5
4
3
3
1
3
4
3
5
4
4
5
2
6
3
4
5
2
7
4
5
5
2
4
0
3
7
4
5
5
3
8
2
3
4
5
2
5
2
4
3
3
6
5
5
2
4
1
4
4
4
0
2
6
2
2
3
5
3
5
3
5
5
1
2
5
0
4
4
3
4
5
3
6
1
2
5
7
1
4
5
3
4
2
6
1
6
3
3
5
10
0
8
5
2
1
3
6
5
4
3
2
3
3
3
6
4
6
5
1
3
6
2
2
2
4
2
4
4
7
1
6
3
2
2
8
4
4
4
3
1
4
6
4
4
4
5
2
5
3
4
6
2
4
5
4
3
1
4
2
0
3
2
2
2
2
5
5
3
1
4
0
5
5
4
8
4
5
2
5
4
2
5
5
2
8
0
6
3
2
4
6
3
2
6
3
2
2
5
3
7
1
2
4
3
3
6
7
3
6
4
1
2
3
2
7
2
3
3
3
1
6
1
5
4
3
5
3
5
3
2
4
3
5
1
3
2
3
3
5
4
2
2
0
3
1
1
2
1
2
5
2
4
2
4
2
2
6
3
0
1
6
4
2
3
5
4
5
0
3
4
5
3
5
2
2
4
3
5
2
6
1
4
0
6
3
1
2
3
2
2
2
3
3
0
3
4
7
3
4
1
5
0
1
4
3
1
4
1
3
1
0
2
5
3
5
0
3
4
2
3
6
1
3
4
3
5
3
3
5
3
4
2
2
1
6
4
1
4
1
6
3
3
3
2
1
0
4
6
3
3
1
4
3
1
4
0
3
3
2
1
4
1
5
2
0
3
4
4
3
2
1
6
5
5
3
3
8
5
1
1
6
3
2
4
0
3
3
2
3
4
1
4
8
2
0
4
2
4
4
2
6
2
4
1
0
3
1
5
0
3
2
4
4
3
3
3
6
1
2
7
5
4
3
1
1
3
4
5
5
1
7
2
1
1
3
1
1
1
2
1
6
0
3
6
1
1
2
2
3
2
1
4
3
4
4
3
5
2
2
3
1
1
2
3
1
1
1
2
4
3
1
2
2
3
3
3
2
3
0
3
2
0
5
3
1
3
3
3
0
3
1
0
3
3
4
2
3
1
3
6
3
2
1
0
3
1
2
4
2
1
3
1
2
0
1
2
3
4
3
2
3
4
2
3
2
2
5
5
3
3
3
5
1
3
2
2
1
5
2
2
6
3
1
3
2
2
2
3
0
3
5
2
5
1
2
5
3
3
3
4
0
8
2
2
2
3
1
3
0
5
2
2
3
3
2
3
0
4
2
2
4
3
3
6
1
2
1
6
2
3
3
0
3
3
2
1
0
0
6
4
4
3
4
4
5
2
3
6
5
2
4
3
2
2
2
2
1
0
1
2
4
3
4
1
5
1
2
2
2
1
1
5
2
2
3
2
5
4
4
1
10
2
2
2
2
3
2
1
2
2
2
4
2
2
0
1
0
2
2
3
3
1
3
2
3
1
2
1
0
4
1
1
0
1
2
2
1
1
2
2
3
1
1
2
3
3
0
3
1
0
1
4
3
4
2
1
3
3
0
3
4
4
1
2
3
1
0
2
1
3
1
3
0
0
1
0
1
2
5
0
1
3
1
1
3
0
3
0
1
0
1
4
3
2
1
3
0
1
1
2
1
1
0
5
2
1
2
0
2
1
0
2
1
0
0
2
1
3
1
1
3
3
3
1
1
1
1
1
1
2
0
1
0
0
1
1
2
1
2
1
3
1
5
0
2
1
1
0
2
1
1
6
1
1
2
2
1
1
1
2
0
2
3
1
3
5
3
0
3
3
3
1
3
3
0
2
2
2
2
1
0
7
4
0
2
4
2
3
2
2
1
3
1
3
2
3
4
3
1
0
3
2
1
2
2
1
2
1
4
3
3
3
1
1
0
1
2
2
1
2
1
3
2
2
2
1
3
1
2
3
2
3
5
1
1
3
1
0
1
2
2
3
3
1
3
2
0
3
2
2
1
0
0
2
1
3
1
3
2
1
1
3
1
1
1
2
1
1
1
0
1
1
2
2
2
2
1
1
3
2
0
1
2
1
1
0
2
0
0
1
2
2
5
0
1
0
2
3
0
3
0
3
0
3
1
1
3
1
2
1
3
2
1
2
2
2
3
1
0
3
1
0
2
1
2
3
3
3
3
4
2
1
2
4
1
1
2
0
0
0
1
2
1
1
2
2
1
1
6
3
1
6
1
4
4
3
1
1
4
2
0
2
4
0
1
1
1
2
3
2
2
2
1
2
1
2
1
3
0
0
1
3
1
2
3
3
3
0
1
1
4
0
0
2
2
2
1
1
1
2
3
2
1
2
2
2
0
0
1
3
2
2
5
0
0
2
4
2
0
1
0
1
0
1
3
3
1
0
1
0
1
1
0
2
3
1
0
2
1
0
3
0
4
2
1
3
1
0
1
2
3
1
0
2
2
0
0
1
3
0
0
3
1
1
0
0
1
0
0
1
2
2
1
0
0
1
1
0
0
1
4
1
2
3
0
0
1
0
0
0
3
0
1
1
2
0
1
0
1
1
1
0
1
2
0
4
1
0
1
1
2
3
5
0
2
3
2
1
3
1
2
0
0
0
0
0
1
0
1
1
0
0
1
1
0
3
1
1
0
1
1
0
1
0
4
1
1
3
0
0
1
1
0
1
2
1
2
0
0
0
0
0
0
1
1
0
0
3
1
0
1
1
0
0
2
1
2
2
1
3
1
1
2
0
3
0
0
1
2
2
1
1
1
0
1
1
2
0
1
0
0
0
0
0
2
2
3
0
1
1
0
2
0
0
3
2
1
0
0
0
0
1
1
1
1
1
0
0
1
0
2
0
0
0
3
0
1
0
0
2
0
1
1
0
1
0
0
1
2
0
0
1
3
0
1
2
0
0
1
0
1
4
0
1
2
1
1
0
1
1
2
0
0
0
2
0
0
1
0
0
2
0
0
0
3
2
0
3
1
0
1
1
0
0
1
0
1
1
2
2
1
0
1
0
0
1
1
2
0
2
0
0
1
0
2
0
2
0
1
2
0
0
1
0
0
1
1
1
2
1
2
0
1
0
0
0
0
3
0
1
0
2
0
1
1
4
0
0
1
0
0
2
1
0
0
3
0
1
0
1
1
1
1
0
2
2
0
0
1
1
2
0
1
0
0
1
1
1
0
3
1
1
1
1
1
0
1
0
1
2
1
0
1
1
2
1
0
0
2
0
1
0
0
0
1
0
0
2
1
0
0
3
0
0
1
0
0
0
0
0
1
0
0
0
0
0
0
1
1
0
0
1
0
2
0
1
0
1
1
0
1
0
0
2
1
0
1
1
2
2
1
2
0
1
1
0
0
0
3
0
2
1
0
0
1
0
0
1
1
0
2
0
0
1
0
1
0
1
0
0
2
0
1
1
1
0
0
0
0
0
1
0
1
0
0
1
0
0
2
0
0
0
1
0
0
2
1
0
0
0
3
0
0
3
1
0
1
1
1
0
0
0
0
1
2
2
2
2
1
0
1
0
1
0
2
0
0
1
1
1
0
0
0
1
0
3
1
1
1
0
0
0
1
0
0
0
1
2
0
0
0
0
0
0
3
1
1
1
0
1
3
2
2
1
0
0
2
0
1
0
2
1
1
2
2
0
1
0
0
0
0
2
0
1
1
1
0
0
0
0
0
2
0
0
0
2
0
1
1
0
1
0
0
1
1
1
0
0
2
0
0
1
0
0
1
1
0
0
0
0
1
2
1
1
0
1
1
0
0
1
0
2
1
1
0
4
0
0
0
1
2
0
0
1
0
4
3
1
2
2
2
1
0
1
1
3
1
0
1
0
0
0
1
0
0
0
0
0
0
0
1
0
0
1
0
0
0
0
2
0
1
0
1
0
0
0
1
0
0
0
0
0
0
0
1
1
0
0
0
1
0
1
0
0
0
0
0
0
1
1
1
1
0
1
0
0
0
0
0
3
0
0
0
0
0
0
0
0
0
3
0
1
0
0
2
0
0
0
0
0
1
0
0
0
0
0
0
1
0
0
0
1
0
1
0
0
0
0
0
0
0
0
1
0
0
0
0
1
1
0
0
0
0
0
1
1
0
1
2
1
0
0
0
0
0
0
0
1
1
0
0
0
0
0
0
1
0
0
0
0
1
0
0
0
0
0
0
0
0
0
0
0
0
0
0
0
0
1
1
2
1
2
1
1
3
0
2
2
1
2
1
1
0
1
0
0
0
0
0
1
0
1
0
0
1
0
0
0
0
0
0
0
0
0
0
0
1
0
1
0
0
0
0
0
0
1
0
0
0
0
0
0
0
1
0
0
0
0
0
0
0
0
0
0
0
0
0
1
0
1
0
0
0
0
0
2
0
1
1
0
0
0
1
0
0
0
0
1
0
0
0
1
0
0
0
0
0
0
0
0
0
0
1
0
0
0
0
0
1
0
1
0
0
0
1
0
0
1
0
0
0
1
0
0
0
0
0
2
0
0
0
0
0
0
0
0
0
0
0
0
1
0
0
0
0
0
0
0
0
0
0
0
0
0
0
0
0
0
0
0
0
0
1
0
1
0
0
1
0
0
0
0
0
0
0
0
1
0
0
0
0
1
0
0
0
0
0
0
0
0
0
0
0
0
1
0
0
0
0
0
1
0
0
0
0
0
0
0
0
1
0
0
1
0
0
1
0
1
0
0
0
0
0
0
0
0
0
1
0
0
0
0
0
0
0
0
0
0
0
0
0
0
0
0
1
0
1
0
1
0
1
0
0
0
0
0
1
0
0
0
0
0
0
0
0
0
0
0
0
0
0
0
0
0
0
0
1
0
0
0
1
0
0
0
0
1
0
1
0
0
0
0
0
0
0
0
0
0
0
0
0
0
0
1
0
0
1
0
0
0
0
0
0
0
1
0
0
0
0
0
0
0
0
0
0
0
0
0
0
0
0
0
0
0
0
0
0
0
0
0
0
0
1
0
0
0
0
0
0
0
0
0
0
0
0
0
0
0
0
1
0
0
1
0
0
0
0
0
0
0
0
0
1
0
0
0
0
0
1
0
0
0
0
1
0
1
0
0
0
0
0
1
0
1
0
0
0
0
0
0
1
0
0
0
0
0
0
0
0
0
0
0
0
0
0
0
0
0
0
0
0
0
0
0
0
0
0
0
0
0
0
1
0
1
0
0
0
0
0
0
0
1
0
0
0
0
2
1
0
0
0
0
1
0
1
0
0
0
0
0
0
0
0
0
0
0
0
0
0
0
0
0
0
0
0
0
0
0
0
0
0
0
0
0
0
0
0
1
0
0
0
0
0
0
0
0
0
0
0
1
1
1
0
0
0
0
0
0
0
0
0
0
0
0
0
0
0
0
0
0
0
0
0
0
0
0
0
0
0
0
0
0
0
1
0
0
0
1
0
0
0
0
0
1
0
0
0
0
0
0
0
0
1
0
0
0
0
0
0
1
0
0
0
0
0
0
0
0
0
0
0
0
0
0
0
0
1
0
0
0
0
1
1
0
0
0
0
0
1
0
1
0
0
1
0
0
1
0
0
0
0
0
0
1
0
0
0
0
0
0
0
0
0
0
0
1
0
0
0
0
0
0
0
0
0
0
0
0
0
0
0
0
0
0
0
0
0
0
0
0
0
0
0
0
0
0
0
0
0
0
0
0
0
0
0
0
0
1
0
0
1
0
0
0
0
0
0
0
0
0
1
0
0
0
0
0
1
0
0
0
0
1
0
0
0
0
0
0
0
0
0
0
0
0
0
0
0
0
0
0
0
0
0
0
0
0
0
0
0
0
0
0
0
0
0
0
0
0
0
0
0
0
0
0
0
1
0
0
0
0
0
0
1
0
0
0
0
0
0
0
0
0
0
0
0
0
0
0
1
0
0
0
0
0
0
0
0
0
0
0
0
0
0
0
0
0
0
0
0
0
0
0
0
0
0
0
1
0
0
0
0
0
0
0
0
0
0
0
0
0
1
0
0
0
0
0
0
0
0
0
0
0
0
0
0
0
1
0
0
0
0
0
0
1
2
0
0
0
0
0
0
0
0
0
0
0
0
0
0
0
0
0
0
0
0
0
0
0
0
0
0
0
0
0
0
0
0
0
0
0
0
1
0
0
0
0
0
0
0
0
0
0
0
0
0
0
0
0
0
0
0
0
0
0
0
0
0
0
0
0
0
0
0
0
0
0
1
0
0
0
0
0
0
0
0
0
0
1
0
0
0
0
0
0
0
0
0
0
0
0
0
0
0
0
0
0
0
0
0
0
0
0
0
0
0
0
0
0
0
0
0
0
0
0
0
0
0
0
0
0
0
1
0
0
0
0
0
1
0
0
0
0
0
0
0
0
0
0
0
0
0
0
0
0
0
0
0
0
0
0
0
0
0
0
0
0
0
0
0
0
0
0
0
0
0
0
0
0
0
0
0
0
0
0
0
0
0
0
1
0
0
0
0
0
0
0
0
0
0
0
0
0
0
0
0
0
0
0
0
0
0
0
0
0
0
0
0
0
0
0
0
0
0
0
0
0
0
0
0
0
0
1
0
0
0
0
0
0
0
0
0
0
0
0
0
0
0
0
0
0
0
0
0
0
0
0
0
0
0
0
0
0
0
0
0
0
0
0
0
0
0
0
0
0
1
0
0
0
0
0
0
0
0
0
1
0
0
0
0
0
0
0
0
0
0
0
0
0
0
0
0
0
0
0
0
0
0
0
0
0
0
0
0
0
0
0
0
0
0
0
0
0
0
0
0
0
1
0
0
0
0
0
0
0
0
0
0
0
1
0
0
0
0
0
0
0
0
1
0
0
1
0
0
0
0
0
0
0
0
0
0
0
0
1
0
0
0
0
0
0
0
0
0
0
0
0
0
0
0
0
1
0
0
0
0
0
0
0
0
0
0
0
0
0
0
0
0
0
0
0
0
0
0
0
0
0
0
0
0
0
0
0
0
0
1
0
0
0
0
0
0
0
0
0
0
0
0
0
0
0
0
0
0
0
0
0
0
0
0
0
0
0
0
1
0
0
0
0
0
0
0
0
0
0
0
0
0
0
0
0
0
0
0
0
0
0
0
0
0
0
0
0
0
0
0
0
0
0
0
0
0
0
0
0
0
0
0
0
0
0
0
0
0
0
0
0
0
0
0
0
0
0
0
0
0
0
0
0
0
0
0
0
0
0
0
0
0
0
0
0
0
0
0
0
0
0
0
0
0
0
0
0
0
0
0
0
0
0
0
0
0
0
0
0
0
0
0
0
0
0
0
0
1
0
0
0
0
0
0
0
1
0
0
0
0
0
1
0
0
0
0
0
0
1
3
3
3
6
3
1
3
3
4
4
2
2
2
4
2
2
3
5
4
2
2
5
1
3
1
1
3
2
5
4
3
4
7
1
4
2
0
6
3
7
3
1
2
5
0
1
5
0
4
2
6
1
3
5
4
4
1
1
3
2
3
3
0
4
3
2
2
3
7
2
3
2
4
2
0
1
2
1
6
1
2
3
1
3
3
3
2
3
2
5
4
4
5
2
3
1
5
4
0
2
6
1
5
4
4
4
4
4
4
2
2
2
4
8
6
2
4
2
2
3
3
2
1
1
5
2
4