0
0
0
0
0
0
0
0
0
0
0
0
0
0
0
0
0
0
0
0
0
0
0
1
0
0
0
0
0
0
0
0
0
0
0
0
0
0
0
0
0
0
0
0
0
0
0
0
0
0
1
2
3
12
22
23
38
45
51
69
77
86
98
108
101
119
120
125
114
115
124
122
133
155
129
146
123
142
149
154
145
155
172
144
172
164
166
173
195
196
161
164
184
179
169
201
209
222
243
295
315
430
570
813
1443
2682
5430
8274
8760
6885
5207
4138
3367
2804
2102
1654
1238
1007
794
759
610
670
595
626
642
689
707
721
766
860
937
1078
1186
1331
1524
1719
1806
2037
2236
2503
2888
3056
3166
2774
2249
1760
1411
1165
924
783
732
680
681
728
794
853
955
1055
1304
1464
1637
1829
1938
2083
2014
1760
1548
1248
1008
878
790
723
702
752
827
989
1098
1224
1430
1609
1643
1777
1657
1504
1288
1017
892
805
750
776
874
912
1032
1120
1320
1410
1503
1510
1554
1497
1272
1112
939
839
874
829
907
951
1156
1199
1261
1352
1440
1450
1426
1352
1225
1141
1061
921
937
910
954
1053
1058
1179
1173
1224
1316
1384
1295
1359
1233
1268
1271
1111
1179
1118
972
1063
1021
1026
1093
1056
1137
1180
1178
1198
1183
1196
1226
1216
1247
1265
1181
1221
1170
1139
1160
1124
1071
1163
1122
1057
1096
1131
1116
1132
1178
1110
1187
1135
1147
1180
1153
1165
1153
1153
1180
1179
1105
1138
1160
1187
1139
1111
1153
1114
1171
1091
1134
1168
1204
1130
1144
1115
1174
1081
1146
1228
1091
1226
1176
1141
1131
1140
1137
1171
1144
1192
1110
1190
1146
1176
1209
1146
1158
1079
1162
1140
1131
1160
1132
1221
1174
1121
1174
1178
1172
1219
1163
1141
1180
1127
1199
1114
1109
1214
1178
1148
1149
1103
1200
1120
1164
1182
1141
1123
1204
1222
1177
1190
1177
1235
1140
1160
1199
1226
1165
1256
1167
1228
1155
1230
1214
1189
1234
1256
1307
1299
1225
1246
1229
1234
1285
1226
1215
1213
1275
1244
1239
1218
1249
1318
1243
1288
1270
1216
1225
1256
1295
1306
1280
1280
1273
1219
1268
1233
1271
1339
1309
1313
1305
1297
1316
1300
1260
1307
1304
1237
1306
1305
1359
1313
1307
1258
1216
1266
1267
1308
1305
1335
1254
1269
1314
1293
1335
1318
1236
1342
1354
1335
1244
1283
1317
1242
1281
1338
1313
1289
1316
1359
1302
1347
1331
1371
1309
1357
1356
1321
1286
1320
1345
1334
1328
1276
1363
1296
1313
1308
1353
1317
1337
1309
1355
1292
1308
1432
1318
1319
1374
1354
1302
1272
1392
1340
1311
1300
1338
1361
1356
1334
1302
1278
1351
1337
1392
1295
1319
1352
1343
1302
1348
1377
1363
1328
1321
1391
1263
1290
1356
1340
1328
1344
1334
1315
1381
1327
1428
1333
1369
1314
1351
1318
1301
1346
1369
1340
1347
1349
1270
1295
1389
1310
1323
1300
1367
1377
1336
1335
1336
1382
1345
1374
1341
1342
1310
1306
1306
1379
1347
1373
1356
1298
1280
1320
1349
1313
1346
1366
1323
1353
1394
1345
1303
1361
1330
1326
1354
1385
1355
1268
1334
1328
1323
1351
1357
1405
1392
1344
1319
1336
1303
1342
1392
1354
1391
1374
1398
1466
1352
1359
1369
1368
1372
1393
1339
1315
1381
1359
1440
1350
1297
1315
1343
1400
1365
1406
1332
1334
1343
1375
1317
1446
1367
1402
1324
1370
1354
1321
1419
1367
1404
1433
1364
1366
1379
1382
1423
1368
1386
1415
1359
1418
1347
1323
1396
1348
1396
1383
1394
1391
1385
1432
1423
1351
1397
1395
1348
1408
1388
1408
1362
1332
1397
1423
1359
1398
1387
1398
1354
1390
1395
1401
1357
1376
1442
1450
1407
1431
1450
1336
1397
1504
1421
1401
1416
1425
1434
1504
1385
1385
1446
1435
1440
1384
1476
1452
1351
1475
1456
1453
1435
1381
1419
1413
1422
1465
1532
1473
1428
1504
1496
1463
1390
1422
1456
1484
1469
1482
1463
1589
1449
1437
1557
1572
1475
1497
1565
1526
1429
1520
1538
1475
1493
1475
1532
1473
1508
1467
1553
1570
1566
1603
1536
1526
1525
1551
1564
1551
1574
1562
1552
1533
1571
1639
1547
1578
1536
1494
1598
1646
1548
1602
1528
1538
1634
1651
1604
1654
1632
1555
1541
1620
1607
1655
1596
1663
1611
1578
1644
1636
1622
1624
1625
1586
1656
1651
1710
1773
1655
1756
1657
1668
1601
1728
1742
1750
1738
1743
1668
1785
1729
1640
1659
1684
1699
1725
1636
1764
1690
1712
1750
1610
1669
1719
1701
1662
1689
1661
1673
1639
1617
1490
1533
1515
1466
1438
1476
1483
1374
1431
1362
1311
1288
1320
1361
1283
1228
1300
1275
1250
1223
1278
1204
1222
1170
1097
1128
1140
1151
1094
1118
1093
1078
1075
1088
1055
1044
1093
1061
1049
1069
1051
1062
1094
1012
995
1032
1049
1005
1031
954
976
965
964
914
1013
1012
1026
960
915
976
1063
976
932
873
985
989
951
959
932
891
897
879
870
928
924
893
895
864
896
863
817
868
875
862
849
833
828
913
885
803
819
813
817
900
869
882
861
818
852
833
854
826
861
810
842
818
755
808
846
854
877
767
765
827
796
825
739
799
819
798
785
777
733
787
773
800
782
780
777
763
742
769
707
705
754
743
741
774
745
696
729
724
731
702
655
685
732
688
728
691
671
756
721
725
671
673
655
668
711
657
672
674
672
622
688
653
703
666
649
650
673
610
676
646
650
628
645
657
634
622
648
605
671
610
618
595
622
632
617
574
609
641
609
570
567
602
596
603
589
577
604
591
597
581
581
553
573
594
568
535
549
582
617
614
606
568
541
568
581
561
534
558
601
554
527
563
561
521
565
575
583
553
544
578
532
549
556
605
560
558
531
547
543
540
564
585
533
557
540
536
558
520
520
564
479
558
538
558
590
552
561
514
558
540
543
573
531
560
549
535
544
568
577
555
532
566
484
529
557
514
493
514
529
520
538
523
509
538
509
508
523
513
511
538
498
512
523
520
495
527
512
528
514
456
520
576
498
526
546
512
546
493
515
528
542
556
504
499
523
519
521
509
518
529
525
509
470
495
527
519
519
535
527
525
473
542
512
531
485
497
529
479
499
522
500
523
534
490
482
489
513
519
489
489
488
515
491
524
483
504
478
477
482
495
512
496
479
475
501
464
505
498
483
516
511
475
496
467
459
493
465
477
507
490
506
483
486
494
484
522
472
508
481
528
453
498
456
488
483
446
482
461
478
495
515
522
496
487
488
462
470
480
472
485
493
498
451
550
480
485
480
481
528
509
518
564
551
541
580
613
734
890
1205
1793
2608
3934
5893
8853
12125
16006
20493
24064
26675
27838
27306
25483
22305
18546
15029
12083
9645
7782
6626
5914
5410
5302
5193
5297
4998
4946
4821
4461
4338
4027
3599
3276
3034
2782
2519
2273
2112
1832
1716
1576
1390
1351
1185
1105
1061
992
865
866
779
771
729
659
640
612
653
618
544
558
488
569
526
505
533
478
484
511
514
487
486
460
516
484
475
469
474
474
458
475
425
486
469
457
531
417
459
437
464
432
434
444
443
455
511
432
417
428
448
476
427
413
439
401
420
401
412
403
441
447
408
446
427
426
450
412
395
444
423
422
386
452
435
399
412
442
413
460
406
383
446
383
396
396
461
428
391
413
405
381
419
388
415
406
422
418
385
401
413
439
392
428
404
430
423
364
381
401
408
393
430
415
394
440
381
376
427
402
373
356
363
387
427
377
415
408
373
372
381
350
395
406
392
412
360
410
387
377
354
419
418
389
404
412
402
386
390
416
399
418
404
397
398
386
405
396
399
373
363
407
387
367
379
401
348
403
377
398
351
359
383
378
381
342
398
382
354
366
363
345
349
386
357
398
347
351
372
358
349
368
339
376
361
389
366
342
358
372
349
355
348
380
346
357
387
353
352
349
375
366
362
344
331
358
345
338
420
365
336
359
332
358
361
359
330
322
382
330
374
334
347
346
337
321
354
350
340
332
343
373
353
327
346
314
337
361
345
354
357
355
374
326
359
318
329
338
338
345
323
371
341
358
336
334
314
307
339
334
361
384
346
343
362
336
338
349
331
351
352
343
340
312
352
342
315
360
337
324
288
331
359
355
326
356
304
352
363
357
306
344
311
330
341
336
319
331
313
305
359
328
370
318
342
340
333
344
347
316
352
368
327
324
368
334
365
351
332
337
344
329
359
322
357
323
345
326
318
351
303
344
339
351
357
326
357
317
323
369
325
328
363
355
307
321
336
356
355
288
320
355
335
333
324
357
333
327
318
353
320
317
359
321
334
306
350
359
346
324
329
330
337
322
360
351
303
334
323
332
318
332
368
349
321
330
325
377
338
360
309
308
336
338
333
336
332
309
330
329
333
329
307
329
326
333
298
315
268
286
316
335
348
301
324
303
334
317
309
362
306
351
310
309
315
343
300
321
340
333
329
341
311
313
336
316
334
297
334
327
309
304
307
295
322
306
319
316
330
312
330
316
310
343
332
343
317
277
329
306
343
322
319
318
329
294
300
306
312
353
320
328
294
290
296
298
312
302
319
301
315
338
344
290
285
318
329
319
313
291
271
311
295
320
288
314
292
313
300
308
304
321
292
306
325
346
287
333
319
304
310
319
323
328
310
317
332
308
284
319
319
303
277
352
308
304
311
302
300
314
315
315
313
314
330
312
306
336
291
316
349
298
307
318
309
291
303
283
329
308
315
280
284
295
329
285
328
332
287
308
333
303
328
306
317
336
303
302
310
309
299
317
319
291
308
321
305
290
315
284
282
340
294
301
308
362
301
296
329
319
325
323
319
332
303
321
293
303
328
346
340
301
320
332
326
313
338
362
302
319
342
355
326
311
338
311
291
301
333
322
329
284
299
297
305
289
297
332
340
323
311
305
305
343
299
318
312
328
332
314
288
290
280
314
289
330
312
327
316
302
302
330
342
289
289
314
301
287
302
318
309
311
272
326
277
330
278
312
317
289
251
319
299
324
332
273
300
322
307
316
303
322
281
292
321
295
295
299
336
337
308
306
307
287
292
309
307
278
279
323
277
289
295
335
318
299
282
308
316
314
280
321
324
314
333
323
314
311
342
301
294
287
277
300
288
294
317
308
309
327
296
275
300
268
313
302
299
295
336
312
306
317
327
335
318
304
314
309
344
310
296
264
336
315
289
269
330
317
313
320
289
348
291
307
322
296
315
318
305
298
306
303
314
329
288
331
304
308
294
293
308
316
313
289
319
324
306
330
335
288
318
321
298
330
307
301
290
304
315
283
303
298
316
328
298
323
306
319
315
313
318
290
309
323
319
305
303
299
308
320
291
301
326
314
318
302
306
289
313
294
311
315
300
282
285
309
310
287
267
299
321
313
337
322
306
278
326
291
298
300
319
298
282
278
289
309
275
320
295
312
317
287
298
323
335
291
293
308
288
298
271
264
323
320
267
308
310
320
298
305
291
271
318
289
311
296
326
284
289
287
319
306
295
303
276
303
311
336
318
297
273
293
331
289
301
303
312
296
305
288
292
330
309
287
305
286
325
295
323
307
301
304
280
305
296
312
315
322
311
297
303
303
311
284
320
293
318
329
285
306
335
320
289
316
278
342
338
303
286
327
354
325
313
308
297
316
308
303
312
298
326
343
350
336
337
293
321
312
295
310
313
328
286
298
314
320
287
301
277
326
294
334
313
330
313
344
320
279
328
319
260
306
305
331
323
327
304
342
342
308
306
287
295
299
314
342
317
321
316
298
323
315
353
314
315
323
303
345
345
340
331
322
294
312
316
313
320
341
310
378
352
342
288
290
308
327
328
325
313
340
297
304
340
384
342
338
302
308
317
324
320
323
331
315
319
335
300
362
302
354
331
311
307
351
336
375
332
304
338
331
350
327
329
352
351
342
346
316
311
312
339
318
349
338
333
307
329
372
335
349
364
322
310
363
370
292
347
345
352
340
324
361
347
324
334
350
321
339
382
313
341
349
377
328
321
369
368
383
372
336
329
360
346
344
315
351
341
339
301
363
370
382
326
347
332
364
351
373
396
376
357
379
392
390
370
354
347
371
365
394
365
353
379
352
363
365
359
347
365
351
352
358
377
379
415
341
387
366
376
380
357
360
346
371
375
387
351
377
388
377
374
391
352
408
386
342
397
381
342
410
372
377
389
401
351
377
394
371
355
363
355
429
396
357
376
374
401
406
354
372
404
389
404
398
370
393
380
411
350
371
419
370
376
406
386
375
408
359
435
398
397
406
384
424
401
410
429
393
431
421
377
433
368
419
393
394
421
391
414
420
452
401
395
452
401
447
414
453
481
398
440
419
456
447
456
456
440
463
481
421
460
454
468
462
465
444
465
469
449
450
467
486
427
415
442
432
452
418
466
423
428
421
426
456
413
435
415
424
424
422
431
454
441
416
417
419
437
472
435
448
441
440
444
417
474
443
413
437
415
444
477
453
476
442
505
444
413
417
409
459
466
467
417
447
407
467
483
509
452
416
445
480
435
444
464
457
448
441
440
454
490
461
441
475
472
499
464
451
461
464
444
433
470
454
468
473
458
430
488
448
482
446
425
447
430
435
417
393
418
390
441
387
392
410
371
388
403
408
353
402
352
347
389
334
340
352
350
364
343
330
308
334
383
337
338
326
353
340
307
318
322
305
346
326
316
323
311
298
319
302
326
344
306
296
307
326
281
303
287
274
296
325
333
298
289
294
295
252
282
299
316
296
272
271
286
291
274
304
308
297
252
293
282
297
309
279
310
256
314
255
291
294
291
284
316
268
276
283
284
290
248
271
286
263
313
267
272
262
272
299
266
264
287
281
290
263
270
274
273
268
297
267
255
266
264
273
270
281
278
244
257
269
263
276
235
246
219
280
256
282
275
271
261
264
255
231
245
233
268
257
273
266
239
241
235
251
262
253
261
257
247
248
252
250
262
239
236
249
240
260
234
243
263
228
234
278
237
222
239
230
241
233
248
243
236
230
219
244
238
240
219
231
236
244
200
202
229
229
240
239
204
215
215
219
236
227
208
187
215
215
237
217
207
230
222
223
204
216
230
221
201
203
199
192
235
222
198
219
197
227
198
186
200
217
192
180
192
197
192
201
162
192
188
206
202
200
181
196
192
172
182
204
177
165
186
200
190
169
161
202
161
185
166
159
197
177
173
187
182
169
186
136
178
152
162
153
159
160
152
159
164
151
165
152
169
153
162
148
168
144
169
148
145
169
188
146
152
161
152
161
125
139
156
150
146
170
154
147
151
143
132
163
161
124
184
147
152
149
156
137
145
152
160
150
164
142
134
142
136
145
126
130
136
134
133
145
153
142
146
131
147
129
139
129
136
160
157
142
130
157
111
159
134
137
137
120
134
141
168
139
130
136
148
150
140
129
113
130
151
139
149
130
130
140
134
137
132
138
119
121
130
114
135
138
127
134
115
151
145
125
153
128
145
131
121
104
137
139
149
123
131
135
136
130
128
148
124
113
152
127
129
111
150
105
132
136
144
118
128
127
126
127
145
121
107
151
118
142
133
108
112
106
126
122
124
136
129
130
133
107
129
136
126
120
127
106
131
154
140
104
125
112
137
124
131
129
106
125
113
129
133
131
104
148
126
117
120
115
93
119
148
124
134
126
147
118
99
127
121
99
129
112
108
105
113
97
109
119
102
96
101
117
106
116
108
108
105
87
127
110
126
103
112
115
120
122
118
109
100
121
120
105
109
127
124
110
128
106
130
119
121
120
108
106
119
133
130
136
116
127
127
107
132
102
132
129
116
101
119
120
110
125
107
113
113
110
144
120
157
181
294
423
740
1228
2055
3256
4673
6094
7375
8297
8162
7733
6334
5256
3932
2874
2113
1746
1448
1406
1312
1242
1333
1343
1316
1390
1358
1242
1203
1037
997
869
777
758
718
566
512
498
505
388
355
371
341
307
325
269
242
239
236
203
214
203
209
177
163
196
197
203
195
177
166
174
154
152
163
146
148
151
140
168
135
158
164
131
145
154
141
141
136
136
139
142
174
147
139
144
150
137
132
133
140
140
121
145
143
139
139
115
124
170
151
125
123
108
142
128
138
116
129
154
159
132
127
109
136
137
136
130
118
149
100
122
136
124
148
130
128
115
132
127
127
131
122
106
150
143
117
101
149
119
143
139
106
130
130
102
136
138
128
117
129
119
124
135
126
142
137
123
131
141
108
117
131
119
107
123
126
111
117
120
125
120
121
127
116
117
108
136
113
125
115
107
126
110
125
131
127
115
132
131
106
137
116
124
95
120
111
98
118
127
113
132
107
127
108
124
123
118
99
118
109
142
112
123
117
128
101
106
111
120
120
99
136
128
105
120
118
120
107
123
129
129
105
113
110
117
107
102
117
122
124
104
114
106
108
104
119
110
117
112
111
127
96
117
110
107
144
122
116
102
105
118
117
100
105
101
87
106
83
113
105
92
109
114
107
94
105
108
108
112
83
120
111
104
111
114
92
111
104
113
111
94
94
117
102
102
107
103
115
100
104
95
124
115
91
107
95
102
83
103
92
104
87
89
89
98
86
116
78
122
95
103
111
104
106
108
87
90
84
109
102
95
102
88
101
94
106
97
83
110
97
89
77
83
101
98
83
96
91
90
104
94
103
104
101
85
105
76
97
108
104
84
109
85
94
116
101
92
88
78
104
98
94
103
84
88
106
92
79
99
90
79
93
95
82
108
92
74
88
98
91
111
113
104
100
95
103
94
89
97
85
80
84
83
86
89
88
85
77
87
106
91
95
89
88
98
84
107
88
93
101
99
102
79
96
92
101
93
101
108
85
101
78
74
109
96
80
94
73
82
80
101
88
72
78
78
94
100
75
84
92
84
107
96
89
79
92
77
87
83
101
94
80
99
88
84
102
103
89
82
93
87
88
91
82
86
93
83
88
90
88
74
80
91
79
77
80
82
94
91
92
108
80
99
83
98
89
75
96
71
59
86
97
77
76
81
84
96
110
99
82
80
86
81
83
93
86
89
79
76
82
73
90
92
99
79
86
90
84
92
81
65
67
72
76
80
85
84
91
102
93
77
82
84
81
70
88
81
82
73
98
85
79
97
83
77
73
96
71
86
79
84
81
92
81
82
90
75
75
76
71
96
80
89
77
70
93
95
80
68
82
90
87
94
90
63
81
80
81
79
98
82
90
77
86
89
74
66
80
75
79
84
101
70
62
74
79
71
75
65
82
106
72
82
85
82
93
82
83
67
71
71
89
81
85
88
77
84
75
85
71
87
86
86
84
83
88
81
77
74
76
75
84
77
65
85
69
62
72
77
74
76
80
80
84
100
72
79
70
76
74
86
72
77
65
88
85
80
69
78
78
92
76
84
73
84
82
83
78
64
83
80
77
49
61
71
80
71
88
61
82
85
77
84
84
81
63
64
84
66
86
70
62
76
99
76
77
75
87
74
74
69
81
82
68
57
91
67
80
77
72
68
84
65
57
82
99
63
91
64
78
79
73
72
67
66
75
52
75
75
75
86
80
71
90
59
80
90
71
83
77
66
93
75
72
62
85
77
74
58
71
75
84
62
85
77
94
95
67
89
76
74
72
66
73
67
85
73
68
68
75
78
68
73
75
62
87
64
72
59
61
59
76
68
67
72
71
62
61
53
67
60
58
72
69
52
70
64
66
64
53
80
64
63
66
76
45
67
71
74
65
69
59
70
60
72
67
75
69
62
75
64
69
60
61
60
81
67
58
54
75
56
61
67
61
70
54
53
60
69
66
70
66
56
71
47
62
67
63
67
74
65
55
58
62
63
57
66
64
54
61
47
60
61
45
70
56
56
67
72
85
53
58
57
70
66
64
51
62
62
48
59
62
69
56
47
52
65
55
48
50
64
45
44
45
56
42
46
51
41
50
55
37
54
64
48
59
57
51
54
48
57
57
40
57
57
32
56
54
43
47
56
65
47
48
31
45
43
50
42
48
42
65
45
43
50
55
56
40
50
43
47
46
38
51
38
40
40
48
41
52
45
46
47
56
43
37
40
40
39
43
50
52
48
34
39
31
52
43
38
37
30
33
47
53
39
45
45
37
35
41
44
41
51
48
39
39
32
42
48
47
30
36
45
48
42
38
38
43
36
34
37
36
42
31
47
34
35
47
39
36
31
41
50
42
38
32
34
40
44
39
32
37
53
28
40
34
32
42
40
32
49
40
37
32
34
41
43
33
39
41
31
35
37
32
23
36
30
39
30
27
48
29
27
34
32
37
27
35
31
30
39
36
31
35
33
36
28
43
52
25
37
26
39
31
33
30
29
28
37
37
27
21
24
24
33
35
27
26
37
33
38
35
35
27
27
27
36
35
30
46
40
31
39
26
30
29
25
36
27
26
33
38
28
47
23
29
50
38
38
35
32
29
29
33
39
31
23
41
36
28
31
31
36
45
32
30
30
25
27
24
21
36
23
40
38
36
33
23
35
36
35
30
34
32
32
37
28
33
36
29
15
35
26
33
40
33
21
37
25
30
29
23
28
40
18
42
25
21
27
28
20
37
28
28
29
30
35
35
28
27
32
27
25
32
30
32
22
25
32
30
34
35
28
44
31
35
23
33
40
31
24
36
29
32
24
22
32
27
25
24
37
29
25
30
31
28
34
29
32
25
29
38
31
23
32
27
27
39
23
27
22
24
32
37
32
31
27
29
35
25
31
28
36
32
31
29
35
31
28
28
32
34
32
28
42
28
39
33
31
30
29
41
34
27
30
22
26
23
23
31
36
32
41
35
32
31
30
31
31
31
43
39
40
42
26
30
35
28
29
37
41
42
30
37
41
33
46
42
50
59
67
73
93
134
170
225
218
316
308
325
316
336
286
285
215
177
144
113
117
103
112
86
92
91
71
84
74
57
75
76
63
63
57
44
40
36
40
35
35
34
40
31
26
34
37
25
32
25
23
32
21
21
25
19
14
23
20
22
26
17
21
18
20
23
12
17
19
23
18
17
18
17
8
23
17
22
18
21
18
15
18
19
18
15
21
18
14
14
27
30
22
18
21
20
12
22
17
18
18
16
16
22
16
19
19
17
19
25
15
13
23
25
20
18
13
24
17
17
14
16
19
16
13
16
14
16
16
15
20
25
16
18
14
15
16
14
17
13
19
20
20
22
14
17
13
24
26
20
27
13
10
19
16
20
12
15
18
16
18
22
17
23
15
15
19
13
31
14
16
23
23
22
16
17
16
12
16
22
16
16
17
8
23
16
18
18
15
16
11
19
16
21
16
19
18
16
12
16
23
21
19
19
11
11
9
13
21
17
19
22
15
18
16
19
14
17
19
23
17
19
14
18
17
20
11
14
19
21
15
13
17
19
15
15
19
9
9
16
11
15
15
12
15
18
15
17
9
20
10
15
15
13
16
14
11
7
23
18
10
8
24
19
17
14
11
17
17
15
22
16
13
21
15
17
14
16
11
15
14
13
17
17
7
15
22
19
16
18
19
15
13
20
19
21
18
19
11
17
17
16
17
12
13
17
12
13
19
17
13
22
18
3
7
13
13
17
17
16
13
11
21
14
12
12
17
23
13
14
18
16
11
6
9
14
11
14
8
18
14
13
14
13
13
18
15
14
27
10
13
12
12
10
17
13
15
16
16
13
9
14
11
14
8
20
14
11
18
17
13
16
13
11
16
14
12
12
13
21
14
16
11
8
10
13
8
6
14
12
19
15
14
17
13
12
10
13
15
13
13
16
10
5
7
11
6
12
13
14
13
17
17
16
16
17
9
14
17
12
14
12
5
19
8
17
6
8
11
11
10
16
16
12
14
15
15
11
9
6
13
11
14
12
21
13
12
12
14
12
19
16
5
16
12
17
12
16
13
12
10
12
9
5
7
16
11
14
13
13
7
17
11
12
15
9
9
6
14
12
12
14
11
11
12
11
14
10
7
7
13
12
8
14
14
11
14
18
12
11
14
8
11
22
13
16
9
14
8
12
8
17
7
6
11
10
10
16
7
9
14
15
16
12
10
19
18
10
9
13
12
12
11
8
7
11
13
10
6
15
12
11
8
13
7
15
11
10
12
9
6
14
13
15
10
8
16
7
13
9
10
7
8
11
11
16
8
11
11
12
16
14
11
12
12
7
8
10
7
9
11
9
7
6
7
12
9
13
14
10
14
12
8
8
9
6
10
8
7
11
12
13
12
16
12
3
17
10
12
13
6
8
7
8
9
18
11
11
14
11
14
20
6
15
6
9
12
11
9
9
5
13
7
7
9
11
5
6
16
11
16
8
11
13
9
9
19
10
7
13
13
9
8
12
6
4
14
17
5
13
12
12
7
10
5
8
14
12
13
6
9
13
11
14
12
10
10
4
10
9
11
12
9
8
8
11
11
11
10
8
7
9
8
6
9
11
6
8
10
11
12
13
10
7
8
14
12
7
6
9
9
5
11
7
10
13
10
7
11
10
7
11
9
9
11
11
14
11
12
12
7
11
12
8
3
3
11
9
11
9
5
8
10
10
10
4
12
12
10
9
11
9
8
9
11
6
10
4
12
14
12
6
4
6
7
7
6
7
12
10
12
14
12
8
7
10
12
7
6
9
9
10
12
4
9
6
13
4
12
10
7
5
7
8
5
10
12
6
9
6
2
14
10
4
14
12
10
15
5
9
12
10
6
9
10
9
4
6
10
8
9
7
10
3
7
12
14
7
5
10
6
10
14
9
11
5
4
9
8
6
10
12
8
8
5
6
8
8
9
10
7
9
6
3
9
7
10
10
6
10
2
7
7
4
7
12
11
10
6
6
9
13
12
7
5
5
11
9
4
7
7
7
10
7
4
9
4
6
5
10
5
5
10
9
7
10
5
2
6
4
7
15
9
4
5
5
8
6
9
6
4
10
7
7
10
6
7
9
6
6
3
4
9
10
7
4
8
12
3
4
7
4
8
5
10
11
9
9
4
7
4
2
8
4
10
8
6
6
8
5
7
11
11
4
8
8
5
7
4
7
9
8
4
7
6
10
5
7
7
8
11
4
7
6
5
7
6
9
4
8
8
5
12
7
7
7
9
9
6
8
9
10
14
8
9
10
4
7
9
9
10
7
9
11
7
7
10
8
4
6
10
7
5
9
7
4
4
1
3
6
4
6
7
6
8
7
10
6
10
5
5
8
5
12
6
4
6
6
4
6
5
4
5
6
6
7
3
6
5
5
3
6
5
6
8
6
10
9
5
3
6
8
7
9
9
8
5
5
4
2
5
10
4
5
8
4
7
8
9
8
12
14
8
9
8
4
8
1
6
6
9
7
7
7
8
5
8
8
10
3
4
7
3
8
5
3
8
7
5
4
2
10
5
8
0
11
4
6
6
4
10
10
7
7
3
7
7
3
5
5
5
7
2
5
7
8
4
4
5
2
4
6
8
5
11
7
4
6
3
9
5
8
6
5
7
6
5
5
6
10
3
4
7
7
5
7
6
5
8
7
3
9
4
8
6
6
7
4
6
3
5
8
10
6
5
9
5
5
8
8
8
6
8
7
10
6
6
8
5
6
5
6
4
5
5
8
8
3
7
3
10
7
7
9
7
4
4
4
5
6
3
7
6
8
5
5
4
5
5
4
5
4
8
6
6
3
7
6
5
8
4
11
6
7
4
8
3
3
11
11
4
12
5
3
5
0
5
6
4
4
3
4
6
6
2
10
4
5
3
8
4
6
9
4
6
9
2
5
4
1
4
11
7
3
5
4
6
6
8
3
5
4
5
1
7
5
6
7
8
7
11
5
6
5
8
5
6
6
4
9
9
6
6
2
4
6
2
6
5
6
8
6
6
4
12
3
3
7
2
5
4
9
10
6
4
4
4
4
3
9
7
1
5
6
4
1
9
8
3
5
6
7
2
7
7
8
8
8
6
2
11
3
4
4
5
4
7
3
3
8
4
2
3
9
11
3
3
5
2
6
6
4
5
3
5
2
5
10
5
9
3
3
1
3
2
9
4
4
1
2
3
3
6
2
10
5
5
5
6
4
6
6
3
3
5
4
3
3
7
8
4
6
3
9
5
1
3
2
4
5
1
3
3
3
3
2
5
7
3
1
1
5
1
2
3
5
0
6
8
8
7
5
6
2
5
5
3
4
4
1
8
3
4
6
5
6
2
5
7
2
0
7
2
3
3
5
4
5
1
3
5
3
4
7
3
3
1
0
1
10
3
0
8
2
5
5
2
3
3
6
5
4
5
4
1
7
3
3
2
4
3
4
6
4
6
3
3
1
2
2
2
4
4
2
3
2
3
7
3
5
0
1
4
3
4
3
2
2
5
2
4
3
2
3
4
4
5
2
4
5
3
2
1
2
2
4
3
3
2
1
1
4
7
1
5
6
2
1
2
3
3
3
1
6
1
3
3
2
3
0
0
1
2
1
3
2
5
1
2
2
0
5
6
2
1
2
2
1
4
1
3
0
6
2
2
4
2
6
5
2
4
9
1
6
4
3
3
4
2
5
2
5
4
2
1
1
5
1
6
1
2
2
2
1
7
5
8
2
2
5
4
3
3
1
3
5
1
3
1
5
3
1
4
1
1
5
3
2
2
1
4
1
2
2
0
5
3
3
1
2
1
1
5
4
2
4
2
3
3
1
7
7
1
4
4
6
3
4
3
3
4
1
5
1
3
1
2
0
3
2
3
1
1
4
2
3
2
5
2
1
1
2
2
1
4
1
1
1
2
4
3
3
2
7
5
1
2
1
2
6
2
3
3
3
1
2
3
3
2
3
2
3
1
1
3
8
0
3
2
1
0
4
2
2
2
2
4
3
1
1
2
4
9
1
1
3
0
4
4
2
3
4
1
4
4
4
7
4
6
0
4
2
3
1
1
7
1
0
1
2
2
3
2
2
1
2
1
1
2
3
2
3
4
1
3
1
2
2
3
1
6
1
0
2
3
3
0
2
6
7
4
1
3
7
4
1
2
1
2
2
4
1
2
4
2
6
1
1
5
3
2
4
2
5
0
2
4
2
4
0
1
3
4
1
1
2
1
5
5
2
3
2
1
7
4
4
1
2
1
2
2
2
1
2
4
4
3
5
1
2
3
2
3
0
1
5
2
4
4
3
2
6
4
3
3
3
4
2
3
2
3
1
0
2
4
2
2
2
8
3
3
3
5
3
4
5
2
1
0
3
3
4
5
2
1
2
4
4
3
1
3
4
1
1
4
3
1
1
4
1
4
3
3
1
2
2
5
2
4
2
2
2
6
3
4
1
3
4
4
4
1
7
3
8
6
3
2
3
1
4
4
4
7
2
2
3
4
7
5
4
2
4
5
4
4
0
2
5
1
8
1
2
1
1
1
2
1
2
1
4
0
4
0
2
2
1
0
0
4
1
5
1
2
1
2
2
1
3
3
1
0
1
2
2
0
4
2
0
2
1
0
0
2
2
0
0
1
2
1
1
2
1
2
1
0
1
1
0
1
0
1
1
0
2
3
4
0
1
2
0
1
0
1
3
0
0
2
0
0
0
1
2
3
3
1
1
1
0
2
2
1
0
2
3
0
1
2
0
2
0
2
0
1
2
1
0
3
3
2
2
2
0
1
1
2
5
2
2
0
1
2
0
0
1
1
2
2
0
0
0
1
0
1
0
3
1
1
1
4
1
0
2
4
1
1
3
1
2
0
1
3
3
2
4
1
1
2
2
3
3
4
3
4
3
1
1
0
0
3
1
3
0
1
2
1
2
1
1
0
0
0
1
4
3
3
2
2
1
1
5
1
3
0
1
0
3
2
2
3
1
3
1
4
1
3
0
1
2
0
2
3
1
1
2
1
1
1
3
2
1
1
0
1
1
3
0
1
2
1
0
1
3
2
2
2
1
1
0
1
1
3
0
3
0
0
3
1
1
1
2
2
0
0
1
1
1
0
1
1
0
2
4
1
1
3
1
0
1
2
1
2
1
2
0
2
2
2
1
3
0
0
1
2
2
1
1
1
3
0
2
0
0
1
0
2
1
1
0
1
0
1
1
3
0
3
2
1
1
1
1
0
0
2
1
1
0
1
1
2
0
1
1
1
1
2
0
3
0
0
2
0
2
0
2
1
0
0
0
0
1
2
1
2
4
0
1
0
4
3
1
1
2
2
0
3
0
3
2
1
0
1
1
0
1
0
1
0
0
0
2
2
0
0
3
0
2
1
2
1
1
1
0
1
3
2
1
1
1
3
3
0
2
0
0
1
3
1
0
1
4
1
2
2
0
1
0
1
3
0
1
0
1
0
1
0
0
1
0
0
1
0
2
0
2
0
0
1
0
0
1
1
1
0
0
1
1
1
1
2
0
1
1
1
0
1
2
0
0
0
1
0
0
1
2
0
4
2
1
0
2
0
1
0
0
2
0
1
0
2
1
1
1
0
0
1
2
0
0
1
2
1
0
2
0
2
1
0
1
0
0
1
0
1
0
2
0
1
2
0
1
0
2
2
1
0
2
1
1
2
2
1
3
0
0
0
2
2
0
2
1
0
1
0
0
1
0
2
0
2
2
1
0
1
0
3
2
0
0
1
0
1
0
1
1
0
0
0
0
0
0
0
2
0
1
2
3
2
2
2
2
1
1
0
2
0
0
1
1
1
1
1
0
1
0
1
1
0
2
1
0
1
0
3
1
1
0
0
2
1
1
1
0
1
0
0
1
0
1
0
0
2
2
0
2
1
1
0
0
0
0
0
0
1
0
1
1
0
0
0
0
1
0
2
0
1
2
0
0
2
1
0
0
1
1
1
1
1
1
0
0
0
1
2
1
0
1
1
0
1
2
0
2
0
0
0
2
0
0
0
0
0
0
2
0
0
0
1
0
1
0
2
1
0
0
2
1
0
0
1
1
0
1
1
0
1
1
1
2
1
1
2
0
1
1
2
1
0
1
0
0
0
1
1
0
1
0
0
0
1
0
2
2
0
1
0
0
1
1
0
1
0
0
0
0
0
0
1
0
0
0
0
1
3
0
0
0
0
0
0
0
0
0
0
0
0
0
0
2
1
1
0
0
0
2
0
1
1
0
3
0
1
0
1
0
0
0
0
1
1
2
0
0
1
1
0
2
1
1
1
2
0
2
0
0
0
0
1
0
0
0
1
0
2
0
2
2
1
0
0
1
1
0
1
0
0
0
0
0
1
1
0
1
1
0
0
0
0
0
0
2
0
1
0
0
0
1
0
1
1
0
1
0
1
1
0
1
0
1
0
0
0
1
1
0
0
0
2
0
2
2
0
0
0
0
0
0
1
1
1
0
2
0
1
1
0
0
0
0
0
0
1
2
2
0
0
0
0
0
0
0
0
0
1
1
2
1
1
0
1
0
1
0
0
1
0
0
0
0
1
0
0
1
0
0
2
0
0
0
1
0
0
0
2
0
0
2
1
1
3
1
0
1
1
0
0
1
1
0
0
0
0
0
1
0
2
2
0
0
0
1
0
0
1
0
0
0
0
1
1
1
0
0
0
0
0
0
0
1
0
0
0
1
0
0
1
1
1
0
1
0
0
1
0
0
0
0
0
0
0
0
0
0
0
1
0
2
1
1
0
1
1
0
0
0
0
0
1
1
1
0
0
1
0
1
0
0
1
0
1
0
0
0
0
0
1
1
0
1
1
2
1
1
0
0
1
0
0
1
0
1
1
1
0
0
0
2
0
0
1
0
0
1
0
0
1
0
1
2
0
1
0
0
1
1
1
1
0
0
0
1
0
0
1
1
2
0
0
2
1
0
0
0
1
0
0
0
0
1
0
0
1
0
1
1
0
1
0
0
0
0
0
0
0
1
0
0
1
0
0
0
0
0
0
1
0
1
1
0
1
0
2
0
1
0
0
1
0
0
1
0
1
0
0
2
1
0
0
0
0
1
0
0
0
0
0
0
1
0
2
1
1
1
2
0
0
1
1
0
0
1
0
0
1
0
0
0
0
0
0
1
0
0
0
3
1
0
0
0
0
1
0
0
0
0
0
1
2
0
0
2
0
0
1
1
0
1
2
0
0
1
0
0
0
0
0
1
0
0
0
0
1
0
0
0
0
1
0
0
0
0
0
0
0
1
0
0
1
0
1
2
1
0
0
1
0
0
0
1
1
1
3
1
0
0
0
0
0
0
0
0
2
0
0
0
0
0
1
0
0
1
0
0
0
0
0
0
0
0
0
0
0
0
1
0
0
0
1
0
0
0
0
1
0
0
1
0
0
0
0
2
1
1
0
0
1
0
0
1
0
1
2
0
0
1
0
0
1
0
0
0
0
0
0
0
0
0
0
2
0
0
2
0
1
2
0
0
0
1
0
1
0
0
0
0
1
0
0
0
0
0
1
0
0
0
0
0
0
0
0
0
0
0
0
1
1
1
0
0
0
0
0
1
0
0
0
1
0
0
0
0
0
0
0
0
0
0
0
0
0
0
0
1
0
0
2
1
0
0
0
0
0
0
0
0
0
1
1
0
0
0
1
0
0
0
0
0
0
1
0
0
0
0
0
0
2
0
0
0
0
0
0
1
0
0
0
0
0
0
2
0
0
0
0
0
0
0
0
0
0
0
0
0
0
0
0
0
1
1
1
0
0
0
0
0
0
0
0
1
1
0
0
0
0
0
0
0
0
0
0
0
0
0
1
1
0
0
0
0
0
0
1
0
1
0
0
0
0
0
0
0
0
0
0
0
0
0
1
0
0
0
0
1
0
0
1
0
0
0
0
0
0
1
0
1
0
1
1
1
1
0
0
1
1
0
0
0
0
0
0
1
0
0
0
0
0
0
1
0
0
0
0
0
0
0
0
0
0
0
1
0
0
0
5
12
9
21
9
8
9
11
12
10
14
13
8
10
4
13
10
7
7
7
12
12
8
9
8
13
7
10
9
8
10
10
15
8
12
7
11
6
5
11
20
7
15
10
7
7
10
10
9
7
8
12
13
10
8
9
9
10
14
18
11
10
11
9
12
7
9
12
15
8
11
10
14
8
10
8
11
8
11
7
9
7
6
16
11
12
8
7
10
12
14
6
9
12
16
12
7
10
4
12
11
11
11
12
5
5
13
11
15
9
13
14
12
7
15
10
8
6
14
12
9
7
10
13
7
12
15
7