0
0
0
0
0
0
0
0
0
0
0
0
0
0
0
0
0
0
0
0
0
0
0
0
0
0
0
0
0
0
0
0
0
0
0
0
0
0
0
0
0
0
0
0
0
0
0
0
0
1
2
0
7
9
12
32
30
36
45
60
77
79
94
90
76
85
112
95
96
113
101
101
124
98
108
126
124
110
133
118
128
163
148
133
149
143
147
142
169
163
170
190
168
181
193
218
235
236
262
334
392
547
767
1121
1696
2719
4444
6657
7024
5394
4169
3149
2689
2183
1739
1289
1005
840
707
613
601
612
573
551
609
607
627
666
673
740
846
912
1060
1126
1237
1452
1505
1713
1955
2160
2330
2438
2516
2268
1783
1388
1196
971
801
696
626
607
581
641
739
853
909
975
1152
1301
1461
1520
1582
1699
1640
1438
1211
947
855
702
633
661
635
678
782
880
975
1107
1237
1324
1383
1415
1396
1170
987
872
741
721
691
715
721
863
987
1037
1182
1215
1318
1330
1252
1152
1012
952
787
766
714
770
763
865
920
996
1063
1158
1274
1157
1213
1148
1107
950
924
847
818
825
858
861
903
1004
1018
1050
1098
1112
1192
1119
1123
1070
1097
966
954
900
957
890
916
964
905
945
1037
1012
967
1020
1068
1045
1067
1079
1030
1110
984
1004
1007
965
947
927
924
980
874
930
905
1002
940
954
951
991
1008
991
1022
1020
1046
1011
970
1018
1028
978
981
1003
991
940
921
958
1020
972
1035
993
969
1012
1000
961
999
1050
997
944
1002
994
982
955
1005
990
997
1010
941
1041
987
984
1012
973
1000
1029
990
1031
1030
1034
1053
983
977
977
951
985
966
1035
1031
1013
994
1017
967
1029
997
1082
974
1030
1038
940
1002
1036
1016
962
975
1032
1015
990
1025
1015
993
999
1054
1005
1032
1030
970
1007
1048
1073
1034
1079
1041
1050
1054
1116
1040
1072
1095
1048
1009
1073
1033
1095
1072
1094
1142
1104
1015
1069
1047
1015
1060
1034
1033
1098
1079
1079
1078
1068
1085
1035
1118
1131
1072
1065
1077
1138
1092
1080
1071
1124
1086
1042
1111
1109
1139
1079
1112
1026
1069
1095
1074
1087
1104
1135
1086
1065
1056
1071
1107
1125
1122
1058
1123
1171
1064
1052
1011
1103
1050
1163
1119
1167
1109
1061
1056
1180
1108
1106
1147
1096
1066
1104
1140
1120
1064
1082
1122
1107
1084
1111
1141
1066
1043
1103
1134
1051
1065
1099
1148
1110
1123
1098
1088
1161
1062
1130
1089
1152
1078
1066
1123
1096
1125
1084
1141
1123
1142
1089
1111
1108
1173
1154
1125
1130
1131
1132
1122
1150
1070
1114
1122
1150
1146
1111
1084
1140
1157
1113
1092
1148
1123
1150
1190
1125
1149
1152
1136
1134
1136
1137
1146
1128
1134
1129
1109
1101
1080
1106
1100
1150
1121
1164
1076
1120
1152
1210
1156
1176
1124
1150
1187
1139
1149
1147
1137
1169
1143
1091
1134
1184
1099
1145
1154
1105
1160
1147
1111
1131
1139
1205
1140
1155
1159
1153
1067
1122
1115
1161
1158
1148
1174
1122
1150
1137
1177
1136
1111
1154
1145
1180
1097
1133
1138
1221
1175
1190
1208
1141
1257
1183
1212
1183
1139
1165
1126
1157
1141
1157
1159
1185
1222
1161
1078
1159
1154
1221
1190
1194
1172
1167
1124
1152
1208
1162
1168
1130
1160
1182
1180
1145
1210
1189
1193
1195
1200
1186
1166
1189
1207
1230
1179
1187
1165
1166
1236
1167
1207
1201
1147
1184
1175
1211
1192
1164
1266
1172
1180
1209
1199
1178
1185
1153
1153
1237
1234
1130
1315
1151
1181
1287
1174
1167
1200
1176
1189
1174
1166
1239
1230
1204
1226
1244
1217
1157
1168
1230
1265
1197
1243
1198
1235
1252
1231
1201
1197
1298
1278
1217
1308
1221
1248
1191
1235
1246
1217
1254
1253
1318
1251
1235
1223
1226
1256
1318
1304
1295
1289
1213
1260
1246
1233
1232
1224
1246
1202
1293
1281
1311
1335
1342
1298
1294
1319
1227
1343
1283
1254
1307
1275
1277
1340
1375
1343
1333
1203
1313
1329
1290
1292
1332
1315
1286
1277
1277
1378
1287
1365
1365
1387
1362
1369
1342
1314
1320
1329
1322
1324
1364
1343
1390
1301
1368
1422
1345
1393
1395
1359
1380
1332
1444
1358
1353
1408
1376
1395
1358
1382
1350
1391
1415
1508
1440
1443
1452
1447
1364
1409
1413
1433
1424
1435
1408
1408
1443
1423
1469
1409
1447
1383
1395
1493
1373
1432
1370
1351
1329
1362
1326
1346
1377
1326
1329
1294
1305
1215
1244
1307
1253
1177
1247
1180
1172
1155
1092
1108
1092
1067
1106
1090
1069
1052
1045
1060
984
983
980
1017
1013
990
944
976
864
974
936
931
936
962
912
921
861
974
891
896
826
890
872
874
845
871
860
847
861
883
822
852
832
823
830
889
827
840
748
820
777
793
820
785
828
841
795
809
817
805
769
833
760
732
757
806
748
827
760
797
761
779
764
775
731
779
739
766
733
716
767
736
746
732
723
747
689
716
766
728
729
710
680
683
680
733
735
712
648
716
692
667
679
609
640
641
647
668
669
669
633
670
649
665
638
666
640
627
627
677
615
628
626
682
606
643
604
645
602
603
620
555
600
623
567
631
623
578
618
617
574
569
601
559
619
592
606
576
584
541
585
583
630
572
576
561
601
573
601
592
536
566
561
587
540
547
583
554
535
555
555
586
550
589
529
529
561
531
531
531
567
530
529
514
530
575
513
553
533
487
569
528
511
516
484
493
487
514
475
511
538
531
534
528
496
528
500
548
514
512
532
477
464
559
499
486
485
422
492
509
550
545
502
478
535
490
510
464
459
516
464
519
480
488
487
520
477
464
525
489
494
519
494
507
467
463
504
471
497
456
484
477
480
502
472
529
476
459
454
488
496
521
486
452
473
488
475
466
482
458
520
477
483
532
483
466
498
467
458
468
478
472
482
467
551
460
462
457
433
492
472
449
483
457
456
480
434
467
481
473
452
466
474
440
452
457
478
468
484
418
471
450
458
520
429
472
466
457
460
436
463
433
464
458
456
432
454
460
418
437
474
465
446
479
456
478
454
443
466
471
473
448
449
466
445
436
445
407
472
452
454
485
448
450
462
442
432
458
425
424
457
435
413
462
448
471
460
465
440
449
411
448
427
445
456
433
444
437
452
472
454
453
427
443
412
443
478
500
473
435
465
379
422
436
454
488
456
470
437
432
460
465
431
444
446
444
427
431
426
490
464
454
406
460
510
466
491
465
533
525
598
707
980
1239
1934
2866
4461
6527
9127
12600
16456
19669
22500
23901
23951
22352
20074
16946
13624
10654
8206
6569
5247
4510
4045
3862
3808
3715
3598
3509
3332
3079
2767
2634
2334
2208
1843
1741
1539
1351
1183
1094
1044
920
871
782
798
703
683
585
565
556
509
489
468
461
460
436
446
402
378
376
392
337
388
371
344
349
382
356
377
344
377
351
374
342
356
367
362
346
358
319
331
389
359
338
350
356
355
339
331
328
333
330
329
324
338
364
342
323
350
317
339
346
358
329
327
316
321
299
334
319
334
335
315
350
311
301
355
320
348
330
308
319
343
328
350
325
322
320
330
342
328
293
320
306
316
321
337
296
316
324
326
309
306
359
326
317
304
310
328
310
306
305
321
314
333
324
297
297
269
308
305
325
263
336
321
290
295
311
270
282
312
301
275
304
293
318
312
310
307
332
331
299
293
303
301
311
286
302
339
279
305
304
322
303
324
306
305
311
315
286
326
280
321
323
283
312
300
278
319
307
266
341
304
285
289
317
291
319
312
296
294
285
289
287
310
279
255
306
321
275
320
307
289
293
323
289
302
269
251
315
299
264
272
284
297
257
297
276
290
314
296
305
268
313
288
264
278
303
270
266
260
281
290
290
295
258
292
264
273
264
282
277
272
270
300
248
262
275
266
268
306
283
280
270
278
291
279
274
270
300
270
303
268
281
287
265
279
301
284
301
303
279
258
295
242
262
294
293
244
297
281
279
267
277
302
283
273
280
260
269
280
264
261
264
276
290
250
271
276
239
275
276
272
252
262
260
297
258
287
293
275
258
273
284
263
282
256
303
295
269
291
290
290
268
258
258
284
272
275
244
308
261
283
278
279
290
277
260
263
285
267
292
258
272
270
277
242
273
273
268
266
303
264
247
267
255
250
269
269
286
288
290
257
268
283
264
289
256
264
269
274
275
269
247
275
277
251
263
258
251
295
254
262
258
245
263
274
243
273
245
240
258
280
261
239
274
274
288
274
276
255
266
239
250
242
244
261
265
247
281
258
245
288
281
265
245
249
271
249
257
264
274
252
255
268
251
250
236
262
268
276
243
258
263
245
264
243
240
256
265
247
262
306
249
270
273
260
265
253
251
249
269
273
265
246
267
220
274
237
263
262
267
257
243
256
279
226
265
247
240
238
257
245
249
281
253
273
254
262
241
222
274
251
252
268
260
275
241
268
250
246
274
262
248
260
266
239
260
234
262
261
236
251
248
247
279
266
266
257
263
269
251
247
260
275
247
249
236
263
262
241
256
242
264
270
265
240
270
265
270
265
255
266
263
261
258
251
247
292
288
238
232
251
261
236
241
263
275
245
262
246
251
237
256
274
253
268
266
247
258
265
246
245
243
247
267
269
242
273
228
235
259
237
256
272
256
260
280
229
262
270
237
257
263
249
272
240
251
232
268
236
230
249
279
258
276
271
268
245
255
234
262
271
265
245
278
246
265
246
270
265
248
250
221
269
271
264
249
257
256
277
267
266
238
259
239
243
248
249
242
256
240
255
248
280
293
290
287
260
273
284
255
263
259
264
243
293
232
295
239
248
254
267
248
269
275
270
286
277
242
267
249
274
245
243
228
247
227
249
226
248
268
248
272
261
263
263
248
275
231
264
253
259
259
243
252
249
254
259
227
235
268
238
234
252
265
279
231
268
253
279
249
254
236
273
262
236
258
235
263
297
244
255
250
269
247
233
254
252
248
247
296
259
246
250
288
289
288
239
282
255
267
249
259
228
250
256
271
243
263
249
255
266
230
272
261
254
248
244
259
266
250
272
255
256
257
233
236
275
262
264
254
285
248
261
237
275
239
234
261
274
248
260
281
265
268
266
254
251
264
246
291
273
262
253
242
269
265
280
269
260
250
233
251
235
270
297
244
286
245
270
226
249
267
260
259
255
259
255
249
240
247
255
268
236
275
240
262
296
263
258
259
245
247
258
278
258
266
225
242
283
260
250
275
231
223
266
238
274
231
262
263
228
247
257
251
274
229
274
269
274
284
282
250
249
246
270
247
236
281
242
257
252
259
249
252
272
260
264
271
291
239
244
271
272
243
258
244
248
255
243
258
256
277
249
261
290
265
258
249
253
251
279
263
234
255
220
251
233
251
256
262
233
236
250
263
234
247
265
286
277
241
239
234
273
230
258
254
264
260
250
289
240
265
285
278
268
273
266
224
240
287
262
252
297
278
261
286
253
248
264
257
236
268
264
252
246
268
272
266
256
250
279
269
270
254
289
277
267
251
252
275
234
272
287
285
273
253
256
255
276
278
269
273
265
289
260
234
293
256
244
283
286
287
317
278
243
262
291
276
285
284
252
278
272
259
264
258
260
255
259
263
295
305
291
292
262
262
273
233
298
262
265
254
255
243
259
282
263
262
286
303
266
274
292
299
306
295
291
262
304
261
263
297
266
258
289
279
273
253
289
281
281
256
280
308
274
298
276
264
264
290
274
278
312
260
285
281
300
279
283
281
298
289
308
299
315
287
285
288
310
310
284
289
304
271
304
263
313
283
277
276
304
288
288
291
312
282
286
291
277
285
309
316
328
248
290
292
280
303
302
291
300
311
290
290
274
298
293
312
281
295
293
297
292
302
257
307
303
291
294
295
290
280
328
304
310
309
294
276
298
286
275
289
305
322
291
296
277
319
307
319
305
309
276
326
285
318
276
299
300
305
322
319
304
321
299
330
310
293
337
327
288
289
307
330
270
320
312
324
293
301
309
343
316
310
288
316
334
310
288
300
335
331
307
315
308
336
331
329
319
300
358
323
368
299
322
317
329
355
307
304
330
304
326
334
325
348
330
328
328
329
365
347
330
329
328
354
325
317
345
346
362
378
325
329
325
363
325
311
351
347
336
321
344
307
346
327
314
337
342
345
362
350
361
297
368
346
348
352
351
353
360
347
375
365
340
363
348
354
344
341
372
356
330
381
368
383
338
362
384
356
374
346
341
343
383
391
392
354
350
378
395
367
403
359
327
389
371
345
384
388
399
379
386
380
378
386
381
384
420
410
391
386
367
367
389
424
346
358
366
413
361
400
361
379
383
387
367
386
394
387
408
416
395
388
387
389
359
367
402
371
381
416
367
370
373
427
398
404
362
379
354
402
375
366
383
376
390
391
393
379
420
400
413
377
375
427
421
390
396
414
415
392
379
396
387
411
408
393
394
360
379
410
418
388
381
423
425
395
413
424
395
434
404
391
375
410
410
427
376
378
400
380
378
383
376
377
411
432
400
388
382
376
348
366
346
366
364
358
321
351
371
333
324
317
314
280
315
291
297
305
313
326
294
303
280
264
284
279
271
296
271
294
258
260
282
252
274
272
274
252
266
293
277
272
224
257
252
246
268
264
257
250
234
288
244
246
290
254
259
261
255
256
264
233
264
235
245
245
239
266
252
261
254
257
271
244
254
261
233
252
248
218
245
249
222
232
241
250
231
245
258
224
250
208
253
216
240
251
220
248
242
238
208
236
249
202
228
267
217
234
251
226
230
220
205
228
222
237
256
213
209
207
212
231
209
215
225
219
205
207
198
246
225
225
208
197
224
180
215
194
218
232
228
186
190
192
221
232
186
197
213
210
200
191
201
194
197
218
185
209
203
206
223
211
205
214
184
187
190
190
212
179
176
189
176
222
196
196
206
179
188
190
181
177
178
224
162
185
197
183
197
180
181
175
228
194
182
174
175
180
176
208
157
182
162
172
190
175
158
161
170
163
158
179
155
148
169
164
150
163
157
172
156
158
150
148
164
170
169
157
169
165
157
147
161
123
137
153
146
165
135
153
173
141
158
137
147
134
138
150
144
142
140
137
135
125
148
150
145
151
141
138
143
133
132
132
129
137
125
135
121
156
148
126
137
126
113
126
161
140
121
124
133
122
125
123
142
106
149
114
113
136
124
125
118
122
127
130
107
135
117
114
115
112
111
124
110
124
127
125
102
129
118
102
119
131
111
113
126
97
98
116
102
108
122
109
113
117
95
96
105
113
98
109
102
106
122
120
107
101
95
121
116
110
103
109
115
93
114
97
84
88
101
99
115
104
94
109
114
92
98
91
86
96
92
110
100
120
117
109
100
112
91
80
86
115
94
101
103
101
91
98
94
92
102
105
91
106
98
100
97
99
83
100
89
98
102
86
82
96
105
66
91
102
92
109
93
89
104
100
91
104
80
98
98
103
102
102
104
96
96
94
112
110
98
91
90
84
71
95
94
90
77
84
100
90
93
98
110
97
89
85
90
106
100
94
99
99
81
109
97
93
93
86
111
88
78
93
92
104
87
63
83
89
84
104
96
102
114
97
94
95
91
110
93
85
125
85
93
78
81
94
85
93
85
101
86
95
90
97
94
79
78
100
97
83
74
76
87
78
91
103
78
81
96
88
88
83
84
95
98
96
96
92
85
100
74
91
85
86
91
84
74
101
82
98
91
93
73
88
80
108
79
98
79
77
102
101
90
95
96
95
114
105
122
138
172
310
557
1002
1716
2746
4032
5537
7032
8073
8422
8111
7264
5623
4219
3080
2113
1564
1306
1181
1064
1051
1106
1042
1144
1074
1055
969
836
782
734
650
589
486
432
403
376
325
298
278
259
248
230
209
192
185
167
150
164
140
143
130
145
125
153
110
117
118
113
132
108
113
109
100
99
94
94
95
96
128
114
106
114
113
119
103
113
95
111
125
101
111
99
95
96
89
76
91
98
103
100
101
92
99
79
110
104
90
95
94
100
100
91
88
94
101
93
82
98
88
88
112
101
85
84
91
98
90
79
78
79
71
79
77
66
88
101
83
81
81
99
77
94
72
74
98
85
85
88
80
102
87
64
75
88
71
93
79
77
82
84
77
90
56
58
70
68
85
72
91
82
69
88
73
84
89
71
73
82
73
79
91
68
70
86
74
71
91
100
90
79
71
82
83
77
85
89
75
73
70
81
98
68
94
85
88
74
71
99
82
81
78
90
61
68
99
74
88
71
83
78
59
68
80
94
69
89
75
83
79
78
77
77
83
74
84
70
85
92
88
69
79
88
71
83
65
87
62
81
70
63
78
70
69
70
78
89
68
79
84
74
75
86
79
70
81
83
73
63
77
83
88
78
70
75
66
80
60
66
70
85
88
66
75
60
60
71
73
78
82
73
80
69
72
50
95
72
53
62
80
75
68
61
67
80
80
62
65
65
75
79
64
51
55
83
78
62
65
68
72
64
74
85
62
81
62
71
73
62
61
74
85
57
70
71
75
76
60
54
67
102
56
58
54
64
56
72
75
72
71
64
61
63
55
74
60
68
60
42
67
71
63
65
68
57
48
71
79
71
74
79
69
64
54
67
67
70
73
70
69
61
62
62
59
55
51
51
48
68
67
58
71
61
60
46
66
60
59
61
62
62
51
64
65
61
56
65
72
58
59
57
66
61
60
65
63
64
52
66
48
59
61
63
52
60
52
72
67
67
61
71
68
61
68
53
62
63
59
70
60
55
55
61
58
63
66
51
71
58
65
47
49
64
47
64
58
62
61
61
50
67
63
54
73
53
62
72
63
66
52
63
59
69
58
61
57
49
70
59
73
62
68
58
57
49
59
61
66
64
58
58
45
50
62
52
54
70
58
42
46
60
65
63
46
53
67
58
58
70
67
55
56
68
57
55
56
52
68
46
48
55
60
58
58
72
63
71
58
63
67
58
54
62
50
57
50
44
58
56
45
51
51
67
62
66
47
49
51
54
61
55
49
39
52
59
43
52
58
47
49
54
45
58
56
56
54
59
50
50
40
47
54
46
66
46
38
49
45
48
52
59
51
44
56
91
43
70
41
63
57
43
38
46
42
65
52
55
44
71
53
51
56
42
61
40
50
59
54
52
62
47
41
50
55
53
61
44
51
56
54
58
33
63
49
59
61
54
55
53
49
53
62
55
59
65
42
62
48
59
45
44
65
59
50
58
54
55
41
37
49
42
55
43
50
55
46
47
61
67
42
61
54
47
39
50
61
36
63
56
61
53
60
58
64
62
59
39
41
62
53
44
54
45
54
51
53
43
52
53
53
51
46
52
44
57
48
60
52
45
59
49
55
56
49
48
57
55
62
58
53
48
42
42
45
50
50
46
50
44
50
42
61
42
44
54
55
57
42
38
63
62
43
50
44
49
43
47
43
41
55
58
45
39
39
52
58
50
51
46
43
50
53
41
50
52
58
55
58
51
44
57
46
37
48
41
46
45
52
38
51
48
43
48
44
45
40
54
38
37
40
51
48
40
28
38
43
41
41
45
48
32
56
39
51
65
42
46
36
49
47
52
50
39
49
47
52
39
47
42
46
50
41
42
58
37
39
48
52
45
62
46
49
30
49
51
42
30
30
37
38
50
44
34
38
45
46
35
38
43
47
46
40
51
38
39
49
47
46
43
39
47
33
41
39
47
40
48
46
45
57
32
41
54
42
37
37
42
39
48
37
44
34
30
46
41
41
36
29
29
35
46
36
50
43
40
28
37
39
48
39
26
32
40
43
35
41
31
37
38
45
40
28
32
33
35
28
34
40
40
33
38
37
30
28
36
40
30
41
31
32
37
36
28
34
28
27
25
35
31
27
30
25
38
23
23
36
25
30
38
27
33
31
20
33
34
38
20
41
27
38
32
33
29
26
30
36
28
23
27
23
37
36
32
24
30
30
26
31
23
35
30
27
17
21
36
22
34
22
24
34
25
38
35
21
27
22
26
19
27
25
32
42
27
34
35
20
39
30
22
25
28
30
31
25
19
28
29
19
13
16
23
24
23
22
20
28
17
22
23
25
26
30
31
22
23
26
31
19
24
28
28
27
19
27
25
23
24
23
19
23
26
18
28
20
21
29
33
33
28
17
27
29
24
22
29
21
25
22
26
26
22
20
28
21
25
26
20
23
28
22
20
19
22
28
24
22
30
19
24
23
25
19
19
24
18
28
29
19
29
18
18
22
24
27
19
20
16
15
20
14
21
30
10
29
22
21
14
17
22
22
25
27
20
12
18
21
24
19
13
22
25
22
23
26
13
10
28
23
20
17
18
27
17
18
23
19
22
12
26
17
24
22
23
23
20
20
22
12
20
22
33
20
24
26
19
12
21
19
15
21
31
25
13
18
15
30
19
17
18
23
20
16
24
20
24
18
14
29
22
18
18
24
16
20
21
17
19
21
18
19
22
20
27
22
26
18
21
22
20
25
28
20
20
15
14
18
25
27
20
22
20
20
19
20
26
23
16
17
15
22
19
16
16
25
19
16
18
14
18
25
18
19
15
18
14
8
31
20
10
20
18
18
20
30
24
16
6
30
18
27
17
22
24
20
19
22
14
27
24
10
19
21
19
11
23
10
21
27
15
22
14
23
16
16
25
19
21
23
18
23
22
17
23
19
18
16
23
20
31
24
21
18
21
15
13
21
16
18
27
19
20
19
29
21
31
18
26
19
23
18
27
16
21
29
20
22
20
19
19
27
32
18
26
28
28
23
19
22
26
31
39
38
47
57
68
93
123
135
196
183
179
220
229
207
166
149
122
107
86
72
72
71
43
49
57
46
33
36
30
33
32
34
27
19
26
23
31
24
16
11
18
24
23
13
10
17
9
16
11
11
15
21
19
18
13
17
11
5
12
11
13
11
16
16
9
16
9
10
10
18
17
11
7
10
13
13
12
14
13
12
10
10
15
11
11
10
10
13
8
10
20
11
11
8
13
5
16
15
11
8
11
9
8
14
8
7
10
14
9
9
16
14
4
11
14
7
10
10
10
7
10
9
10
15
16
12
13
14
6
16
12
4
7
13
10
7
10
14
10
15
12
11
7
9
8
13
9
9
8
10
12
6
8
12
13
13
12
12
8
7
9
7
9
14
10
14
18
10
9
14
12
6
14
10
8
11
14
13
11
8
10
8
10
11
10
6
13
4
8
8
12
11
3
13
13
10
8
9
12
8
12
8
11
12
10
10
10
7
8
7
9
9
7
8
16
6
1
12
8
6
9
17
10
14
8
13
10
9
10
12
11
10
7
11
8
10
6
7
11
9
11
12
13
10
7
8
6
10
6
9
12
6
7
7
7
2
6
8
7
10
9
12
15
13
9
9
9
10
7
9
12
6
10
12
12
7
6
7
12
6
9
8
10
9
10
7
7
11
8
7
7
5
7
6
8
14
11
8
11
10
9
9
8
13
6
14
12
4
14
8
8
10
9
7
9
8
6
6
7
9
7
10
7
7
13
7
12
17
9
9
12
9
8
8
6
11
11
9
7
12
7
7
6
8
5
4
7
6
9
10
7
9
5
5
6
7
11
10
10
10
4
6
7
5
11
8
9
11
6
7
11
10
12
5
10
8
16
6
11
12
8
5
9
8
13
8
5
9
9
10
4
8
9
11
7
10
12
16
10
8
5
11
8
5
5
6
12
7
6
6
6
8
9
10
8
10
9
7
11
6
8
4
9
8
9
4
5
14
10
12
7
5
8
11
6
7
7
10
2
7
7
5
8
6
10
10
6
3
12
7
12
4
16
7
4
2
6
11
5
9
8
8
5
6
6
1
6
8
9
2
12
4
11
5
3
7
15
7
8
4
7
9
8
14
11
9
13
9
7
7
4
5
9
6
5
13
6
8
7
6
8
12
9
8
4
3
9
4
4
1
7
5
4
6
6
8
8
9
10
6
9
10
8
10
9
6
7
9
9
7
5
4
7
2
7
7
3
6
6
4
6
2
4
5
10
13
9
7
8
9
4
8
4
6
9
6
7
6
4
9
5
7
8
9
7
12
4
10
9
8
7
8
5
6
4
4
14
9
8
8
3
6
8
6
8
2
7
4
9
5
2
5
5
6
9
9
7
6
3
6
7
6
10
6
9
10
4
5
7
5
9
11
7
4
13
3
10
9
4
5
10
11
9
11
7
5
7
9
5
5
6
5
5
2
9
3
5
3
6
2
5
6
6
7
6
5
5
5
8
4
8
2
4
6
6
3
12
9
2
2
4
7
11
4
3
6
5
6
5
4
4
3
3
6
6
11
7
8
3
2
3
7
5
2
10
7
8
7
9
10
7
0
4
8
6
8
4
5
8
2
6
6
6
9
9
10
3
4
5
4
10
6
10
5
7
4
3
5
7
5
4
2
6
9
11
5
4
4
4
5
2
6
2
4
10
2
7
4
9
2
4
1
3
7
4
10
6
5
1
9
7
7
4
9
7
4
3
5
3
3
9
6
3
7
6
4
8
6
10
8
5
5
7
3
5
8
5
6
7
8
5
7
4
10
4
2
3
6
7
4
6
4
3
6
7
5
5
3
8
5
4
9
4
9
7
2
4
5
6
3
1
8
8
2
7
6
7
4
5
5
2
5
4
6
4
8
5
9
8
8
5
4
3
8
6
5
5
7
6
5
3
3
4
5
5
5
4
3
3
5
7
3
2
5
3
3
2
10
4
2
5
3
2
6
3
2
8
4
5
7
6
4
6
3
5
4
3
8
8
3
3
5
1
6
8
4
5
5
2
7
7
5
4
6
5
7
7
5
6
5
9
6
5
3
8
3
2
3
3
3
3
2
5
5
8
3
6
4
3
2
5
4
6
4
7
3
3
3
4
2
5
5
3
1
3
5
6
8
4
2
3
1
5
7
6
5
3
2
8
2
5
7
7
5
3
2
2
6
6
5
3
3
5
4
3
3
5
5
1
3
3
4
6
5
8
4
4
2
2
3
6
5
8
6
4
4
2
3
3
6
5
5
6
6
2
1
7
2
7
1
4
2
5
4
4
4
3
3
3
4
7
4
2
2
3
5
3
4
4
10
2
5
3
7
3
6
5
4
4
5
11
1
5
2
3
2
5
4
1
3
3
6
7
3
4
6
3
6
4
3
3
4
6
3
4
5
4
5
2
4
2
10
4
6
5
4
5
3
3
4
4
5
2
5
5
1
4
3
6
2
3
6
4
3
5
2
4
1
5
3
3
5
2
6
4
2
3
3
3
4
7
4
2
4
5
5
1
3
0
7
4
3
6
4
4
2
3
6
6
4
4
1
5
5
3
4
2
6
3
3
5
6
5
4
3
1
7
6
5
4
1
4
1
3
6
4
3
4
5
3
3
2
6
1
6
2
7
5
3
4
4
5
4
3
2
2
5
1
7
5
1
6
2
5
3
2
2
4
4
4
4
3
4
4
2
2
1
2
2
3
2
2
5
3
2
4
2
3
4
4
2
9
3
3
5
4
2
4
4
5
2
1
2
5
3
5
7
7
4
6
5
3
7
1
4
1
5
4
2
4
2
1
3
4
2
1
2
2
2
8
4
6
0
4
2
2
3
4
4
4
3
2
6
3
1
3
5
3
3
3
5
4
5
4
5
3
2
4
1
4
1
7
5
5
5
4
1
3
7
2
5
2
6
3
3
2
3
4
3
1
6
3
3
0
5
1
3
6
2
3
2
8
3
2
4
1
3
2
2
1
1
2
6
6
4
2
5
3
2
2
6
9
4
4
5
5
2
6
3
5
2
3
4
1
3
2
6
4
1
1
5
1
2
6
5
2
4
5
3
2
3
3
1
4
2
1
2
1
1
4
0
2
3
2
3
0
5
2
3
5
1
3
6
4
3
3
3
2
3
1
4
2
5
5
2
2
4
5
5
2
4
2
3
1
3
3
5
2
3
2
2
1
2
4
4
1
5
3
2
4
2
3
3
3
0
1
2
3
5
3
1
1
3
2
3
1
2
2
2
4
2
1
5
1
3
6
2
5
1
1
3
6
1
5
0
1
2
1
3
4
1
3
1
3
1
2
4
4
4
5
3
3
3
3
4
2
3
2
4
1
1
3
4
3
5
4
2
3
3
2
3
1
1
3
6
2
3
0
0
2
1
3
4
0
3
4
2
3
2
3
6
0
5
4
3
1
2
2
2
1
5
3
5
1
0
1
1
0
3
4
2
2
1
0
5
0
1
2
0
2
0
3
4
5
1
0
2
1
3
1
2
1
1
1
2
2
3
0
1
3
1
3
2
0
0
0
2
3
4
2
0
0
0
3
3
0
4
3
2
1
2
1
3
6
0
1
2
0
4
1
2
2
2
3
2
2
1
0
1
4
1
2
2
0
1
1
1
3
4
3
2
1
3
1
0
4
1
2
0
2
2
4
1
2
3
2
2
0
3
2
3
5
2
0
4
4
2
3
0
3
3
0
0
3
3
0
4
1
2
3
1
1
2
1
3
1
1
1
1
3
2
2
1
1
2
1
3
3
1
1
2
3
1
1
1
2
0
3
4
3
0
3
0
3
0
4
3
4
3
0
3
2
0
3
0
0
1
0
1
1
2
2
2
4
2
4
5
0
0
4
1
4
0
1
1
1
2
4
1
1
0
2
3
1
1
2
4
2
0
3
1
1
1
2
0
1
1
1
2
0
2
1
3
1
0
2
5
3
1
1
0
2
0
2
0
1
0
1
0
3
2
2
2
1
4
3
2
0
1
2
2
1
0
4
2
5
2
2
2
4
1
0
1
1
1
1
0
3
0
2
2
2
4
0
1
0
1
1
1
0
2
0
1
1
2
4
2
1
2
3
2
4
4
3
3
1
4
1
3
0
0
0
1
0
1
1
0
2
1
1
2
2
0
3
3
0
2
0
1
3
1
1
1
3
3
1
0
0
1
1
2
2
2
1
0
0
1
4
1
2
2
0
0
0
3
3
2
1
1
0
4
1
0
1
3
2
3
2
1
0
1
0
0
3
0
2
3
0
3
0
0
1
0
1
2
2
1
1
1
1
0
1
3
1
1
1
2
2
0
2
2
1
0
1
2
0
1
1
4
0
2
2
0
3
3
0
1
4
1
1
0
0
5
0
4
0
2
1
2
5
2
1
2
3
0
2
0
1
1
2
1
0
0
3
4
2
2
1
2
1
1
0
4
2
1
3
2
3
5
3
4
3
1
3
4
0
2
2
1
1
4
3
5
4
3
0
0
2
5
4
3
1
3
2
3
1
2
4
2
1
1
2
1
0
3
0
0
2
1
0
1
3
0
0
1
1
0
0
1
0
1
2
2
0
0
1
1
0
1
1
2
0
1
1
1
1
0
1
0
0
0
0
0
3
0
0
1
3
1
0
2
0
1
1
2
0
1
3
2
0
0
0
2
1
1
1
0
2
0
2
0
1
0
2
1
1
2
1
0
0
1
1
1
1
0
0
0
0
1
1
1
1
1
0
0
2
1
0
0
1
1
2
0
1
1
1
0
0
4
2
0
0
0
3
0
2
1
0
1
0
1
1
1
0
2
0
4
0
1
0
1
2
0
4
0
1
0
1
0
1
0
1
0
1
0
0
0
1
0
0
2
0
1
0
0
0
1
3
2
1
3
1
2
1
2
1
0
2
1
3
1
1
2
1
0
2
1
1
0
1
0
1
1
0
1
0
0
0
0
1
0
1
2
0
1
1
0
1
1
0
2
1
1
1
1
1
0
1
0
1
1
0
1
1
0
0
0
0
0
1
0
0
1
1
1
1
2
0
0
0
0
0
1
0
0
0
1
0
0
0
0
2
2
1
1
1
2
2
1
1
2
2
1
1
0
1
1
1
1
0
0
2
0
1
0
1
0
0
0
0
0
2
0
0
0
1
0
0
0
0
1
2
0
0
1
0
2
1
0
0
0
0
1
0
0
0
1
1
1
0
1
0
1
0
0
0
1
0
0
1
0
1
0
0
1
1
0
1
2
0
0
1
0
0
0
1
1
0
0
0
0
1
2
1
0
0
1
0
0
1
0
0
0
1
1
1
0
0
1
0
1
0
0
1
0
0
0
0
1
1
1
2
0
0
1
0
0
0
0
0
0
1
0
0
0
0
0
0
0
2
0
0
2
1
0
1
1
0
1
0
1
0
1
1
0
2
0
2
1
0
2
1
1
0
0
0
2
0
0
0
0
2
1
0
0
0
1
0
0
0
0
0
0
0
0
0
0
0
0
1
0
0
1
0
0
0
1
0
0
1
0
0
0
0
1
0
1
0
0
0
1
0
2
0
2
0
0
0
0
0
0
0
0
1
0
1
1
2
0
0
0
1
0
1
0
1
2
1
0
0
0
1
0
0
0
0
1
1
0
2
1
0
0
0
0
0
0
0
0
0
1
0
1
1
0
2
0
0
1
0
0
0
0
2
0
0
2
1
1
0
1
1
0
0
0
0
1
1
0
0
0
0
2
0
1
0
0
2
2
0
0
0
1
0
0
0
1
0
0
1
0
1
1
1
2
0
0
0
1
1
1
1
0
0
1
2
1
1
1
1
0
0
1
1
0
0
1
0
0
1
1
0
0
1
0
1
1
0
0
0
0
0
0
0
0
0
0
0
0
0
0
0
1
0
0
1
0
1
0
0
0
0
2
1
0
1
1
0
0
0
0
0
0
0
0
1
1
0
0
0
0
1
0
1
0
0
0
0
0
0
0
1
0
1
0
0
1
0
0
0
0
1
0
0
0
0
1
0
1
0
0
0
0
0
0
0
2
0
1
0
1
1
0
0
1
0
1
0
1
0
1
0
1
1
0
0
0
0
0
0
1
0
0
0
0
1
0
0
1
0
0
1
2
0
0
1
0
1
0
0
0
1
0
1
0
3
1
1
0
0
0
0
0
0
0
0
0
0
0
0
0
1
0
1
0
0
0
1
0
0
0
1
1
0
1
0
0
0
0
1
0
0
0
1
1
0
2
1
0
0
0
1
0
0
0
0
0
1
0
1
1
1
1
0
1
0
1
0
1
0
0
0
0
0
1
0
0
0
2
0
2
0
0
0
0
0
0
1
0
0
1
0
1
0
0
1
0
1
1
0
1
0
0
0
0
1
0
0
0
0
0
0
0
0
0
0
0
0
0
0
0
0
2
0
0
1
0
0
1
0
0
0
0
0
0
1
0
0
0
0
0
0
0
0
0
1
0
1
0
1
0
0
2
1
0
1
0
0
0
1
0
0
1
0
0
0
0
0
1
1
0
1
0
0
0
0
2
0
0
0
0
0
0
0
1
0
0
0
0
0
1
0
0
0
0
0
0
0
0
1
0
0
0
1
0
0
1
0
0
0
0
0
0
0
0
1
0
0
0
0
0
0
0
2
0
0
0
1
0
1
0
0
0
0
1
0
0
0
1
0
0
0
0
0
0
0
0
0
1
1
1
0
0
0
1
0
0
0
0
1
0
0
0
0
0
0
0
0
0
0
0
0
0
0
0
1
1
1
0
0
0
0
0
0
0
0
0
0
0
0
0
0
0
1
0
0
0
0
0
1
1
0
0
1
1
0
1
0
0
0
1
0
1
0
0
0
0
2
1
1
0
0
0
0
0
0
0
0
0
0
0
0
0
0
0
1
0
0
0
0
0
0
0
0
0
0
0
0
0
0
0
0
0
2
0
0
1
0
0
2
1
1
0
1
0
0
0
0
0
0
1
0
0
0
0
0
0
1
0
0
0
1
0
0
0
0
0
0
0
0
0
0
0
0
0
0
0
0
0
1
0
0
0
1
1
1
0
1
0
1
1
0
0
0
0
0
0
0
0
0
0
1
0
0
0
0
0
0
0
0
0
0
0
0
0
0
0
1
0
0
0
0
0
0
0
0
0
0
0
0
0
0
0
0
0
0
0
0
0
0
0
0
0
1
0
0
0
0
0
0
0
0
0
0
0
0
1
0
0
0
0
1
0
0
0
0
1
0
0
0
0
0
0
0
0
0
0
0
0
0
1
0
0
0
0
0
0
0
0
0
0
0
0
1
0
0
0
0
0
0
0
0
0
1
0
0
1
1
2
1
0
0
0
0
0
0
0
0
0
0
0
1
0
0
0
1
0
0
0
0
0
0
0
0
0
0
0
1
0
0
0
1
1
0
0
0
0
0
0
0
0
0
0
0
0
0
0
0
0
0
0
0
0
0
0
0
1
0
0
0
1
0
0
0
0
0
0
0
0
1
0
0
0
0
0
0
0
0
0
1
0
0
0
2
0
0
0
0
0
0
0
0
0
1
0
0
0
0
0
0
0
0
0
0
0
0
0
0
0
0
0
0
0
0
0
0
0
0
0
1
0
0
0
0
0
0
0
0
0
0
0
0
0
0
0
0
1
0
0
0
0
0
0
1
0
0
0
0
0
1
0
0
0
1
0
0
0
1
0
0
1
1
0
0
0
0
0
0
0
0
0
0
0
0
1
0
0
0
0
0
0
0
0
0
0
0
0
1
0
0
0
0
0
0
0
0
0
0
0
0
0
0
1
0
0
0
0
0
0
0
0
0
0
0
0
0
0
0
0
0
0
0
0
0
0
0
0
0
1
0
0
1
0
0
0
0
0
0
0
0
1
0
0
0
0
0
0
0
0
0
0
0
0
0
0
0
0
0
0
0
0
0
0
0
1
0
0
0
0
1
0
0
0
1
0
0
0
0
0
0
0
0
0
0
1
0
0
0
1
0
0
0
0
0
0
1
0
0
0
0
0
5
11
6
2
3
6
7
10
9
4
11
6
11
3
8
9
13
12
5
6
5
7
8
10
6
4
6
10
5
5
7
10
4
6
8
6
5
6
8
7
7
5
4
11
4
5
10
12
6
3
8
14
7
4
10
4
8
3
1
4
8
5
8
7
8
8
6
7
9
11
5
4
10
7
9
8
6
8
5
7
6
10
8
8
8
8
8
7
3
3
6
8
4
9
8
9
7
6
6
5
6
5
4
8
8
4
5
9
7
7
4
8
6
3
4
5
10
7
15
6
6
6
4
6
1
7
7
5