0
0
0
0
0
0
0
0
0
0
0
0
0
0
0
0
0
0
0
0
0
0
0
0
0
0
0
0
0
0
0
0
0
0
0
0
0
0
0
0
0
0
0
0
0
0
0
0
0
3
2
2
4
11
10
10
23
20
25
19
26
33
31
42
55
45
41
55
46
46
48
49
52
63
48
51
68
56
66
73
70
84
77
85
80
89
123
120
120
120
163
158
194
199
251
263
304
339
400
456
502
628
691
880
967
1150
1386
1575
1492
1055
721
583
466
396
319
280
277
315
296
284
343
326
395
326
353
357
340
355
360
372
397
388
421
471
489
491
521
584
610
595
633
662
610
510
466
426
315
326
288
309
304
298
343
332
319
379
391
445
436
422
428
466
460
442
431
390
361
310
286
303
271
280
270
323
342
377
365
462
382
415
433
403
410
361
346
308
288
264
281
302
298
333
335
381
385
388
390
405
382
370
323
327
299
284
333
331
361
344
393
406
389
371
408
356
382
369
350
322
341
338
344
323
326
335
327
344
384
367
399
368
358
390
361
354
376
354
330
327
342
346
316
356
355
350
354
327
376
364
341
378
368
361
364
356
373
336
370
324
372
349
340
371
371
354
357
316
342
315
367
341
373
344
357
371
353
341
356
353
345
334
358
367
371
343
377
360
350
338
360
327
368
346
355
351
322
372
373
344
353
327
322
358
342
374
370
350
342
357
404
346
353
353
353
349
379
383
352
336
338
317
381
369
373
372
401
331
369
335
336
326
364
369
347
355
353
352
372
329
345
380
382
376
338
375
392
393
358
367
340
371
392
369
365
374
371
365
410
398
388
387
413
384
411
380
389
395
396
359
393
382
382
385
413
365
351
361
390
336
371
404
351
406
371
378
374
386
354
356
378
372
427
372
361
407
352
384
396
347
387
383
357
413
399
350
366
398
378
408
366
396
380
370
370
376
375
340
376
326
377
396
378
346
369
336
394
376
360
385
396
348
347
408
416
358
386
376
350
399
363
353
370
354
321
388
395
382
378
391
336
370
404
362
353
366
390
351
391
396
390
360
385
374
379
381
392
362
398
397
383
372
374
377
401
395
387
430
398
353
413
401
415
366
375
394
388
404
403
388
396
369
392
405
374
396
366
386
341
376
365
385
376
374
338
394
346
337
425
408
409
385
388
383
352
386
372
355
409
407
378
382
374
382
382
394
390
382
367
418
392
401
369
377
353
357
336
368
349
381
410
360
379
400
375
342
368
378
389
406
353
372
380
345
375
391
402
356
384
391
386
385
372
363
386
358
375
390
366
368
340
394
357
401
389
395
395
386
409
399
402
381
387
381
397
381
322
357
396
360
373
356
359
424
375
386
365
365
349
357
356
376
392
395
380
383
369
375
387
347
397
422
392
381
388
410
363
427
385
372
378
384
364
368
359
380
360
376
371
375
397
390
363
377
392
421
385
418
394
389
383
405
373
373
401
393
366
384
380
396
398
387
384
403
353
392
391
426
386
406
398
403
401
411
396
404
363
408
412
364
403
387
361
374
396
366
393
400
390
388
412
372
418
408
370
401
384
401
397
374
364
408
393
397
383
384
393
402
407
373
393
388
394
357
356
407
408
430
388
409
379
409
377
380
436
393
370
432
428
415
365
396
413
438
373
401
389
396
420
402
427
440
409
399
421
398
395
398
403
405
416
412
404
406
395
410
411
354
412
407
404
362
404
455
425
378
441
405
416
409
412
448
388
385
370
448
426
456
421
436
379
409
437
429
411
412
395
410
401
399
412
375
392
398
416
447
407
403
413
428
386
428
370
391
392
387
404
407
381
402
355
381
391
412
400
364
381
363
394
359
367
317
364
393
335
353
326
346
316
339
333
354
334
312
335
307
348
299
305
308
334
317
281
310
322
297
318
329
321
319
300
312
298
320
312
316
305
292
345
276
278
286
316
294
288
249
304
278
294
279
278
291
318
268
270
292
305
299
313
276
302
270
284
279
302
312
274
263
308
276
243
272
290
263
295
264
296
275
227
275
266
311
243
257
277
265
270
268
283
265
268
266
273
259
267
225
274
268
252
244
231
233
222
259
273
231
269
255
273
259
249
294
256
285
255
243
278
262
275
279
255
230
272
249
240
242
268
261
295
268
264
244
264
271
234
273
262
262
273
233
245
258
236
229
263
238
242
247
252
278
259
256
253
221
276
235
210
231
236
247
214
236
264
239
226
228
247
205
219
225
242
259
258
233
213
224
257
229
258
249
253
256
239
237
226
243
250
220
234
205
218
233
222
256
231
240
223
271
231
232
220
221
239
243
217
228
233
220
246
250
220
229
255
227
239
236
225
203
234
223
239
225
250
230
203
223
225
236
247
236
230
199
225
232
194
252
218
217
230
236
236
240
230
238
240
216
208
236
261
227
213
215
228
230
204
227
214
200
215
229
210
224
229
222
234
215
219
217
209
241
215
226
227
227
240
217
222
223
233
239
218
245
221
225
215
227
247
210
227
216
243
232
236
201
234
241
241
263
225
246
209
223
209
211
225
229
225
221
223
246
214
252
227
214
217
226
233
227
224
199
239
233
231
222
237
272
229
232
199
215
232
234
240
212
238
201
207
231
223
242
221
209
212
214
224
236
216
197
214
220
211
213
196
229
212
210
216
223
212
243
228
217
223
197
213
259
231
242
229
207
223
204
199
220
224
220
229
220
214
215
197
234
243
246
233
217
221
229
215
200
211
223
263
213
236
199
209
221
206
210
215
206
237
203
213
217
211
223
216
224
204
204
240
214
223
200
226
246
239
215
204
234
199
230
247
272
352
373
553
705
1028
1388
1935
2601
3416
4155
4831
5443
5791
5784
5306
4613
3972
3179
2413
1732
1212
940
740
562
511
484
424
421
368
370
299
286
274
255
226
207
226
179
198
170
160
160
148
138
134
157
160
152
129
128
145
128
136
138
140
146
114
152
159
121
132
137
118
138
134
162
135
131
110
134
130
142
149
134
121
118
121
137
133
127
157
125
128
120
146
130
130
148
114
150
138
148
132
130
162
147
161
115
143
130
124
146
141
128
122
126
131
134
117
105
141
129
148
130
116
112
137
139
135
127
141
142
126
119
119
146
135
106
134
127
137
125
150
136
106
142
125
123
129
122
115
127
147
146
138
138
114
109
136
141
124
137
130
145
135
129
127
131
132
138
139
116
119
129
120
128
107
122
119
115
144
112
119
122
138
121
136
140
138
131
121
118
132
118
139
139
106
132
116
134
118
134
128
130
119
102
127
160
117
129
135
121
133
154
138
114
129
136
140
137
137
127
120
127
137
117
121
122
116
114
119
136
116
130
129
133
148
146
134
139
129
119
124
130
115
122
126
117
129
134
144
114
115
128
130
126
124
124
129
138
125
124
132
124
122
126
120
131
128
124
133
134
129
120
119
121
121
131
136
133
119
114
121
112
127
141
113
116
151
136
134
128
104
122
112
138
119
111
129
121
128
133
106
123
118
101
119
134
129
115
136
117
130
118
113
134
135
122
120
124
123
120
139
129
103
121
121
134
127
122
118
109
116
129
97
129
107
113
124
126
135
137
132
108
128
125
120
124
134
129
126
132
140
124
112
115
120
119
138
129
123
120
127
112
134
120
115
104
117
120
117
138
110
144
140
117
119
139
122
126
135
128
131
99
117
107
101
154
132
131
124
112
131
128
111
130
124
135
119
116
138
126
131
117
122
111
124
125
123
123
125
122
111
126
121
112
100
107
114
111
115
149
128
100
109
138
122
127
128
116
107
121
107
124
123
114
110
109
107
125
135
123
118
129
114
118
99
112
127
89
120
121
131
117
112
124
123
113
110
129
130
129
119
111
117
117
152
143
123
108
135
128
117
139
125
115
115
113
117
100
121
105
149
149
128
114
126
105
125
120
113
109
109
114
126
129
127
113
120
127
124
120
121
136
106
119
124
112
129
156
127
122
127
127
134
134
120
106
139
122
118
127
131
124
120
129
110
118
149
107
128
118
129
129
120
115
105
128
115
103
128
115
122
132
122
104
126
118
123
133
125
120
109
132
134
114
124
114
124
127
128
132
114
138
124
153
117
117
116
131
110
114
131
111
111
113
116
113
128
90
128
126
120
105
141
128
132
131
113
121
127
119
115
101
115
118
113
115
114
131
134
130
124
113
121
120
128
112
116
119
109
111
107
121
114
137
111
107
123
121
111
108
145
116
123
140
105
123
127
123
135
143
143
131
129
130
119
117
104
159
130
141
116
119
106
120
117
120
120
122
116
119
96
143
126
137
143
112
127
108
121
129
104
121
122
128
133
145
118
121
126
125
133
127
130
146
122
123
118
130
134
121
123
115
119
153
112
134
122
105
135
120
113
113
126
117
136
126
122
125
129
117
120
116
131
105
122
108
109
119
116
132
117
121
125
143
108
126
137
130
109
130
115
106
128
141
127
108
148
112
114
136
145
114
118
126
125
121
148
117
114
121
126
104
136
122
120
111
137
129
127
115
124
112
135
120
129
120
127
136
158
138
127
124
118
129
113
125
125
103
109
122
116
133
128
124
115
129
143
126
111
105
120
122
111
108
111
127
106
131
127
126
136
140
111
123
126
134
102
110
117
123
104
131
126
116
107
119
121
126
127
127
131
112
132
126
117
128
118
124
110
118
106
113
131
114
120
115
127
114
131
108
113
110
125
118
108
107
124
124
125
151
128
114
126
141
156
116
131
138
127
130
124
123
133
123
125
117
131
143
130
130
135
121
110
127
125
116
135
143
113
129
141
123
115
113
132
146
108
123
136
140
138
146
118
121
130
166
136
103
131
131
114
143
132
136
135
126
131
125
121
119
120
149
126
131
131
126
119
140
129
111
123
116
114
109
113
116
121
149
122
136
130
124
129
129
129
111
135
113
132
115
137
131
123
129
147
144
113
115
125
131
137
118
115
109
134
123
168
124
155
133
139
134
154
136
121
111
118
147
149
148
146
126
105
136
116
121
125
120
132
122
160
126
104
119
135
115
132
127
134
121
151
118
127
125
130
136
133
141
140
141
136
127
128
152
135
130
130
124
133
131
134
123
138
125
131
136
141
151
117
132
116
146
145
125
120
127
140
129
127
146
130
152
135
114
107
127
126
128
141
130
140
142
142
144
109
132
123
139
151
137
139
138
137
121
135
143
146
135
155
134
138
132
144
133
135
140
146
153
162
143
131
127
147
149
138
134
121
139
120
128
148
139
131
149
150
148
132
137
134
136
143
122
112
143
136
125
160
155
141
143
125
138
122
136
156
150
132
148
139
157
130
135
116
148
156
150
130
131
132
133
145
153
138
141
144
145
151
153
134
168
141
142
144
148
136
150
133
137
127
142
158
153
145
138
128
142
127
138
159
137
157
158
158
155
162
171
149
125
139
146
146
132
138
173
158
155
160
150
141
141
160
160
157
127
156
144
146
156
137
138
172
128
143
148
153
148
131
136
151
158
137
141
147
131
153
158
152
167
137
142
145
133
169
152
144
144
141
144
147
174
136
140
151
171
145
163
159
154
148
178
151
153
169
169
158
159
143
171
145
162
176
166
152
161
173
146
160
168
167
175
167
171
173
170
171
171
170
177
159
168
150
166
161
150
192
142
134
167
157
154
156
171
157
145
161
158
183
163
159
140
167
162
169
160
174
161
159
187
167
177
177
165
152
176
157
149
187
179
192
181
167
177
173
190
161
166
171
136
157
175
167
169
195
155
185
160
160
180
155
154
173
152
172
171
171
180
175
168
154
179
146
161
183
182
181
163
175
184
172
180
192
180
171
173
174
191
180
180
164
196
142
180
195
169
203
180
183
177
189
180
185
172
169
191
179
171
173
187
218
177
168
181
180
196
164
174
185
158
185
201
194
189
163
192
180
183
170
212
165
173
185
196
203
193
172
185
184
177
176
183
182
182
196
173
201
174
214
173
184
213
187
196
175
172
189
200
213
205
195
199
183
175
193
188
192
188
191
207
180
184
208
194
186
188
178
203
194
194
221
186
222
183
180
193
185
202
204
180
180
206
196
196
159
193
197
174
208
186
198
164
201
182
194
183
170
163
161
148
154
146
164
149
149
145
133
146
145
144
140
116
133
141
119
131
117
136
117
127
140
140
134
119
126
127
126
134
116
136
128
129
120
103
134
122
130
110
133
117
106
117
129
107
130
119
106
118
103
121
110
89
115
112
144
120
123
111
99
108
119
101
121
114
110
119
98
91
116
97
102
93
111
107
122
91
111
101
114
103
111
94
113
94
106
109
107
97
106
102
91
105
96
92
105
77
83
108
88
95
92
104
100
103
88
101
111
119
100
93
100
94
92
110
94
91
101
91
104
87
97
111
97
101
85
99
103
96
85
100
102
97
80
105
98
78
81
77
91
81
84
76
92
99
90
94
98
87
85
90
86
102
94
88
77
83
73
81
91
93
88
81
77
93
91
96
68
78
90
65
70
72
88
74
72
73
83
83
96
76
80
71
84
77
68
72
77
90
68
75
68
73
75
73
61
69
65
59
68
71
62
89
66
73
71
71
60
72
69
53
70
59
68
74
74
78
68
55
57
56
62
64
50
55
56
70
75
51
64
55
70
65
53
50
48
55
48
52
51
49
69
54
52
50
70
59
57
51
49
41
37
50
61
48
46
44
45
57
46
54
37
51
46
43
62
35
53
37
57
50
52
43
46
47
45
60
61
43
56
49
47
37
44
44
54
44
39
42
49
40
41
36
33
44
31
47
37
36
43
46
37
35
44
43
34
47
36
43
48
36
47
40
39
45
39
35
42
38
45
42
45
43
41
39
43
49
34
48
35
38
38
32
36
38
31
37
31
34
37
35
29
41
26
38
29
27
41
45
42
35
53
38
35
28
35
37
29
26
40
33
46
26
31
31
27
40
34
30
32
30
34
30
33
32
42
34
38
33
38
35
27
28
29
45
40
26
35
34
33
39
49
35
29
30
20
36
31
28
33
42
24
25
27
32
28
31
28
34
25
28
33
32
35
22
19
31
40
46
27
34
25
30
37
36
27
24
30
37
36
40
35
31
28
27
26
36
43
34
39
35
26
29
28
24
37
28
31
27
30
32
31
31
28
27
23
31
27
29
43
35
39
26
24
26
34
28
32
30
29
28
30
32
28
25
26
26
21
31
21
29
36
24
30
39
29
36
43
30
33
29
25
30
24
21
31
28
24
25
31
36
42
32
21
31
34
37
36
32
36
27
25
30
32
23
39
27
28
33
30
32
37
26
39
31
31
30
33
36
33
32
30
28
28
39
29
28
38
60
108
175
429
696
1045
1532
2101
2764
3511
3971
4724
4969
4800
4291
3404
2369
1665
1037
643
440
280
247
258
220
211
220
203
187
159
155
113
90
102
70
55
61
59
42
37
23
34
22
24
25
17
17
17
18
11
18
19
10
14
20
22
21
17
17
21
17
16
20
12
17
9
16
13
20
15
10
9
18
15
12
22
16
14
15
14
16
14
15
12
10
11
8
13
13
9
9
9
8
11
13
11
6
19
14
17
13
10
9
12
16
17
17
11
10
12
9
12
6
10
7
17
12
12
12
11
11
14
14
16
4
10
13
12
13
12
12
8
7
8
10
12
13
8
11
11
13
10
13
8
8
17
14
17
11
5
12
8
7
8
12
13
12
12
10
12
21
10
12
11
11
14
11
8
9
15
6
12
10
10
5
8
10
13
13
10
12
17
9
8
11
10
7
8
8
7
5
17
15
5
7
8
12
10
18
11
11
8
14
10
10
12
19
9
12
12
14
13
11
11
9
15
8
13
15
15
11
7
4
7
10
11
14
9
7
10
17
9
9
9
12
15
11
10
5
11
13
12
12
12
5
6
5
13
7
10
2
10
8
10
10
7
16
10
8
11
9
11
9
6
14
4
7
9
8
4
9
8
5
8
7
10
7
15
12
5
11
11
11
7
13
4
9
9
10
14
8
7
5
9
7
6
5
11
13
10
6
4
6
10
9
1
9
5
11
14
2
3
9
5
11
4
7
11
7
7
7
5
8
8
9
6
9
12
2
12
7
6
9
11
10
8
10
12
10
11
9
10
5
9
9
6
5
4
10
11
7
7
5
6
10
6
12
9
9
10
8
7
3
7
4
6
9
6
3
9
9
10
13
4
11
9
10
11
6
12
6
9
5
7
6
8
7
7
10
5
6
6
6
11
15
10
5
10
15
7
12
10
8
3
10
5
8
5
8
6
15
5
17
7
9
6
6
4
5
12
5
8
7
9
5
5
7
8
5
5
5
5
4
7
7
13
5
7
5
6
5
9
9
10
7
10
10
0
5
4
10
7
6
8
4
7
3
14
16
7
8
6
5
7
3
9
9
6
4
7
6
11
2
9
11
3
9
13
9
5
12
5
9
2
4
3
9
11
12
12
10
16
12
18
18
21
12
18
10
9
6
11
5
8
3
4
11
12
10
9
7
12
7
6
4
9
9
8
4
6
4
5
5
6
6
6
5
7
9
9
9
6
6
6
6
5
2
4
5
4
7
4
5
7
9
5
5
4
3
7
5
11
9
11
6
4
5
4
7
10
6
7
3
4
9
10
6
7
10
7
5
6
8
5
8
0
7
4
7
8
6
4
4
8
7
8
10
4
8
6
8
8
6
6
4
12
7
12
4
6
12
5
3
3
12
3
5
13
8
7
6
7
8
4
6
8
4
6
9
4
3
3
9
9
6
10
6
9
6
6
9
7
8
4
3
7
3
8
9
6
6
8
4
8
3
6
9
7
7
6
6
7
8
1
9
6
4
4
10
11
1
2
3
6
8
7
5
7
8
8
6
2
8
6
11
9
5
9
10
6
6
8
5
5
4
8
3
6
7
5
7
13
5
5
8
5
8
5
7
5
5
2
4
4
5
5
8
5
6
6
3
7
3
4
4
6
6
7
0
7
6
2
5
10
3
8
8
5
5
4
6
5
6
6
5
9
8
4
6
4
4
5
6
4
6
3
4
2
3
2
7
5
5
4
6
7
9
3
5
8
6
6
5
7
8
3
5
7
3
1
7
5
9
5
5
5
1
5
3
5
8
2
3
5
7
4
5
6
4
7
1
11
3
5
10
9
6
0
2
5
3
10
6
6
6
2
8
8
5
9
6
9
12
4
7
7
6
4
2
4
2
6
8
8
1
5
6
9
3
6
6
5
9
4
2
4
9
4
3
2
5
4
2
5
5
6
4
7
9
5
4
8
3
5
8
2
6
5
5
5
5
3
4
3
6
5
9
4
4
5
6
4
3
3
2
3
2
5
5
5
2
1
4
3
5
3
2
3
3
5
4
4
2
3
6
2
4
4
5
3
2
4
3
4
6
4
3
6
4
4
8
4
5
1
7
8
2
3
4
6
5
3
3
4
2
3
5
5
7
3
7
4
1
8
2
2
5
4
0
6
3
3
1
5
2
3
4
3
2
1
2
3
2
4
4
7
2
7
5
4
4
4
4
4
4
4
6
5
0
3
5
6
3
4
4
4
3
3
4
2
6
4
1
3
2
3
4
2
5
2
3
5
0
1
6
3
6
2
3
4
1
6
0
7
3
2
4
3
0
1
2
4
2
5
4
3
5
6
2
1
2
1
2
0
4
5
6
0
5
2
2
3
3
2
5
2
2
5
2
6
2
1
1
5
3
3
2
0
1
2
3
2
6
3
2
4
3
3
3
4
3
5
3
3
3
2
2
1
1
2
3
1
2
3
3
7
0
3
4
3
3
5
3
3
3
4
2
3
4
7
3
3
1
1
3
6
0
4
5
3
3
3
4
1
2
1
5
2
0
1
3
1
3
7
1
3
6
5
3
7
3
5
2
1
1
4
0
3
4
3
2
2
4
3
1
2
4
2
2
8
1
5
2
3
3
3
3
3
2
3
5
3
5
1
1
2
4
3
3
2
3
6
3
5
1
2
3
2
4
3
2
2
1
3
4
4
2
1
5
2
2
5
2
1
5
2
0
0
4
2
1
3
6
0
4
6
2
1
4
1
2
5
1
4
2
3
0
0
3
3
2
3
3
3
2
1
2
3
3
1
2
1
1
3
1
6
5
4
5
3
1
3
1
2
4
3
2
2
3
2
3
3
0
2
4
2
3
5
4
2
1
0
2
5
2
0
7
2
10
0
1
1
1
0
1
3
2
5
0
1
3
2
8
2
4
1
3
0
4
3
5
2
3
2
3
4
4
2
4
2
3
3
1
1
4
3
1
3
2
4
2
1
1
6
2
2
4
1
4
2
4
1
2
3
3
3
2
6
3
1
2
5
3
3
9
13
5
9
17
14
17
19
13
18
13
15
6
10
18
8
8
4
3
3
3
3
1
3
1
2
1
4
1
4
2
0
3
1
2
0
1
3
3
0
1
2
2
0
1
0
1
2
3
2
3
3
2
1
1
0
5
1
0
1
2
2
2
1
0
1
2
2
2
1
0
1
5
2
2
3
0
2
1
3
1
3
4
0
3
0
2
2
1
0
0
1
2
1
3
1
2
1
0
2
2
3
1
2
2
0
2
2
0
0
1
1
1
1
0
2
2
3
0
2
1
1
4
3
1
1
0
1
2
2
2
0
2
0
2
0
3
0
2
2
0
1
2
1
1
0
2
0
0
0
1
2
1
6
1
1
3
2
2
2
1
0
5
2
2
2
2
2
2
2
2
0
2
1
3
0
1
1
2
0
1
0
0
1
0
4
2
4
0
1
0
3
0
1
0
2
2
4
0
0
1
0
1
1
0
0
0
0
1
0
2
1
1
1
2
1
1
2
0
1
1
2
2
2
2
0
1
3
1
1
2
1
1
2
1
1
1
4
1
1
4
0
1
3
0
3
0
0
3
1
0
1
2
2
1
0
1
0
0
1
3
2
1
1
0
0
1
1
0
1
1
2
1
0
1
2
2
1
1
0
2
3
0
2
3
1
3
2
4
1
2
0
0
2
0
1
0
2
1
2
0
1
1
0
3
1
2
0
1
0
0
1
1
0
1
2
1
2
1
2
1
1
1
1
2
2
1
2
2
3
0
0
2
1
0
2
2
1
2
4
2
3
1
2
0
1
2
0
1
0
0
2
0
3
1
0
1
1
0
1
0
1
2
5
2
1
2
2
1
2
0
0
1
3
2
1
0
0
1
1
0
1
4
0
1
0
0
0
2
0
3
1
1
1
1
0
2
2
1
1
0
0
0
0
1
2
3
0
0
1
1
0
2
1
1
2
1
2
1
0
1
0
1
1
0
0
4
1
2
1
2
3
0
2
1
3
0
1
0
2
2
0
0
3
2
0
0
4
1
1
1
1
0
0
5
0
1
2
0
0
1
0
3
0
2
1
1
0
2
0
1
1
2
1
0
1
0
2
0
0
0
1
2
3
2
0
2
0
1
2
1
0
1
0
0
1
0
0
0
1
2
0
2
4
0
3
1
2
1
1
2
4
0
1
0
1
1
1
1
2
2
0
3
2
1
2
2
0
0
2
1
0
2
1
0
2
1
0
0
2
1
2
0
1
0
0
4
0
1
3
1
1
3
0
1
0
1
1
1
1
4
0
1
4
1
1
1
0
0
3
1
2
0
1
4
0
2
0
0
0
0
0
1
2
1
2
1
1
2
0
0
5
3
0
1
3
1
0
0
2
1
1
0
0
1
1
0
0
2
0
0
1
0
0
1
0
3
3
0
2
2
0
0
0
0
1
1
4
0
1
3
4
0
0
2
1
0
1
2
0
1
1
0
0
0
0
1
1
0
0
1
1
1
1
1
0
2
1
1
0
2
0
1
1
1
1
0
2
0
1
1
1
0
0
1
2
0
1
2
0
0
0
1
0
2
2
0
1
1
0
1
1
2
1
1
1
0
1
1
1
0
2
1
2
0
0
3
1
1
0
0
1
0
0
2
0
2
1
1
1
0
0
0
1
0
0
3
0
0
0
1
1
1
0
2
1
0
0
2
0
1
3
0
1
0
1
0
1
0
1
1
0
2
0
1
1
0
4
1
1
2
1
1
1
1
1
0
0
0
0
2
1
1
2
1
0
0
2
2
1
1
0
0
0
0
2
0
0
0
0
2
1
1
2
1
2
0
1
1
1
1
0
1
0
0
0
0
1
1
2
0
2
1
1
2
0
2
0
1
0
0
0
3
0
0
0
1
2
1
0
0
0
2
2
0
1
0
0
3
0
0
2
1
1
0
1
0
1
0
1
0
0
1
0
1
0
0
0
0
2
2
0
0
1
3
1
0
0
2
1
1
1
0
2
0
0
0
0
1
1
1
0
0
0
0
1
2
2
0
0
1
0
2
1
2
0
0
1
1
1
1
0
2
1
0
1
0
0
0
1
1
1
0
0
1
1
2
0
0
0
0
0
0
1
0
0
0
0
0
1
2
0
0
0
0
0
3
0
2
1
0
2
1
2
1
2
1
0
1
2
1
1
0
1
0
0
0
1
1
1
1
0
0
0
0
1
1
0
0
0
1
0
0
1
1
0
2
2
0
0
2
0
0
4
0
0
2
1
1
0
0
0
0
1
0
1
1
1
0
0
4
0
2
1
0
0
2
0
1
0
0
1
1
1
0
0
1
0
0
1
1
1
0
0
0
2
0
2
2
0
0
0
1
1
1
1
2
2
0
0
0
0
0
3
1
0
0
2
0
0
1
0
1
2
0
1
0
0
0
0
0
1
0
0
0
0
0
0
2
0
1
0
1
0
2
0
0
0
0
0
1
0
1
0
0
2
0
1
1
1
0
1
0
1
2
2
1
0
2
1
0
0
0
0
3
1
1
0
0
1
1
1
0
0
0
0
0
0
2
3
0
0
2
1
0
0
0
0
0
0
0
0
2
0
1
2
0
0
1
1
0
1
2
0
1
0
1
0
1
1
1
1
1
1
0
1
2
1
1
2
0
0
1
1
2
1
1
2
1
0
2
0
0
1
0
0
0
0
0
0
1
1
1
1
2
0
0
0
0
1
0
0
0
0
0
1
2
0
0
1
0
1
0
0
0
0
0
0
0
0
0
0
1
0
0
1
1
0
0
0
0
1
1
0
1
0
0
1
1
5
1
1
1
0
1
0
0
0
1
0
0
1
1
0
0
0
1
0
0
1
1
0
0
0
0
1
1
0
1
1
2
0
0
1
0
1
0
0
0
1
0
0
0
2
0
0
0
0
1
0
0
1
0
0
2
0
1
0
0
1
0
0
0
0
0
0
2
1
0
2
1
0
0
0
0
0
0
0
0
1
1
0
0
0
1
0
0
0
1
0
0
0
0
1
0
0
1
0
0
1
0
0
1
0
1
0
0
1
1
0
0
1
0
1
0
1
0
1
0
0
1
0
0
1
2
1
1
0
0
0
0
0
0
1
0
0
2
0
0
0
0
1
0
1
0
0
0
0
1
0
1
0
0
0
1
0
0
1
0
0
0
0
0
1
2
0
1
1
1
2
0
0
1
0
0
0
0
0
0
2
1
0
1
0
0
0
1
1
0
0
2
1
0
1
0
0
0
0
0
0
1
1
0
0
1
0
0
1
1
0
1
0
1
0
1
1
1
0
0
0
0
1
1
0
0
0
1
0
0
0
0
0
0
1
0
0
0
0
0
0
0
0
0
1
1
0
0
0
0
0
0
1
0
0
1
1
0
1
0
0
0
0
0
0
0
0
1
0
0
0
0
1
0
0
0
0
0
0
0
0
0
1
0
1
1
0
0
0
0
0
0
0
0
0
0
0
1
0
0
0
0
0
0
0
0
1
0
0
0
0
1
0
0
0
1
1
1
2
0
1
0
0
1
1
0
0
0
0
0
0
0
0
0
0
0
0
0
0
0
1
0
1
0
1
1
0
0
0
0
0
1
0
0
0
0
0
0
0
1
0
0
0
0
0
1
0
0
1
1
0
0
0
0
0
0
0
0
0
2
0
0
1
0
0
1
0
0
1
0
0
0
0
0
0
0
0
1
0
0
0
0
0
0
0
0
0
1
0
2
1
1
1
0
0
0
0
0
0
0
0
0
0
0
0
0
1
0
0
0
0
1
0
1
0
1
0
0
0
1
1
0
0
0
1
0
1
0
0
0
0
0
0
0
0
0
0
0
0
0
1
1
0
0
0
0
0
0
0
0
0
0
1
0
1
0
0
1
1
0
0
1
0
0
0
0
0
0
0
0
0
0
0
0
0
0
1
0
0
0
1
1
0
0
0
0
0
0
0
0
0
0
0
0
0
0
0
1
0
0
0
0
0
1
0
1
0
0
1
0
0
0
0
1
0
1
0
0
0
1
1
0
0
0
0
1
0
0
0
0
0
0
0
1
0
1
0
0
0
0
0
0
1
0
1
0
1
0
0
0
0
0
0
0
0
1
0
0
0
0
0
0
1
0
0
0
1
0
0
0
0
0
0
0
0
0
0
0
0
0
0
0
0
0
0
0
0
1
0
0
0
0
0
0
0
0
1
0
0
0
0
0
0
0
0
0
0
0
0
0
0
0
0
0
0
0
1
1
0
1
0
0
1
0
0
0
0
0
0
0
0
1
0
0
0
0
0
0
0
0
1
0
1
0
1
0
1
1
0
0
1
0
0
0
0
1
0
0
1
1
0
0
0
0
0
1
0
0
0
0
0
0
1
0
1
1
1
1
0
0
0
0
0
0
0
0
0
1
0
0
0
0
0
2
1
0
0
0
0
0
1
0
0
0
0
0
0
0
1
0
0
0
0
0
0
1
0
1
1
1
0
0
1
0
0
0
1
1
1
0
0
0
0
0
1
0
1
0
0
0
0
0
0
0
0
0
0
1
0
0
0
0
0
0
0
0
0
0
0
0
0
0
0
0
0
0
0
0
0
0
0
0
0
0
0
0
0
0
0
0
0
0
0
0
0
0
0
0
1
0
0
0
0
0
0
0
0
0
0
0
0
0
0
0
0
0
0
0
0
0
0
0
0
0
0
0
0
0
0
0
0
0
0
0
0
0
0
0
0
0
0
0
0
0
0
0
0
0
0
0
0
0
0
0
0
0
0
1
0
0
0
0
0
0
0
0
0
0
0
0
0
0
0
0
1
0
0
0
0
0
1
0
0
0
0
0
0
0
0
0
0
0
0
1
0
0
0
0
0
1
0
0
2
1
2
1
1
1
1
2
2
1
1
3
0
1
1
1
1
0
0
0
0
0
0
0
0
0
0
0
0
0
1
0
0
0
0
0
0
0
0
0
0
0
1
0
0
0
0
0
0
0
0
0
0
0
0
0
0
0
0
0
0
0
0
0
0
0
0
0
0
0
1
0
0
0
0
0
0
0
0
0
0
0
0
0
0
0
0
0
0
0
0
0
0
0
0
0
0
0
0
0
0
0
0
0
0
0
0
0
0
0
0
0
0
0
0
0
0
0
0
0
0
0
0
0
0
0
0
0
0
0
0
0
0
0
0
0
0
0
0
0
0
0
1
0
0
0
0
0
0
0
0
0
0
0
1
0
0
0
0
0
0
0
0
0
0
0
0
0
0
0
0
0
0
0
0
0
0
0
0
0
0
1
0
0
0
0
0
0
0
0
0
0
0
0
0
0
0
0
0
0
0
0
0
0
0
0
0
0
0
0
0
0
0
0
0
0
0
0
0
0
0
0
0
0
0
0
0
0
0
0
0
0
0
0
0
0
0
0
0
0
0
0
0
0
0
0
0
0
0
0
0
0
1
0
0
0
0
0
0
0
0
0
0
0
0
0
0
0
0
0
0
0
0
0
0
0
0
0
0
0
0
0
0
0
0
0
0
0
0
0
0
0
0
0
0
0
0
0
0
0
0
0
0
0
0
0
0
0
0
0
0
0
0
0
0
0
0
0
1
0
0
0
0
0
0
0
0
0
0
0
0
0
0
0
0
0
0
0
0
0
0
0
0
0
0
0
0
0
0
0
0
0
0
0
0
0
0
0
0
0
0
0
0
0
0
0
0
0
0
0
0
0
0
0
0
0
0
0
0
0
0
0
0
0
0
0
0
0
0
0
0
0
0
0
0
0
1
0
0
0
0
0
0
1
0
0
0
0
0
0
0
0
0
0
0
0
0
0
0
0
0
0
0
0
0
0
0
0
0
0
0
0
0
0
0
0
0
0
0
0
0
0
0
0
0
0
0
0
0
0
0
0
0
0
0
0
0
1
0
0
0
0
0
0
0
0
0
0
0
0
0
0
0
0
0
0
0
0
0
0
0
0
0
0
0
0
0
0
0
0
0
0
0
0
0
0
0
0
0
0
0
0
0
0
0
0
0
0
0
0
0
0
0
0
0
0
0
0
0
0
0
0
0
0
0
0
0
0
0
0
0
0
0
0
0
0
0
0
0
0
0
0
0
0
0
0
0
0
0
0
0
0
0
0
0
0
0
0
0
0
0
0
0
0
0
0
0
0
0
0
0
0
0
0
0
0
0
0
0
0
0
0
0
0
0
0
0
0
0
0
0
0
0
0
0
0
0
0
0
0
0
0
0
0
0
0
0
0
0
0
0
0
0
0
0
0
0
0
0
0
0
0
0
0
0
0
0
0
0
0
0
0
0
0
0
0
0
0
0
0
0
0
0
1
0
1
0
0
0
0
0
0
0
0
0
0
0
0
1
0
0
0
0
0
0
0
0
0
0
0
0
0
0
0
0
0
0
0
0
0
0
0
0
0
0
0
0
0
0
1
0
0
0
0
0
0
0
0
0
0
0
0
0
0
0
0
0
0
0
0
0
0
0
0
0
0
0
0
0
0
0
0
0
0
0
0
0
0
0
0
0
0
0
0
0
0
0
0
0
0
0
0
1
0
0
0
0
0
0
0
0
0
0
0
0
0
0
0
0
0
0
0
0
0
0
0
0
0
0
0
0
0
0
0
0
0
0
0
0
0
0
0
0
0
0
0
0
0
0
0
0
0
0
0
0
0
0
0
0
0
0
0
0
0
0
0
0
0
0
0
0
0
0
0
0
0
0
0
0
0
0
0
0
0
0
0
0
0
0
0
0
0
0
0
0
0
0
0
0
0
0
0
0
0
0
0
0
0
0
0
0
0
0
0
0
0
0
0
0
0
0
0
0
0
0
0
1
0
0
0
0
0
0
0
0
0
0
0
0
0
0
0
0
0
0
0
0
0
0
0
0
1
0
0
0
0
0
0
0
0
0
0
0
0
0
0
0
0
0
0
0
0
0
0
0
0
0
0
0
0
0
0
0
0
0
0
0
0
0
0
0
0
0
0
0
0
0
0
0
0
0
0
0
0
0
0
0
0
0
0
0
0
0
0
0
0
0
0
0
0
0
0
0
0
0
0
0
0
0
0
0
0
0
0
0
0
0
0
0
0
0
0
0
0
0
0
0
0
0
0
0
0
0
0
0
0
0
0
0
0
0
0
0
0
0
0
0
0
0
0
0
0
0
0
0
0
0
0
0
1
0
0
0
0
0
0
0
0
0
0
0
0
0
0
0
0
0
0
0
0
0
0
0
0
0
0
0
0
0
0
0
0
0
0
0
0
0
0
0
0
0
0
0
0
0
0
0
0
0
0
0
0
0
0
0
0
0
0
0
0
0
0
0
0
0
0
0
0
0
0
0
0
0
0
0
0
0
0
0
0
0
0
0
0
0
0
0
0
0
0
0
0
0
0
0
0
0
0
0
0
0
0
0
0
0
0
0
0
0
0
0
0
0
0
0
0
0
0
0
0
0
0
0
0
0
0
0
0
0
0
0
0
0
0
0
0
0
0
0
0
0
1
0
0
0
0
0
0
0
0
0
0
0
0
0
0
0
0
0
0
0
0
0
0
0
0
0
0
0
0
0
0
0
0
0
0
0
0
0
0
0
0
0
0
0
0
0
0
0
0
0
0
0
0
0
0
0
0
0
0
0
0
0
0
0
0
0
0
0
0
0
0
0
0
0
0
0
0
0
0
0
0
0
0
0
0
0
0
0
0
0
0
0
0
0
0
0
0
0
0
0
0
0
0
0
0
0
0
0
0
0
0
0
0
0
0
0
0
0
0
0
0
0
0
0
0
0
0
0
0
0
0
0
0
0
0
0
0
0
0
0
0
0
0
0
0
0
0
0
0
0
0
0
0
0
0
0
0
0
0
0
0
0
0
0
0
0
0
0
0
0
0
0
0
0
0
0
0
0
0
0
0
0
0
0
0
0
0
0
0
0
0
0
0
0
0
0
0
0
0
0
0
0
0
0
0
0
0
0
0
0
0
0
0
0
0
0
0
0
0
0
0
0
0
0
0
0
0
2
1
1
2
0
0
1
2
1
2
1
0
0
1
1
0
0
0
1
3
0
1
1
2
2
0
1
0
1
3
2
0
1
3
0
2
2
0
1
3
3
2
1
0
2
1
0
3
2
0
1
1
0
0
1
3
0
3
0
1
0
0
1
1
0
1
0
3
1
0
0
2
2
0
2
1
1
2
3
2
2
2
2
1
0
1
0
1
0
1
0
1
0
3
1
2
1
0
1
1
0
0
2
1
1
0
2
2
1
4
0
2
1
0
1
2
2
0
0
2
1
2
2
1
2
1
0
0