0
0
0
0
0
0
0
0
0
0
0
0
0
0
0
0
0
0
0
0
0
0
0
0
0
0
0
0
0
0
0
0
0
0
0
0
0
0
0
0
0
0
0
0
0
0
0
0
0
0
0
2
6
8
17
25
39
36
42
64
74
68
85
81
98
110
83
88
98
95
98
112
115
111
103
102
118
120
118
143
135
141
134
141
125
135
148
152
157
132
167
125
166
173
188
201
233
264
306
374
507
615
829
1236
1801
2866
4702
6432
6346
4762
3395
2610
2208
1738
1415
1025
847
727
603
541
566
545
564
585
587
613
624
657
674
759
857
870
997
1064
1249
1349
1487
1586
1761
1987
2149
2270
2257
1957
1603
1243
1017
805
658
610
543
596
573
660
698
798
846
1004
1057
1208
1328
1431
1448
1463
1410
1238
1027
875
658
598
576
625
588
685
742
830
1016
1059
1191
1277
1334
1301
1203
1088
884
750
682
628
621
676
678
801
845
1016
1128
1070
1222
1153
1117
1053
944
785
698
685
638
721
760
779
873
969
1012
1123
1048
1109
1072
1031
932
847
774
761
789
823
820
897
902
951
991
1006
1045
1006
1047
1089
970
1004
989
939
858
902
847
844
824
836
860
850
918
948
936
924
945
1002
937
981
963
991
941
979
917
851
900
858
860
859
881
892
923
888
892
894
915
936
847
931
941
964
935
956
905
898
924
914
871
880
869
889
904
928
861
890
853
895
925
902
934
893
899
921
917
931
905
925
887
947
988
874
914
937
922
863
911
908
903
954
894
890
925
921
929
948
961
887
969
921
931
929
872
933
951
937
902
864
942
946
921
908
970
909
901
921
895
1012
899
1002
892
937
906
909
909
986
970
954
885
935
914
949
1016
916
955
945
925
962
914
950
935
933
987
990
1022
1012
1009
945
1018
985
950
939
1005
998
976
969
963
969
994
962
953
1037
940
972
999
989
1051
999
984
981
1001
970
1020
998
995
993
983
989
1020
1026
990
1000
986
961
969
1006
1037
1036
976
997
1002
973
972
1024
1027
988
997
956
963
931
1019
1014
997
974
1005
987
957
959
1010
1020
1021
987
970
978
1026
985
976
1004
1064
981
1005
1038
989
957
1025
1054
960
969
1048
985
1005
968
1047
994
1070
1026
1023
949
1022
964
1022
946
1008
1063
1036
1010
986
1034
1054
1022
1051
995
1030
1059
1022
953
1056
1011
1060
1078
1010
1053
1032
1023
1046
1030
1020
1031
1009
1000
1026
1019
972
1030
1032
1010
1006
977
1029
1045
977
1039
985
1047
1053
996
1063
1032
1036
1029
976
1022
1008
1013
1001
1025
1022
984
1021
977
1085
1093
1039
998
1034
1068
1048
1061
1000
1042
1046
1081
1088
1030
1018
1056
1049
1017
1121
1031
1085
1081
1000
1032
1041
1010
1069
1078
1053
1064
1036
1062
1035
998
1041
1063
1066
1030
1088
986
1020
1069
1063
1028
1022
1083
1045
1061
1023
988
1077
1061
1065
1081
1033
1050
1077
1020
1035
1088
1058
1018
1082
1105
1091
1042
1025
1060
970
1105
1089
1041
1002
1093
1090
1012
1104
1025
1089
1053
1100
1100
1058
1056
1062
1077
1100
1113
1066
1010
1012
1040
1091
1059
1115
1054
1084
1069
1078
1091
1064
1075
1062
1081
1088
1068
1139
1075
1103
1096
1050
1029
1095
1061
1072
1046
1071
1050
1057
1144
1120
1075
1046
1088
1066
1121
1125
1048
1084
1034
1079
1052
1110
1106
1065
1089
1077
1031
1081
1098
1107
1117
1160
1120
1055
1132
1114
1104
1083
1145
1090
1200
1096
1144
1099
1153
1117
1118
1160
1116
1135
1174
1093
1124
1094
1131
1116
1095
1101
1152
1150
1107
1113
1191
1137
1179
1076
1182
1149
1171
1081
1125
1119
1141
1120
1123
1179
1134
1159
1177
1166
1220
1149
1203
1215
1241
1133
1177
1141
1184
1168
1201
1248
1183
1179
1173
1081
1145
1219
1187
1196
1174
1176
1216
1247
1218
1193
1153
1186
1235
1224
1239
1249
1186
1256
1208
1246
1260
1168
1233
1237
1257
1247
1262
1312
1274
1288
1214
1207
1209
1242
1268
1253
1256
1240
1274
1289
1309
1251
1306
1274
1327
1215
1282
1302
1296
1277
1236
1258
1270
1312
1236
1321
1288
1280
1268
1350
1337
1299
1322
1323
1272
1292
1346
1225
1236
1178
1172
1208
1287
1186
1164
1174
1127
1181
1100
1075
1083
1084
1027
993
1010
963
1045
991
980
1022
938
1010
928
929
932
908
896
942
878
854
859
841
877
865
943
831
864
876
859
775
861
841
824
798
813
798
792
779
803
791
857
812
783
798
819
797
795
769
740
755
734
741
789
736
726
772
732
709
736
761
712
748
748
731
686
749
713
728
696
705
709
701
752
708
694
733
725
740
731
718
681
647
685
751
623
651
705
682
728
665
668
635
653
669
624
622
660
655
677
684
650
633
613
600
669
661
649
591
662
561
572
634
595
633
601
657
625
630
630
627
588
588
607
623
580
590
587
599
605
618
611
602
563
556
631
573
577
590
590
590
612
568
552
547
557
593
557
564
564
520
559
588
535
560
543
554
531
530
537
554
529
518
528
551
533
520
542
526
560
542
504
531
513
495
520
487
526
495
510
487
523
499
519
490
497
504
509
564
527
506
512
507
497
499
483
481
486
471
496
487
482
494
485
482
534
497
473
494
513
501
530
473
456
470
497
493
497
481
473
462
441
495
511
487
498
452
495
487
484
490
475
447
500
483
472
465
459
479
464
452
472
472
468
508
511
460
429
502
449
470
458
494
473
466
497
441
464
488
496
465
469
491
426
479
479
433
495
476
457
485
471
467
463
451
500
436
420
476
443
457
421
485
456
397
460
513
424
456
469
445
435
463
462
433
441
488
472
464
436
493
464
434
453
489
446
437
426
432
497
469
462
431
443
454
423
458
460
465
487
478
447
437
498
438
458
400
432
453
444
398
435
454
459
415
475
410
463
439
461
445
448
454
441
436
426
439
419
422
409
449
416
434
439
450
451
437
410
418
443
455
402
398
440
467
417
450
443
444
411
428
480
452
445
470
418
432
457
421
437
455
427
471
435
446
400
427
414
443
424
445
442
453
444
422
449
424
454
424
442
414
462
424
446
441
374
445
428
413
403
464
447
442
439
433
448
422
431
427
473
460
465
474
520
527
532
637
808
1177
1712
2627
3883
5822
8253
11353
14832
17910
20138
21614
21636
20092
17881
14957
12059
9306
7052
5508
4393
3769
3344
3128
3153
3091
2928
2750
2689
2564
2293
2110
1778
1665
1503
1352
1175
1073
1004
881
795
784
716
659
611
513
521
542
463
446
424
433
402
396
413
391
383
378
355
385
376
352
340
344
357
340
327
339
330
332
317
334
308
301
328
327
325
324
319
336
312
320
288
312
348
323
341
279
323
299
347
308
290
317
311
333
298
312
333
311
300
294
310
315
312
284
319
311
278
301
312
285
317
290
286
315
328
297
291
338
292
315
322
280
327
277
292
289
300
312
285
326
277
274
313
309
284
294
291
283
295
291
333
296
304
269
290
287
258
286
257
293
265
337
284
295
293
296
287
276
283
278
276
293
288
297
287
257
261
282
293
280
281
283
306
282
270
312
280
285
288
285
280
290
294
258
264
248
323
298
284
285
291
288
282
272
274
300
275
279
258
262
293
274
279
279
300
283
263
266
308
274
290
273
301
292
273
240
278
249
277
275
280
292
263
287
286
278
280
270
265
266
284
259
276
258
280
313
282
266
258
235
289
282
266
273
283
258
245
261
285
283
264
244
240
265
262
273
249
276
265
279
275
258
278
241
257
243
269
282
255
256
268
275
249
283
265
248
279
291
233
277
297
263
259
255
292
256
280
265
260
255
251
263
226
272
219
278
261
252
238
259
242
279
245
245
244
255
282
254
243
254
280
249
268
233
269
250
274
272
261
234
227
243
266
245
239
256
245
247
254
260
273
273
257
258
251
229
248
277
246
272
262
295
233
276
270
293
247
262
269
236
260
282
259
270
249
225
256
280
254
262
256
233
253
252
274
286
237
267
247
243
258
251
250
260
253
239
239
218
231
252
263
259
257
260
231
237
277
287
254
254
248
246
238
225
260
256
262
258
261
232
265
248
237
259
274
264
261
245
263
234
260
262
267
258
255
242
256
274
243
224
245
247
265
262
229
240
248
251
257
219
274
245
228
244
236
261
237
242
271
240
258
240
266
257
221
240
268
238
244
259
238
231
251
245
249
261
242
219
249
257
253
269
241
268
252
216
228
259
239
245
218
238
246
264
234
226
255
247
237
270
240
219
232
225
266
249
241
241
224
246
256
247
241
238
238
266
231
236
245
244
244
230
238
232
247
242
246
252
220
241
250
280
235
243
247
243
231
265
236
227
213
237
248
248
269
253
245
267
259
227
247
263
215
244
259
226
227
255
234
247
230
255
271
251
248
215
208
261
234
229
234
220
265
266
243
235
245
228
253
241
220
249
220
267
226
229
239
262
251
239
255
235
246
245
265
245
228
255
216
211
242
224
239
262
261
221
250
251
254
244
244
222
215
234
232
248
258
247
258
233
269
260
227
223
287
232
267
238
269
250
264
258
229
245
200
242
229
263
236
260
232
237
266
229
253
235
235
217
206
253
237
240
232
247
245
258
250
235
234
268
230
248
227
218
237
189
254
237
223
251
240
255
239
231
256
264
230
226
253
218
267
264
245
262
254
286
253
285
250
217
241
250
226
235
268
246
237
232
221
238
261
228
226
251
243
249
224
249
226
250
228
255
219
229
223
258
257
242
242
228
243
262
244
236
218
254
232
218
234
238
242
230
239
223
253
242
222
231
240
251
238
243
213
265
259
220
262
233
254
234
234
234
251
252
237
252
255
242
252
233
248
226
231
243
251
222
236
239
241
226
252
222
242
254
243
226
237
234
239
233
199
252
233
244
235
248
226
242
207
248
241
240
228
258
245
263
221
245
246
228
245
224
253
248
237
230
249
244
226
228
236
256
230
267
225
242
221
216
248
243
241
248
236
284
246
262
255
206
220
254
254
244
262
259
233
248
267
236
229
221
236
253
256
248
229
232
237
238
262
254
228
238
254
245
219
232
246
242
233
243
239
226
231
240
249
241
243
224
238
218
270
261
245
249
242
251
234
239
250
234
230
270
234
234
249
215
275
262
256
272
240
226
250
236
254
239
257
241
217
241
233
237
228
253
256
254
238
245
251
242
233
256
262
242
234
222
235
223
208
258
256
249
245
269
255
248
234
244
239
254
260
271
257
240
256
250
216
241
245
292
258
237
221
249
245
242
246
284
230
245
277
226
263
223
264
255
214
233
254
260
223
239
225
270
225
211
256
258
239
265
242
262
244
275
229
269
244
268
258
244
264
247
256
253
255
261
223
213
258
214
246
253
241
242
224
226
256
262
230
248
233
265
256
279
275
266
247
262
235
250
237
304
257
250
224
246
244
320
251
275
234
284
235
249
262
264
259
230
237
278
280
260
249
238
244
260
248
243
235
259
242
235
240
281
236
257
226
217
243
288
275
274
239
276
238
273
274
270
261
280
234
254
268
278
255
291
250
258
251
262
258
265
271
256
275
258
279
260
236
253
255
273
264
277
262
267
270
268
262
298
274
282
261
269
261
256
275
268
268
272
288
267
273
261
256
218
264
277
291
280
267
273
260
268
249
276
275
282
267
301
284
242
268
302
249
246
251
279
313
265
262
279
274
271
273
244
257
249
264
263
262
292
257
269
264
303
279
277
286
294
307
286
326
269
288
278
274
285
273
306
267
265
293
301
270
313
275
296
273
294
283
281
294
279
278
280
266
283
288
263
275
265
291
292
290
263
309
304
296
294
299
266
288
312
302
309
312
277
284
294
300
291
272
239
305
305
297
304
281
288
294
282
290
290
295
298
287
283
294
309
313
281
283
313
309
315
292
293
294
283
294
310
339
326
294
318
296
315
283
322
326
319
304
323
310
324
308
304
353
301
285
311
354
304
307
312
320
299
294
338
283
306
305
319
351
323
316
308
307
290
329
327
302
302
324
354
329
305
323
331
296
319
329
343
308
329
324
335
324
327
297
378
368
326
322
326
339
320
330
305
316
283
305
332
348
328
317
393
350
342
324
306
332
361
352
352
343
352
338
345
333
331
365
328
348
369
398
379
339
362
343
335
367
326
369
336
317
375
360
367
335
332
339
357
377
375
365
352
365
373
360
352
377
354
354
361
353
392
360
368
368
367
356
341
350
389
361
337
365
332
376
389
377
350
385
346
375
357
352
360
360
372
364
349
358
367
381
380
353
359
370
392
389
362
396
361
400
408
350
391
374
367
375
353
379
387
396
450
367
358
385
415
383
324
411
352
384
381
374
369
369
356
430
374
386
349
393
394
368
375
397
393
384
381
387
385
394
361
378
374
343
384
391
387
375
364
365
376
387
361
329
331
351
374
374
323
324
319
308
321
320
310
274
308
316
301
308
270
274
284
271
283
306
254
297
278
266
266
249
257
290
256
257
224
255
243
263
253
229
266
241
265
238
264
257
252
250
253
253
260
206
246
256
267
224
257
220
233
219
248
221
250
224
237
223
231
197
265
221
251
243
220
236
225
222
252
240
241
234
222
256
198
232
223
259
197
197
227
219
201
225
214
209
230
214
222
222
238
238
222
221
217
239
222
204
216
213
228
213
240
180
219
226
197
223
196
188
216
217
188
202
219
206
210
216
203
215
189
229
192
194
236
200
188
231
219
194
221
209
209
207
202
205
201
190
225
189
218
193
201
192
182
201
212
212
194
182
188
199
196
167
196
153
187
194
188
197
178
177
206
182
178
204
215
178
163
201
161
169
202
167
179
198
154
191
188
185
180
182
177
188
193
171
151
156
180
189
182
188
180
169
177
148
175
153
139
189
165
179
174
163
137
154
126
168
155
137
168
146
154
161
138
138
158
149
136
154
143
155
141
140
151
140
142
132
146
152
156
130
131
133
126
125
130
137
135
125
115
130
130
126
131
146
134
134
136
135
136
127
119
116
128
142
108
140
126
137
107
112
113
128
125
115
124
118
109
126
122
123
106
114
119
111
127
120
110
136
117
94
117
99
97
111
114
136
106
124
97
110
109
105
114
108
96
123
115
117
85
108
107
109
114
85
103
100
77
102
99
98
106
88
92
105
114
92
116
108
94
111
90
109
104
112
102
83
98
88
92
100
102
87
98
98
93
90
89
97
114
96
82
83
81
91
81
102
103
100
89
94
109
96
85
116
102
89
93
102
88
101
95
93
93
94
94
79
91
92
98
92
81
84
78
90
93
98
91
83
100
92
92
101
91
95
91
87
97
86
89
76
94
97
68
80
82
74
76
77
85
92
84
89
90
88
85
93
87
102
87
72
89
93
95
84
64
71
88
68
101
88
81
76
100
81
99
83
95
94
92
84
95
55
69
88
91
92
89
86
81
83
81
77
81
84
76
88
87
76
97
75
74
90
87
85
72
85
85
61
95
74
80
80
80
80
88
63
97
62
99
67
60
68
76
82
78
83
85
86
85
80
124
94
66
91
79
67
67
63
85
91
74
84
101
79
77
91
73
69
108
74
87
57
101
79
77
72
96
81
90
78
63
87
85
79
85
77
81
95
80
89
63
84
61
73
75
85
75
84
77
98
80
97
88
81
91
89
126
166
301
476
950
1676
2650
4070
5646
7145
8303
8555
8048
7093
5717
4097
2955
1980
1417
1224
1014
996
959
987
980
970
1002
972
867
729
677
614
498
486
449
388
351
299
306
272
233
220
184
195
161
153
160
155
133
123
118
104
90
102
92
98
107
102
89
86
121
110
98
107
94
90
95
104
107
100
94
93
83
98
89
91
69
86
98
111
82
92
84
87
93
86
92
77
69
87
82
75
80
65
72
77
67
62
79
87
87
66
93
69
74
90
82
78
95
89
78
66
82
89
80
84
92
74
78
78
64
89
84
83
70
80
68
80
79
64
73
70
78
61
68
76
75
82
80
84
76
90
68
78
58
69
68
71
65
72
61
61
72
57
64
88
78
80
76
77
68
74
63
81
85
68
64
85
57
74
73
71
68
70
71
69
76
64
63
71
64
61
67
65
55
61
54
64
62
59
58
60
71
66
55
87
78
60
70
79
77
83
73
71
70
86
59
72
49
59
71
61
84
58
61
65
70
66
51
79
76
61
57
62
68
69
70
56
77
73
75
71
64
59
63
52
78
60
71
74
71
67
61
62
65
65
67
77
52
71
67
71
72
63
68
68
58
57
64
64
67
55
59
65
75
56
56
71
69
65
49
64
58
72
53
58
70
71
60
63
70
48
61
58
56
49
59
70
57
54
53
57
60
41
62
68
58
52
58
56
51
70
57
58
63
52
66
55
54
46
59
67
61
54
50
55
62
47
61
54
44
50
62
64
46
58
41
57
46
60
57
46
53
46
50
57
47
60
54
42
46
57
60
65
73
61
57
57
58
68
55
47
49
71
59
62
58
50
57
58
54
51
51
55
57
49
49
45
64
58
69
50
46
52
44
58
57
55
64
53
59
62
55
46
65
53
53
66
59
49
50
49
51
55
48
55
38
57
76
56
43
52
48
51
51
46
53
43
60
55
70
59
49
49
57
67
42
58
46
49
48
50
56
56
61
48
51
47
43
53
52
61
50
53
39
51
38
46
55
53
50
40
58
55
25
51
49
51
50
43
51
41
45
46
50
58
46
52
45
56
61
49
54
44
49
52
57
41
38
46
48
47
45
47
43
53
49
61
58
59
42
46
37
48
40
42
35
55
69
71
57
59
56
67
60
47
56
53
63
41
45
56
42
51
48
36
44
48
40
52
47
48
48
41
41
46
46
41
42
49
54
48
42
48
57
54
56
57
47
52
37
36
43
55
56
46
42
51
41
49
49
45
44
50
37
55
39
53
51
43
51
39
51
57
56
53
52
48
45
46
38
46
47
53
52
42
43
43
37
40
42
47
49
57
50
48
40
48
45
54
45
42
38
52
30
56
43
41
33
35
47
47
42
60
50
54
53
42
53
46
47
51
52
43
28
43
46
47
50
40
42
40
30
48
57
41
39
57
40
48
46
46
61
39
51
42
46
56
57
52
51
35
44
41
34
41
41
35
37
40
35
40
41
38
46
41
53
41
42
37
30
42
35
43
38
48
50
45
44
45
38
45
41
36
44
42
48
36
43
37
38
32
40
29
37
57
42
44
44
25
47
48
40
46
49
46
44
48
42
43
37
37
37
45
47
43
49
50
35
51
42
41
38
37
28
48
50
53
37
35
28
53
45
31
31
45
45
43
38
26
32
40
40
38
47
29
36
34
46
43
39
26
42
47
30
43
41
29
33
33
42
31
41
40
30
44
37
41
36
57
33
32
40
49
45
42
33
37
41
40
55
31
58
37
54
40
30
40
45
34
40
37
38
36
30
40
41
40
37
35
40
39
40
34
36
33
34
31
29
34
44
35
45
43
35
21
32
33
34
40
40
37
48
32
41
35
33
40
31
35
36
39
36
42
29
33
27
32
27
25
35
27
39
39
18
30
37
39
40
36
41
43
30
17
27
26
42
36
36
30
31
36
29
31
22
46
37
28
36
30
29
36
33
40
32
34
39
27
31
36
38
36
30
40
27
28
24
29
36
30
30
29
32
34
30
30
30
33
34
28
36
42
32
33
20
43
31
25
34
32
27
25
24
29
32
26
25
27
29
33
30
41
28
25
20
30
23
24
20
23
33
29
22
26
21
35
28
27
33
30
29
22
33
27
31
33
23
25
18
38
21
21
32
33
22
19
32
26
18
20
22
23
29
31
26
22
21
27
24
24
25
23
23
20
26
29
26
26
18
26
24
22
25
20
26
28
23
19
31
34
20
22
18
22
21
27
19
19
36
17
18
28
21
16
26
19
20
17
24
15
22
23
12
18
26
27
20
24
20
20
21
17
28
28
17
30
13
25
26
21
26
22
17
19
20
17
24
18
31
18
18
15
21
26
17
11
14
19
22
24
23
17
22
27
28
23
19
21
28
25
18
22
25
18
20
31
15
27
19
18
14
24
12
21
18
19
27
26
17
18
21
12
24
18
20
20
22
16
18
13
20
15
18
20
23
19
16
17
16
15
25
26
17
15
23
15
8
17
21
21
16
21
17
17
17
14
22
14
11
16
16
17
16
20
17
19
27
17
16
14
15
7
15
16
21
27
15
12
19
20
12
18
16
13
11
17
15
12
25
20
16
14
13
20
19
16
16
16
22
16
16
16
14
14
17
16
13
18
17
15
21
18
13
15
21
14
19
16
20
21
10
23
20
21
16
22
18
10
9
15
23
15
13
14
14
16
14
12
17
23
20
14
16
13
23
17
14
11
18
15
22
14
20
17
19
12
13
18
17
19
14
19
9
13
18
20
25
19
21
13
21
16
13
16
17
18
10
9
18
17
9
9
22
23
18
24
25
20
21
12
12
18
11
16
17
9
16
20
11
15
15
14
16
20
13
14
15
15
19
15
16
13
16
12
16
14
14
19
18
19
20
19
22
18
19
16
17
19
13
14
11
18
14
15
21
17
17
23
18
16
17
20
17
14
15
15
15
16
15
20
9
24
20
12
24
8
25
16
19
27
18
11
15
30
24
17
14
18
15
16
11
22
18
9
18
19
17
30
24
14
26
20
36
39
53
67
70
102
133
142
163
204
180
156
169
146
108
98
101
70
59
49
39
39
32
33
31
30
27
33
27
31
24
21
21
22
15
23
20
14
20
7
16
14
11
12
16
15
7
10
12
6
15
7
11
18
10
9
9
10
12
17
9
10
15
9
11
11
13
11
13
5
10
17
14
10
12
11
9
10
8
5
9
13
7
10
7
6
7
10
9
11
10
6
8
7
10
10
13
9
12
10
14
4
14
14
11
8
8
9
6
3
13
10
13
5
10
14
7
11
7
11
4
8
8
6
7
6
9
8
8
8
11
11
10
5
8
11
8
8
12
11
6
11
8
8
9
12
10
7
6
7
8
8
8
7
6
7
8
13
3
7
14
7
11
4
8
10
7
7
7
8
9
10
6
6
9
4
6
5
8
10
6
11
12
13
7
6
6
5
8
10
5
11
5
8
15
9
6
10
7
9
8
12
13
5
10
6
8
9
7
8
9
6
13
6
7
6
7
5
10
4
8
9
6
9
10
10
5
6
8
8
4
9
12
5
3
9
4
7
13
13
9
10
12
8
7
10
4
4
8
4
9
8
13
7
5
6
8
11
6
3
7
3
8
13
9
5
18
6
5
5
5
9
8
15
14
11
4
5
10
4
13
4
7
8
9
6
11
7
8
9
15
10
10
7
18
5
7
1
7
15
7
5
4
8
11
5
4
2
6
5
4
6
10
6
8
8
5
5
7
11
10
6
4
4
10
6
8
9
8
6
11
4
9
4
5
6
7
3
5
8
8
5
3
11
11
7
5
5
6
8
7
6
6
8
9
8
10
9
6
3
6
7
11
10
5
7
4
7
11
4
8
4
8
8
6
4
5
3
4
2
4
5
9
8
5
5
4
10
7
5
7
6
7
8
6
2
8
5
6
4
10
8
2
5
8
7
9
9
9
7
7
5
2
6
12
7
6
4
8
7
4
2
11
13
10
2
7
5
5
9
8
7
9
7
8
9
6
7
15
8
6
8
9
4
5
5
10
9
3
8
6
8
8
11
5
6
6
7
1
6
6
8
10
6
6
1
9
7
4
4
7
9
4
3
7
9
6
7
5
8
7
5
10
5
2
2
2
4
9
10
4
7
3
8
4
9
3
2
10
5
9
8
7
6
7
6
5
8
3
6
4
3
3
10
9
9
7
13
9
11
4
7
3
2
3
6
3
3
6
0
9
5
3
8
9
3
0
6
8
5
4
13
5
7
6
9
8
6
5
5
7
5
5
6
5
13
6
5
4
8
5
3
6
7
4
2
6
3
6
9
3
3
8
4
4
5
6
6
2
6
6
6
5
9
6
3
4
4
6
6
1
3
3
3
1
4
3
7
10
7
9
10
6
6
6
3
3
8
7
10
3
7
6
7
2
3
2
3
3
7
4
6
5
4
7
6
4
10
3
4
8
2
6
7
7
6
5
6
7
7
8
1
6
5
6
2
5
4
4
7
5
5
6
5
5
3
6
3
4
5
13
8
4
2
10
4
5
1
8
6
7
2
4
5
2
6
9
6
6
4
7
7
8
6
8
6
5
9
4
3
1
7
6
4
4
7
6
2
5
6
4
4
6
2
2
9
4
5
6
7
8
6
5
3
3
3
9
4
3
6
4
2
8
7
5
5
3
3
7
7
5
6
3
2
6
10
7
3
2
1
4
5
11
2
5
6
7
4
3
4
6
8
3
1
7
1
6
9
9
3
3
2
5
4
6
4
9
3
6
3
2
6
5
6
3
4
4
8
8
5
0
6
4
3
7
4
2
5
3
6
2
4
1
6
8
4
4
3
10
1
2
2
7
3
7
7
4
3
2
5
4
3
3
3
6
3
5
5
5
4
4
2
5
5
3
2
4
3
11
7
7
5
2
5
3
8
2
4
1
6
4
7
5
4
1
4
6
3
1
1
3
4
7
1
2
6
6
4
4
7
6
9
2
2
4
4
2
4
1
6
6
5
5
3
4
4
1
2
5
3
3
3
3
6
7
6
4
6
4
4
7
6
8
1
4
8
5
4
1
5
3
5
4
3
7
6
1
5
8
6
4
5
0
9
5
5
1
3
2
7
2
2
5
5
0
2
7
2
0
3
4
6
1
3
7
4
5
1
3
2
4
2
0
6
6
3
3
0
3
7
4
2
6
6
3
5
4
9
3
4
4
0
7
5
4
3
2
4
3
3
2
3
4
1
2
4
3
6
2
1
5
4
4
4
4
3
4
3
0
4
3
3
4
6
3
10
4
5
3
2
3
4
4
5
1
3
4
6
0
4
4
5
6
2
1
2
8
3
1
1
3
2
5
5
2
3
1
6
4
6
9
4
4
4
3
7
6
7
7
4
4
3
3
2
0
2
2
3
5
6
4
7
3
3
0
4
3
4
3
2
4
2
2
3
7
2
2
3
1
7
5
6
6
3
0
6
3
5
2
2
3
7
6
3
3
4
3
4
8
3
8
1
6
4
1
6
2
6
3
5
1
0
4
5
2
1
3
6
2
1
6
3
1
1
6
3
0
5
2
3
6
4
3
1
3
5
2
2
4
5
2
3
0
3
3
4
5
4
3
6
2
4
2
2
4
4
3
4
5
4
3
3
1
6
4
5
3
4
4
3
3
5
2
4
2
8
3
4
6
6
1
3
8
2
5
2
2
5
2
3
2
1
4
1
2
3
3
2
4
2
3
5
2
3
2
4
4
2
2
4
2
3
7
0
2
4
3
4
7
3
0
6
4
2
5
3
3
2
4
2
1
1
4
2
2
3
2
0
3
6
3
1
6
1
2
3
6
5
2
1
1
2
4
1
2
1
4
3
4
3
5
6
3
2
4
4
3
1
2
2
2
2
2
1
3
4
2
1
6
4
6
3
1
2
1
3
1
3
3
3
3
2
3
1
4
5
2
4
3
1
6
1
3
2
3
4
0
4
1
3
5
2
3
3
1
3
0
2
1
2
4
3
4
5
3
1
4
7
2
4
2
5
3
1
3
3
1
0
2
1
3
4
3
6
1
1
2
2
1
2
3
2
4
7
3
2
3
3
3
0
1
1
0
0
2
7
2
0
1
3
1
3
2
1
3
2
4
4
5
2
3
3
2
1
1
3
4
0
3
4
2
0
3
5
3
1
1
1
0
1
0
3
0
4
3
1
4
0
1
1
2
1
2
3
1
1
3
4
1
0
2
4
1
3
1
0
1
0
1
5
1
4
2
3
1
0
1
3
2
0
3
1
2
2
1
6
1
3
0
2
3
0
2
4
2
3
2
2
1
0
3
1
2
3
0
0
3
2
4
4
1
3
1
2
1
2
1
2
3
2
1
3
1
1
1
1
3
4
4
5
1
1
2
2
1
3
2
1
1
2
4
4
1
2
0
2
4
1
5
4
0
3
2
2
2
1
1
2
6
1
2
3
3
2
2
0
1
2
1
1
2
3
2
3
3
0
4
4
1
1
2
4
2
2
2
6
1
0
3
3
0
2
3
3
2
3
2
3
1
2
2
0
3
0
0
2
5
4
0
2
1
2
2
2
2
0
1
1
0
0
2
4
0
1
4
1
0
3
0
2
2
0
3
0
2
2
2
2
3
2
1
2
1
1
1
2
2
5
0
2
1
3
3
1
0
1
2
0
2
1
0
1
1
0
2
3
0
0
4
1
2
3
0
1
1
0
1
2
1
3
1
0
2
1
1
1
1
1
2
1
0
0
2
1
0
1
1
2
2
2
0
0
0
1
2
1
1
1
0
2
1
2
2
0
1
1
3
2
1
1
3
2
0
1
0
1
1
2
4
1
2
2
1
3
2
1
0
4
2
0
2
0
1
0
1
1
0
0
0
1
4
1
0
1
0
4
0
1
2
0
2
1
0
3
0
4
1
1
1
3
1
1
4
0
1
0
1
3
1
0
3
0
1
3
1
1
1
3
2
1
2
2
0
0
1
3
0
0
1
1
1
2
3
0
2
1
1
0
2
0
0
0
4
2
0
1
0
1
1
0
2
3
0
0
2
0
1
0
1
1
1
1
0
2
0
0
2
1
0
1
2
1
0
0
1
0
0
2
2
1
0
1
0
1
2
2
0
2
0
3
1
0
1
0
1
0
3
1
4
0
1
1
0
1
2
2
1
0
5
0
1
3
1
1
2
1
3
0
2
1
0
0
3
1
1
2
1
1
0
3
1
2
3
1
1
0
2
1
4
0
0
1
1
0
1
1
1
1
1
0
2
2
2
0
0
2
1
2
0
0
3
1
1
0
3
1
0
1
1
2
2
0
1
3
2
3
1
2
2
1
3
1
1
1
1
1
2
3
1
2
0
2
1
2
1
2
0
1
1
0
2
0
2
3
0
1
3
0
3
1
0
1
0
1
3
2
4
1
1
1
2
2
0
2
0
0
0
2
3
0
0
4
2
3
0
0
1
1
1
2
2
1
3
2
2
3
2
1
2
6
2
1
1
3
1
1
2
4
3
2
2
0
2
4
1
4
2
1
1
1
0
1
3
1
2
1
2
1
0
0
1
1
1
1
2
0
1
0
0
0
0
1
0
1
0
2
1
0
0
0
1
0
1
3
0
0
1
1
0
0
0
0
0
0
0
0
0
0
3
0
0
1
1
1
0
0
0
1
0
1
1
2
1
2
1
1
0
1
2
1
0
0
1
1
1
1
2
0
0
1
0
1
0
1
0
0
0
0
1
0
1
1
1
0
0
1
0
0
0
2
0
1
1
0
1
0
1
0
2
1
0
1
2
0
1
0
2
2
1
0
1
0
1
2
0
2
3
1
1
1
1
1
0
0
0
0
1
0
0
0
1
0
1
1
2
1
3
0
1
0
2
1
0
0
3
0
3
1
2
3
1
2
0
2
1
1
2
3
1
1
0
1
0
4
0
3
0
0
0
1
0
0
0
0
1
0
1
1
0
0
1
0
0
0
1
0
0
0
0
1
1
0
2
1
0
0
0
0
1
0
0
0
0
0
0
1
1
0
1
0
1
1
0
0
0
0
1
0
2
0
0
2
0
1
0
0
1
1
1
1
0
2
1
0
0
1
1
0
0
0
1
0
0
1
0
0
0
0
0
2
1
1
0
1
0
1
0
2
1
1
1
0
0
1
1
0
0
0
1
0
1
0
0
0
0
1
0
1
1
0
1
0
0
0
0
0
0
0
1
1
0
0
0
0
0
0
0
1
0
0
1
0
0
1
0
1
0
1
0
1
1
2
0
0
0
0
0
0
0
0
0
0
0
0
0
0
1
2
0
0
0
0
1
0
1
0
0
1
0
0
1
0
0
0
0
1
1
0
0
1
0
0
0
0
1
0
0
0
0
1
0
1
0
0
0
0
1
2
1
0
0
2
0
0
0
1
1
0
1
0
0
0
0
0
0
0
1
0
0
0
0
1
0
0
0
0
0
1
0
0
0
1
0
1
0
0
0
0
0
0
0
0
0
0
0
0
0
0
1
0
0
0
0
1
0
0
0
0
0
0
0
0
0
1
0
0
0
0
0
1
0
2
0
0
2
0
0
1
1
2
0
0
0
0
0
0
0
0
0
2
1
1
0
0
0
3
0
0
0
0
0
0
1
0
0
1
0
2
0
1
0
0
1
1
0
1
0
0
0
0
1
0
0
1
0
1
0
0
0
0
1
1
0
0
0
0
0
0
0
0
0
0
0
0
0
1
1
0
0
0
0
0
0
0
1
0
2
0
0
0
1
0
0
1
0
1
0
0
1
0
0
0
0
0
1
1
0
0
1
0
3
0
1
1
0
1
0
0
0
0
1
0
0
0
0
0
0
0
0
0
0
0
1
0
0
1
0
1
1
0
0
0
0
0
1
0
0
2
0
0
1
0
0
0
1
0
0
0
0
0
0
0
0
1
0
0
0
1
1
0
0
0
0
0
0
0
0
0
0
1
0
0
0
0
0
0
0
0
0
0
0
0
0
0
0
0
0
1
0
0
0
0
1
0
1
1
0
0
1
1
0
0
0
0
0
1
0
0
0
0
2
1
1
0
0
0
2
1
0
1
0
0
0
1
0
0
0
0
1
0
1
0
0
0
0
1
0
0
0
0
0
1
0
0
1
2
0
1
0
0
0
0
1
0
0
0
0
0
0
0
0
1
1
0
0
1
1
0
0
0
0
1
1
0
0
0
0
0
0
1
0
1
0
0
0
1
1
0
0
0
0
0
0
0
0
1
1
0
0
0
0
0
0
0
0
0
0
0
1
0
1
0
0
0
0
0
0
0
0
0
1
0
2
0
0
0
0
0
0
0
1
0
0
0
1
0
1
0
0
0
0
0
0
0
0
0
0
0
0
0
0
0
0
0
0
0
0
0
1
0
1
0
0
1
0
0
0
1
0
0
0
0
0
0
0
0
0
0
0
0
0
0
0
0
0
0
0
0
0
0
0
0
0
0
1
0
0
0
0
0
0
0
0
0
0
0
1
0
0
0
0
0
0
1
1
1
0
0
0
0
0
1
0
0
0
1
0
0
0
0
1
0
0
0
0
0
0
0
0
0
0
0
0
0
0
0
0
0
0
1
1
0
0
1
0
0
0
0
0
1
0
0
0
0
0
0
0
0
0
0
0
0
0
0
0
0
0
1
0
0
0
0
0
0
0
0
0
0
0
0
0
0
0
0
0
0
0
0
0
0
0
0
0
1
0
0
0
0
0
0
0
0
0
0
0
0
0
0
0
0
0
0
0
0
0
0
0
0
0
0
1
1
0
0
0
0
0
0
0
0
0
0
1
0
0
0
0
0
0
0
0
0
0
0
0
1
0
0
0
0
0
0
0
0
0
0
0
0
0
0
0
0
0
0
0
0
0
0
0
0
0
0
0
0
0
0
0
1
0
0
0
0
0
0
0
0
1
0
0
0
0
0
0
0
0
0
0
0
1
0
0
0
0
0
1
0
0
0
1
0
0
0
0
0
0
0
0
0
0
0
0
0
0
0
0
0
0
0
1
0
0
0
1
0
0
0
0
0
0
0
0
0
0
0
0
0
0
0
1
0
0
0
0
0
0
0
1
0
0
0
0
0
0
0
0
0
0
0
0
0
0
0
0
0
0
0
0
0
0
0
0
0
0
0
0
0
0
0
0
0
0
0
0
0
0
0
0
0
0
0
0
0
2
0
1
0
0
0
0
0
0
0
0
0
0
0
0
0
1
0
0
0
0
0
0
0
0
1
0
0
0
0
1
0
0
0
0
0
0
0
0
0
0
0
0
0
0
0
0
0
0
1
0
0
0
0
0
0
0
0
0
1
0
0
0
0
0
1
0
0
0
0
0
0
0
0
0
0
1
2
0
1
0
0
1
0
0
0
0
0
0
0
0
0
1
0
0
0
0
0
0
0
0
0
0
0
0
0
0
0
0
0
0
0
1
0
0
0
1
0
0
0
0
0
0
1
0
1
0
0
0
0
0
0
0
0
0
0
0
0
1
0
0
0
1
0
0
0
0
0
0
0
0
0
0
0
0
0
0
0
0
0
0
0
0
1
0
0
0
0
0
0
0
0
0
0
0
0
0
0
0
0
0
0
0
0
0
0
0
0
0
0
0
0
0
0
0
0
0
0
0
0
0
0
0
0
1
0
0
0
0
0
0
0
0
0
0
0
0
0
0
0
0
0
0
0
0
0
0
0
0
0
0
0
0
0
0
0
0
0
0
0
0
0
0
0
0
0
0
0
0
0
0
0
0
0
0
0
0
0
0
0
0
0
0
0
0
0
1
1
0
0
0
0
0
0
0
0
0
0
0
0
0
0
0
0
1
0
0
0
0
0
0
0
0
0
0
0
0
0
0
0
0
0
0
0
0
0
0
0
1
0
0
0
0
0
1
0
0
0
0
0
0
0
0
0
0
0
1
0
0
0
0
0
0
0
0
0
0
0
0
0
0
0
0
0
0
0
0
0
0
0
0
0
0
0
0
0
0
0
0
0
0
0
0
0
0
0
0
0
6
3
3
4
3
8
10
9
8
5
7
7
7
11
2
10
8
5
6
6
6
5
6
2
7
1
7
8
5
9
7
5
3
6
3
4
3
6
10
3
3
3
2
2
6
8
7
4
4
3
4
9
3
8
3
6
2
4
4
4
4
4
9
5
5
3
7
7
2
3
3
3
6
6
6
7
7
7
5
6
13
3
7
5
5
5
3
4
3
3
6
3
3
6
4
8
8
6
5
10
3
3
5
4
4
3
7
7
3
3
5
8
6
3
8
9
5
3
5
5
5
6
6
5
5
5
7
3