0
0
0
0
0
0
0
0
0
0
0
0
0
0
0
0
0
0
0
0
0
0
0
0
0
0
0
0
0
0
0
0
0
0
0
0
0
0
0
0
0
0
0
0
0
0
0
0
0
0
1
3
4
9
10
16
26
27
37
28
36
26
46
40
34
38
42
33
37
42
39
66
56
53
43
46
45
63
64
61
65
67
59
56
82
80
79
68
81
85
82
78
74
89
87
101
88
105
99
108
106
116
117
126
146
137
158
179
165
142
142
139
140
173
189
183
196
200
221
204
194
183
169
181
132
135
123
103
121
127
99
87
103
103
94
110
113
120
134
145
179
171
153
187
181
157
157
154
172
137
142
146
123
108
96
103
99
97
98
100
111
97
94
82
96
96
76
87
91
78
93
92
91
95
111
85
83
83
91
91
86
108
82
86
89
78
70
84
84
90
69
92
98
95
88
98
92
86
102
84
92
69
76
101
101
79
88
89
84
102
87
100
78
83
99
109
94
95
83
92
88
81
81
91
89
75
79
72
89
88
71
84
82
79
79
66
76
86
75
72
74
76
62
74
88
98
83
72
73
73
70
84
80
76
63
69
76
78
69
86
88
86
68
63
58
63
83
84
76
81
69
78
62
60
68
79
72
79
91
70
67
76
75
82
72
77
55
77
74
84
65
77
63
68
69
75
65
58
67
67
58
81
73
82
78
61
88
65
62
76
67
81
73
62
66
89
80
76
65
81
79
77
86
73
70
64
73
69
69
69
69
61
66
76
72
81
75
74
72
66
66
77
74
91
51
82
61
92
76
58
69
69
75
79
76
74
63
57
65
75
71
73
60
69
66
63
68
78
67
54
67
79
69
53
63
65
68
65
75
84
75
75
79
81
71
74
62
53
83
56
65
69
69
70
66
68
75
94
69
86
74
78
72
85
73
72
59
74
81
83
71
67
71
63
66
68
76
61
66
69
62
64
85
56
68
69
67
75
73
72
69
82
55
74
68
66
66
92
62
65
57
60
97
82
76
69
62
67
73
72
84
71
78
73
80
68
91
80
79
77
62
67
72
78
79
57
75
79
73
79
76
63
80
86
67
81
63
91
85
71
82
88
86
85
72
84
76
65
69
73
76
93
75
66
72
68
81
78
89
86
66
71
82
76
80
70
80
64
86
78
86
68
71
72
85
81
87
92
66
76
81
55
53
77
71
71
87
68
85
75
82
92
95
108
151
235
390
613
934
1206
1493
1602
1572
1342
1012
683
456
324
222
195
128
138
96
80
73
57
53
52
58
53
43
75
49
47
43
44
59
58
60
46
41
58
49
38
76
64
68
53
70
53
53
45
49
33
52
56
51
52
46
47
60
40
49
44
53
42
46
54
49
44
52
50
42
47
49
47
39
45
55
48
53
48
51
52
44
52
55
47
34
33
47
43
43
45
50
53
45
45
36
52
48
53
48
38
56
47
57
62
76
94
108
117
126
112
105
88
74
48
44
39
55
49
56
45
45
44
48
48
38
59
40
48
44
46
53
55
61
52
58
66
54
54
52
39
50
41
45
51
46
42
43
52
41
42
42
31
52
63
51
47
51
42
50
47
57
53
79
116
141
156
204
198
156
142
93
75
40
55
54
42
45
43
53
30
40
33
55
52
36
40
27
48
34
39
40
39
46
47
59
44
42
43
39
51
44
42
37
36
34
33
48
35
43
36
42
53
35
41
49
47
48
40
36
37
53
51
30
46
34
37
42
45
42
42
41
40
43
47
48
56
34
51
50
48
49
49
46
54
36
41
37
49
47
40
34
51
36
35
39
35
43
37
60
36
43
37
40
33
53
43
42
44
44
51
47
32
40
30
49
47
45
38
47
45
39
35
33
38
32
37
44
52
37
46
36
36
40
39
40
37
49
35
42
45
42
61
47
36
38
39
44
44
39
23
43
37
33
35
19
34
48
44
29
37
55
32
23
47
40
39
39
35
39
46
40
44
44
41
43
45
48
52
35
28
35
35
32
51
44
35
37
49
41
38
45
33
36
31
38
39
41
41
37
38
44
18
40
34
37
40
25
50
42
40
43
49
41
34
38
48
49
37
45
42
43
36
44
35
38
32
41
47
40
44
37
35
35
45
49
45
46
45
44
42
43
50
42
40
45
38
44
39
43
36
29
39
39
42
41
40
47
41
37
39
45
50
38
41
41
39
28
39
47
38
25
50
45
39
35
41
38
43
41
29
40
46
30
27
38
35
29
31
43
20
39
36
30
29
22
24
30
27
27
36
29
20
32
28
18
31
37
35
26
23
33
28
32
31
30
27
27
34
32
25
34
40
28
39
24
30
26
38
30
18
34
21
24
22
21
29
24
15
22
29
25
30
27
27
33
32
23
20
28
24
20
24
26
26
31
32
24
30
26
26
28
25
32
28
29
30
34
25
28
24
22
32
16
20
28
22
20
31
29
23
25
17
29
23
26
34
21
22
16
29
28
18
26
22
18
36
20
33
27
29
30
39
30
35
30
32
33
23
27
22
28
21
19
25
27
22
21
22
19
30
22
15
25
23
16
20
26
16
27
27
24
24
20
22
22
21
22
22
17
22
19
21
17
22
24
19
21
21
17
19
18
22
18
25
25
28
24
26
28
19
19
26
17
17
22
10
23
15
15
21
33
21
24
20
20
22
26
27
23
29
17
22
27
10
17
24
26
18
23
36
16
24
17
10
25
27
19
18
25
18
17
20
18
20
16
18
17
24
18
17
21
21
21
24
18
20
25
24
18
15
14
17
14
17
13
13
26
15
18
10
22
26
17
24
19
27
16
28
23
18
21
23
20
24
34
48
77
86
134
168
202
245
253
231
206
131
128
76
48
37
29
22
14
21
25
21
20
22
21
21
20
16
17
19
23
20
17
17
20
31
15
21
13
12
20
23
15
24
16
13
16
12
11
20
20
23
23
14
21
18
12
17
21
26
14
22
17
26
13
16
23
17
16
18
17
21
20
13
16
15
20
20
16
19
16
18
17
24
16
21
15
17
15
26
19
13
16
13
12
13
16
17
21
10
22
19
17
19
23
25
22
19
23
27
13
22
16
20
9
14
25
16
15
16
18
24
10
19
14
18
16
17
21
11
15
12
7
17
23
18
14
11
17
17
16
10
16
16
14
10
21
12
14
15
17
22
17
16
17
21
18
13
20
13
18
13
16
15
19
18
20
8
23
19
22
15
13
14
19
19
17
14
14
10
14
11
19
12
12
14
19
35
66
93
157
260
413
604
702
756
808
701
553
366
235
115
75
25
23
18
18
22
9
9
25
14
15
19
14
19
19
17
20
14
20
15
15
15
16
12
15
14
12
13
13
14
8
12
9
12
6
11
7
8
9
15
10
12
12
10
15
9
15
11
10
12
11
8
9
6
10
12
16
16
21
15
16
18
12
20
20
14
18
13
6
15
10
12
11
9
14
12
17
8
7
7
8
5
14
10
8
10
8
13
12
12
13
12
12
5
12
10
14
13
10
13
12
11
6
11
8
9
13
9
14
9
5
13
6
7
6
14
12
15
8
11
13
13
10
7
11
10
10
15
8
7
12
14
9
17
6
13
9
9
11
12
10
14
15
17
13
16
6
13
8
9
9
10
11
4
11
8
9
10
7
15
13
6
10
11
10
3
12
9
6
9
6
3
11
9
10
8
9
7
18
14
7
10
14
15
7
12
9
7
17
3
11
16
10
15
8
9
13
9
12
11
10
6
6
6
4
6
15
8
7
14
10
9
13
12
12
7
13
12
11
5
13
6
10
7
14
5
12
7
10
7
12
13
8
16
9
7
5
6
12
7
14
9
10
8
6
7
11
10
4
9
4
8
10
3
6
12
5
9
7
10
3
7
6
6
10
11
3
12
11
13
8
8
10
8
5
6
2
6
11
8
11
7
13
4
7
9
15
6
10
9
9
7
6
10
8
5
7
8
7
7
7
10
7
6
4
7
13
8
15
10
12
12
5
6
9
10
8
10
9
5
11
13
6
3
13
8
8
7
10
9
10
10
10
11
5
7
13
5
8
13
11
7
8
6
13
12
6
12
8
4
8
15
14
10
9
6
13
6
15
16
25
47
52
78
111
126
158
186
159
116
94
64
29
16
8
11
10
10
12
10
8
5
4
3
9
9
5
11
4
10
4
6
11
10
4
6
7
9
9
4
6
14
6
9
9
8
4
4
5
4
5
5
10
3
5
2
5
6
5
8
7
7
7
14
9
6
7
4
4
3
11
11
6
9
5
7
6
1
6
5
10
3
4
6
5
5
5
7
7
6
6
7
8
8
10
4
10
17
14
27
16
16
13
14
10
7
4
7
5
10
5
5
9
5
4
5
4
6
9
8
10
9
3
1
8
12
7
6
7
7
5
10
5
5
7
6
4
5
3
4
7
8
4
3
6
9
5
4
3
6
9
8
16
18
17
24
21
25
25
24
29
8
16
12
7
2
9
4
7
8
4
2
5
5
4
7
2
8
6
10
7
5
6
5
7
3
5
4
5
3
6
5
5
5
6
6
10
3
6
4
5
7
9
5
5
4
7
4
5
5
3
7
9
8
9
2
3
10
8
8
5
6
7
2
5
14
9
4
4
4
8
5
5
6
5
5
6
5
9
5
4
3
2
4
5
6
3
3
2
11
6
6
7
5
7
3
3
5
14
7
7
5
1
7
8
7
3
6
4
6
5
5
3
5
3
5
2
2
9
2
5
9
9
3
5
4
6
7
4
3
8
9
4
6
5
4
9
2
2
8
2
8
4
3
5
7
5
4
3
7
7
6
5
5
6
5
6
8
4
4
6
4
5
6
2
5
7
5
5
9
7
11
8
6
5
3
4
3
4
6
5
8
5
6
16
19
26
30
45
73
90
101
102
104
79
38
34
20
14
7
7
6
9
13
3
4
7
5
9
7
8
5
3
5
9
4
1
9
5
4
4
6
6
3
6
3
6
12
6
7
5
4
2
3
5
8
7
4
6
4
3
2
5
10
10
5
5
6
3
3
1
5
4
2
7
6
5
7
5
3
5
7
1
8
6
3
3
10
2
11
5
2
8
9
14
5
12
12
9
10
8
4
4
6
5
3
10
9
5
5
6
3
6
7
7
2
3
5
7
7
1
10
7
6
6
4
3
2
4
4
5
7
12
5
4
8
11
2
5
4
14
11
11
5
7
6
4
2
8
4
6
2
5
1
4
2
5
9
7
5
3
3
5
7
6
3
6
9
2
6
7
6
3
5
5
5
6
5
5
6
4
5
2
3
12
4
5
5
5
9
5
10
5
5
7
1
4
3
8
2
1
7
6
7
3
4
4
3
6
3
5
2
4
3
5
5
6
1
2
10
4
2
7
2
3
2
4
8
1
3
6
4
3
4
3
5
2
7
5
5
6
6
4
6
13
4
10
8
6
9
14
4
15
3
5
0
3
3
4
5
3
3
5
4
6
5
3
2
5
1
6
6
5
3
6
3
6
7
4
4
9
1
0
2
2
6
7
2
8
2
4
4
8
6
5
7
6
6
6
7
3
6
4
3
6
3
6
2
7
4
5
4
4
1
1
3
7
5
4
6
8
1
3
8
4
3
3
6
6
10
4
4
2
4
5
9
3
3
3
3
10
2
4
3
9
9
2
4
2
6
3
2
4
6
5
0
3
4
5
3
7
6
3
2
3
5
3
3
3
10
4
6
6
5
0
4
5
4
4
8
2
7
3
3
2
6
6
3
8
3
5
5
2
4
4
2
3
9
4
4
7
4
4
4
6
4
4
2
2
4
6
6
10
2
4
3
4
6
5
2
6
7
2
6
7
3
8
6
9
7
7
0
4
3
3
2
4
7
6
6
5
3
5
5
9
3
5
6
2
7
2
2
8
2
5
8
4
4
4
3
7
8
4
5
4
5
1
2
2
4
6
4
2
1
9
6
3
2
2
3
2
5
4
5
3
1
2
8
4
5
4
4
6
5
2
4
2
4
8
4
9
4
3
2
7
5
4
5
7
4
4
2
4
5
4
3
3
7
6
5
4
4
1
1
4
4
7
2
4
6
5
5
1
7
0
4
5
4
1
7
3
3
3
1
6
3
3
7
8
3
3
7
7
3
5
3
7
2
1
3
4
4
6
5
4
6
4
3
5
5
4
7
7
9
5
13
14
22
12
7
5
7
7
3
3
4
5
3
7
4
4
2
6
2
7
5
4
2
6
6
7
9
3
7
0
3
3
4
6
10
9
10
7
10
15
12
8
9
13
11
7
3
7
7
3
4
3
1
3
2
6
6
3
3
4
3
4
6
1
1
5
3
5
1
6
5
6
4
5
3
1
3
4
6
6
4
6
1
3
3
11
5
3
2
6
10
4
3
3
0
1
2
5
2
3
7
5
0
4
1
9
3
7
3
2
4
13
8
5
3
10
5
4
4
3
5
4
7
1
6
7
6
9
7
3
4
2
10
3
2
3
5
2
5
6
4
5
5
4
8
4
5
7
3
5
5
5
4
3
4
3
4
7
2
6
1
6
4
2
2
3
3
5
2
4
8
5
6
6
5
4
7
5
3
3
4
6
4
2
3
4
3
5
6
6
9
4
4
2
1
5
4
8
1
9
6
3
4
3
4
4
0
3
3
4
2
1
3
2
3
8
6
5
4
2
4
9
2
3
5
6
5
4
6
8
1
6
2
6
5
6
3
6
1
7
0
4
6
3
6
1
3
4
6
4
3
2
7
3
1
7
3
1
8
5
1
9
6
2
5
3
6
1
5
6
3
3
1
1
6
1
5
1
7
2
6
2
5
3
4
2
5
4
4
6
0
4
3
5
6
4
3
9
3
4
6
5
5
6
3
2
5
6
2
8
3
2
6
6
5
2
3
3
5
2
4
2
3
7
6
4
4
7
3
3
0
6
5
1
5
2
7
2
4
2
6
10
7
6
4
3
5
4
10
5
9
9
3
3
3
3
3
3
3
3
4
2
5
3
3
4
5
6
5
1
7
3
3
5
6
7
6
3
3
0
4
5
2
1
3
5
1
2
6
6
2
2
5
8
11
4
2
1
4
4
6
3
2
5
5
3
5
4
9
3
3
2
14
7
2
2
3
5
1
3
4
2
6
2
5
4
4
3
7
3
4
2
4
3
4
3
3
5
2
6
3
4
2
5
2
7
5
1
3
3
5
6
4
1
4
2
6
2
1
3
2
5
1
4
1
6
4
7
5
4
4
2
2
3
5
1
4
2
9
0
4
4
7
4
5
5
4
3
0
1
1
6
3
6
4
5
4
2
4
4
4
8
5
5
3
4
2
3
2
4
2
2
3
1
6
5
6
3
2
1
3
9
7
1
3
4
4
5
6
8
9
1
4
5
2
2
4
3
3
5
8
6
6
3
2
4
4
1
2
7
2
6
4
4
7
2
4
9
1
3
3
2
1
9
2
4
4
4
6
6
7
2
4
2
3
3
4
3
6
3
5
7
6
3
1
4
2
2
8
3
7
2
2
2
2
4
1
3
3
2
7
7
2
4
4
4
4
3
6
4
2
6
7
5
2
2
3
8
3
6
3
4
3
1
2
4
5
3
2
4
2
4
6
4
3
4
3
2
4
3
5
4
3
3
2
3
2
2
4
5
7
4
2
3
6
5
2
5
3
5
4
1
1
2
3
4
5
1
3
4
4
2
5
1
4
4
3
2
6
5
1
2
6
6
2
5
0
3
3
2
3
7
5
8
3
4
1
7
2
2
4
2
3
5
7
10
6
5
2
4
3
6
6
2
5
3
4
4
7
4
3
4
2
5
4
5
2
6
4
4
1
4
6
7
1
2
2
5
3
5
3
3
2
7
0
1
3
3
9
3
6
3
2
8
2
2
3
1
4
2
3
3
3
4
2
3
8
4
2
4
6
4
12
4
3
4
5
5
1
6
3
4
5
2
10
3
4
2
5
5
7
5
1
3
6
3
2
7
5
4
3
4
5
6
3
4
5
3
1
2
4
6
3
5
5
3
4
1
4
1
3
2
2
5
6
5
8
4
10
3
0
5
2
4
6
4
5
1
4
3
5
4
4
1
3
4
1
0
6
3
5
6
8
0
3
5
2
4
10
1
4
3
8
5
5
6
3
5
4
3
3
3
4
1
2
5
2
2
4
6
3
3
4
1
6
1
1
2
4
3
5
4
4
1
8
1
3
5
3
4
1
1
5
6
6
6
7
6
4
4
2
7
3
4
8
4
3
1
2
1
1
3
3
7
4
4
3
3
6
4
3
7
4
5
5
4
4
2
1
4
4
4
3
7
8
5
4
4
5
2
4
2
6
5
4
4
2
1
1
3
1
2
6
4
3
2
4
5
2
4
2
3
2
3
7
4
3
6
2
1
5
3
5
4
11
11
10
27
19
26
14
21
24
10
7
6
9
4
1
5
2
1
1
1
2
4
2
3
4
1
3
5
1
5
4
1
2
4
2
5
1
4
1
3
2
2
3
6
4
1
3
3
1
4
2
1
2
2
2
2
3
2
5
1
1
5
4
3
0
2
0
5
3
2
2
3
4
1
2
2
3
1
1
5
2
2
3
5
1
3
3
4
2
3
2
6
3
1
4
7
3
6
2
3
3
1
3
6
3
4
5
4
4
3
5
8
3
2
2
4
4
5
5
2
3
3
2
5
3
5
3
1
3
5
3
4
0
3
6
1
2
7
7
6
7
8
5
7
7
7
6
7
2
4
5
2
4
3
2
0
1
3
5
5
4
0
0
3
6
1
7
1
5
1
3
5
1
6
0
2
3
3
1
1
4
2
3
3
2
2
2
2
8
6
7
4
2
5
1
6
4
2
3
2
0
6
3
1
4
3
1
5
3
5
2
6
3
3
4
2
4
2
3
0
0
3
5
5
1
2
3
2
4
5
1
3
4
4
4
2
2
4
2
3
3
6
1
4
2
2
5
4
4
7
3
4
4
3
1
2
5
3
2
1
0
1
4
2
3
5
4
3
4
2
1
3
5
2
2
2
3
3
4
7
2
6
3
7
3
1
6
1
3
7
4
4
6
1
1
0
2
2
1
2
1
6
3
5
3
5
1
6
4
5
1
5
3
4
2
3
2
5
6
3
2
3
2
0
4
0
0
6
2
3
3
3
3
1
3
7
2
3
3
7
12
12
24
23
45
38
31
45
28
48
20
18
13
15
4
8
4
6
7
4
6
6
3
1
2
3
5
7
6
3
4
5
4
4
1
1
0
4
2
10
4
1
6
1
6
2
3
5
4
4
5
1
5
1
2
4
6
8
4
2
4
3
5
8
7
6
6
7
5
2
3
3
3
11
7
12
16
21
21
18
16
23
19
16
8
11
6
4
1
2
1
2
4
2
7
3
6
4
2
3
4
7
2
1
6
2
6
4
3
3
1
5
0
3
5
4
1
5
3
2
4
2
3
0
8
3
0
0
7
1
1
5
3
4
3
3
5
4
0
4
2
7
7
3
1
3
7
3
4
1
4
3
2
1
4
4
6
5
3
10
2
4
1
0
3
3
7
2
5
1
7
3
3
1
3
2
1
5
3
6
3
1
2
2
4
2
7
4
4
4
3
3
3
2
5
1
4
3
3
1
2
4
4
5
10
8
3
5
4
6
5
3
5
4
3
5
5
2
3
2
4
6
6
2
7
3
1
4
2
5
2
2
4
9
3
6
6
1
8
6
5
5
5
7
4
2
9
7
8
4
5
3
2
4
5
1
4
3
4
1
6
5
7
4
5
5
4
6
4
4
0
5
5
3
4
5
5
7
0
3
1
6
2
0
4
1
4
3
5
2
1
3
3
6
4
5
3
6
4
3
3
1
6
2
6
1
5
7
6
3
2
5
3
3
3
5
3
4
6
3
3
2
7
0
5
7
2
6
2
2
4
2
2
7
5
2
2
5
7
9
5
5
3
1
5
4
10
2
4
3
3
6
8
7
5
1
5
3
3
5
1
7
2
1
5
2
1
8
1
3
6
3
3
5
5
1
4
0
4
5
4
3
2
4
1
1
3
2
2
5
8
5
5
2
9
1
8
4
5
1
4
5
3
5
1
4
7
6
7
3
3
3
3
6
2
1
6
8
4
1
3
2
5
2
3
4
3
5
7
7
1
1
0
7
1
2
3
5
3
6
5
6
4
5
5
8
7
3
6
5
4
6
9
4
3
1
6
6
1
5
1
7
1
7
3
2
3
1
4
3
2
7
4
4
4
3
3
3
4
5
9
3
3
5
4
3
2
3
3
3
1
12
4
3
4
0
4
5
4
5
4
2
2
6
6
6
5
4
7
4
5
4
3
3
3
3
4
4
3
4
3
5
4
6
4
0
7
4
3
6
1
4
4
4
2
1
1
3
2
8
1
5
3
4
2
8
3
8
5
4
6
3
6
1
5
7
3
5
4
8
7
3
6
1
2
3
6
1
4
5
2
5
5
2
4
1
2
4
6
6
5
3
2
6
3
6
5
3
1
3
4
1
6
3
4
5
6
3
2
3
7
7
0
5
5
8
7
3
6
5
4
9
5
1
2
5
6
6
5
4
6
7
7
5
7
6
4
6
4
6
2
3
4
3
1
2
1
5
1
4
4
5
3
6
3
6
6
6
4
4
7
7
2
3
5
4
4
3
6
6
6
5
4
5
5
3
4
6
2
3
5
2
6
4
1
3
5
1
3
6
2
6
5
4
5
3
2
3
2
1
3
2
6
7
6
7
5
5
2
2
2
5
4
5
3
2
3
4
3
5
5
4
2
2
4
4
5
3
6
2
5
6
4
5
2
3
1
6
3
7
7
6
6
5
4
6
5
0
3
1
3
4
2
4
5
2
5
7
3
3
2
3
1
1
3
3
6
9
6
7
2
4
3
4
9
8
3
7
2
6
4
6
3
6
4
5
10
9
11
4
5
7
6
6
4
10
6
8
8
5
6
5
8
8
4
10
5
4
2
2
1
4
5
5
1
1
6
9
5
6
4
2
6
7
4
0
7
10
3
8
3
4
4
3
5
0
4
6
3
4
4
3
2
5
6
6
6
3
7
5
7
4
5
8
4
3
2
5
1
0
5
6
4
7
6
5
3
3
2
0
5
4
5
5
5
8
5
5
2
7
4
3
6
5
6
3
5
5
2
3
1
4
5
5
1
2
5
7
6
4
3
6
4
5
3
3
7
6
6
1
7
0
3
5
2
7
1
3
7
6
5
5
2
4
3
7
5
5
5
1
3
2
7
6
4
2
1
4
4
6
5
2
8
5
8
5
2
3
3
9
6
3
5
2
5
5
5
7
5
6
4
3
5
4
4
3
8
2
7
3
4
3
3
10
1
5
4
3
6
5
2
4
4
4
3
1
5
4
5
5
5
4
5
3
1
7
4
4
2
5
6
1
6
2
5
1
5
3
6
4
3
4
6
3
5
4
5
8
2
5
5
5
5
9
2
4
2
6
7
2
3
6
1
4
1
2
6
2
6
7
6
4
8
8
6
1
2
3
4
7
6
3
5
4
8
0
3
5
4
3
2
3
4
6
2
4
3
4
0
4
1
3
5
6
4
8
6
3
5
5
3
1
2
3
10
5
4
5
3
4
2
3
0
6
6
11
10
4
3
7
4
7
2
6
5
6
6
8
9
4
5
3
1
3
4
2
5
6
4
5
2
3
6
4
2
3
3
4
4
3
1
5
3
3
5
2
4
1
3
2
6
2
4
1
4
4
4
6
2
5
4
5
3
6
5
4
6
4
2
3
8
6
2
4
9
1
3
5
9
3
3
5
2
3
3
10
4
4
10
3
7
3
7
2
8
3
4
1
7
3
5
4
2
5
6
3
10
3
2
3
3
4
5
7
3
2
2
9
6
5
3
2
5
6
7
6
3
3
5
4
4
5
5
4
3
5
5
5
4
7
5
5
6
6
7
2
1
3
4
3
2
7
3
2
3
3
9
4
6
1
1
4
4
5
2
0
8
5
2
6
5
2
4
8
5
1
4
3
5
7
2
7
4
8
3
5
7
7
2
4
7
6
4
2
5
6
2
6
7
4
4
1
3
7
4
7
2
7
3
2
3
7
2
7
10
2
10
6
5
8
5
3
11
3
2
5
11
3
6
1
7
5
5
7
9
12
10
3
8
15
13
18
27
19
26
41
27
31
30
39
24
14
25
18
18
12
9
9
6
9
8
6
6
10
4
8
10
6
10
4
9
2
2
4
1
6
6
4
6
5
3
5
7
6
4
6
2
6
5
5
7
5
5
10
5
4
4
4
8
8
9
2
3
7
4
5
4
2
4
2
2
9
6
4
2
8
9
7
3
5
5
3
8
5
10
4
4
6
5
7
3
6
2
6
5
7
11
10
3
3
4
8
6
3
5
6
4
3
7
5
8
3
9
8
3
6
2
8
9
6
4
7
4
10
1
4
3
5
6
8
8
8
7
5
9
1
5
7
5
1
6
4
4
8
6
6
6
4
2
3
7
6
4
3
5
2
1
3
3
10
9
3
10
4
6
5
7
5
8
5
10
2
2
5
2
6
7
3
1
4
2
4
5
8
8
2
8
4
4
10
7
8
6
6
5
5
7
3
8
9
7
7
5
1
11
4
7
5
5
4
4
4
9
4
5
7
3
3
6
4
3
12
4
1
4
4
4
6
6
2
6
2
7
3
4
3
5
5
4
4
6
9
7
6
8
5
7
5
9
2
4
9
2
5
3
5
10
5
8
7
6
7
4
10
8
11
2
12
4
5
4
8
6
3
5
7
5
4
5
4
3
4
3
3
6
5
6
4
12
3
3
8
8
6
9
9
6
9
8
6
8
2
6
6
4
5
7
5
7
5
2
9
10
11
3
6
5
4
9
4
8
6
11
11
4
4
1
10
6
4
5
6
5
4
7
4
5
5
9
6
8
3
8
9
3
2
6
3
6
4
7
2
11
7
8
11
10
8
5
7
7
7
3
2
4
8
6
5
7
7
7
9
8
4
6
9
5
6
10
10
10
5
6
3
9
5
8
8
11
6
13
5
8
6
6
6
8
4
7
6
3
7
4
9
6
6
14
4
4
11
5
6
2
6
3
5
8
7
6
11
6
7
8
8
5
5
5
6
4
7
8
9
5
3
1
6
8
3
7
5
8
7
7
5
6
7
7
8
7
2
5
2
6
6
9
5
6
6
11
8
2
9
6
5
4
4
7
9
12
5
7
3
4
6
8
3
8
3
8
12
8
4
11
7
5
8
9
9
2
17
4
6
11
5
5
2
8
5
2
12
14
10
6
7
8
7
5
6
9
6
8
8
8
5
8
6
4
5
5
7
7
6
6
6
5
6
7
6
10
11
3
8
10
7
3
6
9
9
7
5
5
6
13
4
8
12
6
8
5
12
12
6
8
10
10
7
9
2
8
5
11
3
11
11
8
7
7
8
12
5
7
4
6
8
8
5
9
4
6
5
6
9
6
8
11
12
6
9
7
13
10
4
9
3
8
9
8
8
8
3
4
9
5
6
5
8
7
5
4
5
7
15
7
13
12
11
9
6
9
7
13
8
12
6
5
7
7
6
7
3
7
3
9
5
9
4
9
8
6
11
8
8
6
11
6
4
8
12
9
9
4
7
13
12
5
7
10
6
5
10
7
7
5
7
9
9
17
2
13
5
15
11
6
9
5
13
11
8
7
6
7
5
8
12
12
9
6
7
6
6
8
13
6
7
4
9
8
7
7
7
11
8
3
8
9
6
7
10
8
11
8
4
8
7
9
9
9
5
7
4
8
7
10
8
4
3
9
5
5
4
3
5
9
3
9
7
7
7
6
8
4
9
6
10
5
5
4
6
5
9
5
6
9
6
1
5
5
6
11
3
6
4
7
5
5
6
7
5
4
7
7
9
5
5
5
8
6
7
9
4
7
6
3
7
0
7
2
3
5
7
4
5
5
4
8
3
5
3
3
9
8
7
7
3
5
3
1
6
6
8
6
1
6
5
7
7
5
4
0
9
3
5
7
3
6
6
5
1
2
4
3
5
7
5
3
6
1
6
5
3
1
9
9
3
4
5
6
6
6
4
4
4
7
8
6
2
3
3
3
6
8
9
8
4
4
6
3
4
4
4
6
2
3
4
7
6
5
2
6
5
5
5
3
2
4
11
3
5
5
7
3
2
5
8
4
7
4
1
5
0
6
8
5
3
6
5
1
6
2
3
1
6
6
5
5
4
4
6
6
4
8
4
5
3
0
0
5
6
3
8
5
1
2
2
4
5
0
7
5
5
5
1
3
5
2
3
3
7
3
3
4
1
7
4
7
2
6
5
4
4
2
1
7
4
2
4
2
5
7
3
2
2
5
1
4
2
4
2
3
2
2
5
1
3
4
6
1
4
3
3
1
2
4
3
2
2
0
2
3
2
5
3
3
3
2
3
2
3
1
7
2
4
1
5
5
2
3
5
1
1
3
1
4
4
0
4
5
3
7
3
5
2
7
5
9
3
3
1
1
1
3
2
1
2
3
1
4
5
2
4
0
3
2
2
1
1
6
0
2
2
3
1
3
1
0
0
3
3
0
5
1
5
1
2
2
2
5
3
1
2
4
0
1
1
3
4
2
1
3
1
5
1
4
2
3
0
1
2
1
1
1
1
2
2
0
1
1
1
4
4
3
2
4
0
1
4
1
2
2
0
2
1
2
0
1
0
2
1
3
1
1
1
2
1
2
0
0
1
2
3
0
1
2
1
3
1
3
0
3
2
3
0
0
1
1
1
2
3
1
2
1
1
1
2
1
1
0
1
1
1
1
2
2
2
0
0
1
0
2
1
2
2
1
0
3
2
0
0
0
1
1
1
4
1
1
2
1
0
2
2
1
1
0
1
0
1
1
1
2
2
1
1
4
2
4
1
5
2
1
0
2
1
1
2
2
0
2
1
1
2
0
1
1
2
0
1
0
1
1
2
2
1
2
3
1
2
2
4
0
0
3
0
0
4
1
2
0
1
2
1
1
1
2
3
0
2
0
0
0
2
0
0
0
4
2
2
0
1
1
3
3
0
1
2
3
1
1
0
3
5
2
3
0
0
1
2
2
1
2
3
1
1
1
1
1
2
3
2
1
0
2
1
5
2
8
19
24
31
55
59
85
119
155
144
162
186
193
168
151
132
119
69
40
27
8
6
7
6
3
3
5
2
3
6
2
1
1
3
4
3
0
2
0
0
0
4
1
1
2
1
0
0
0
0
0
2
1
2
0
0
0
3
0
3
2
1
1
0
0
2
2
0
3
0
0
0
2
1
0
0
1
2
0
0
0
0
1
0
1
1
0
3
2
2
1
0
1
0
1
0
0
1
1
0
2
0
0
0
1
0
1
1
2
0
2
1
0
2
0
0
2
0
0
0
2
0
0
2
2
2
0
0
1
0
0
3
2
0
1
2
0
1
2
0
1
2
1
2
0
2
2
1
0
0
1
2
1
1
0
0
0
2
2
1
1
2
0
0
1
2
2
1
0
1
1
0
0
2
0
0
1
4
2
0
1
0
0
0
2
1
0
3
0
2
3
5
1
0
1
1
2
2
0
2
1
1
0
4
3
1
1
2
1
0
2
0
0
0
0
1
0
0
1
2
0
1
2
1
0
2
0
1
0
2
1
0
0
0
0
0
1
0
0
1
1
1
0
2
1
1
1
0
0
0
0
0
0
3
1
0
1
1
1
0
1
0
1
1
1
0
1
1
1
1
0
1
0
1
1
1
0
0
0
1
0
0
0
2
1
0
0
0
0
0
1
1
1
0
0
0
0
0
0
2
1
0
1
1
1
1
1
3
0
2
0
0
1
1
0
0
1
1
0
0
1
1
1
2
0
0
1
2
2
2
1
0
0
0
1
2
1
1
0
2
0
0
0
1
1
0
0
0
1
1
0
0
1
0
0
0
1
1
0
0
1
1
0
2
0
3
0
0
1
0
0
0
1
1
1
0
0
1
0
0
0
0
1
1
0
1
1
0
0
0
1
2
0
0
0
0
1
1
0
0
0
0
1
0
0
1
0
0
0
0
0
1
0
0
2
0
2
0
0
1
1
0
0
1
0
1
3
1
0
0
1
1
1
0
0
0
1
1
0
1
0
1
1
0
1
0
1
0
3
1
1
0
1
0
0
0
2
0
1
1
1
0
0
2
0
1
1
0
0
1
1
2
2
1
1
2
0
3
1
1
1
0
0
1
0
2
0
0
0
2
2
0
1
1
0
0
0
1
1
0
2
1
1
2
0
1
0
0
2
0
2
0
2
0
0
1
1
0
0
2
0
2
1
0
2
1
0
0
0
1
1
0
0
1
0
1
2
0
0
2
0
2
0
1
1
2
1
1
0
3
0
0
1
0
1
0
0
1
0
2
0
0
1
0
0
0
1
0
2
0
1
0
0
0
1
0
2
2
1
0
1
0
0
1
0
0
1
3
0
0
1
1
0
1
0
1
1
0
1
1
0
1
0
0
0
1
1
1
1
1
1
2
0
0
0
0
2
0
0
1
0
1
1
1
0
1
1
0
0
0
0
0
0
2
0
1
1
0
2
0
1
1
0
1
0
1
2
1
2
0
0
0
0
0
0
1
1
0
2
0
1
0
0
0
1
0
2
0
0
0
0
0
1
0
1
0
1
1
2
1
0
0
1
0
0
0
0
1
1
2
0
1
1
0
1
1
1
0
0
1
0
0
0
0
0
0
0
0
0
1
0
1
0
1
0
0
0
0
0
2
1
2
0
1
2
0
1
1
0
0
0
0
0
1
0
0
0
0
0
0
0
0
0
1
0
0
1
0
0
0
0
1
1
1
0
1
0
0
0
0
0
0
0
0
1
2
1
0
0
1
0
2
1
1
0
0
1
0
1
0
0
0
0
0
0
0
0
0
0
0
0
0
0
0
0
0
0
0
0
1
0
0
0
1
1
0
0
0
0
0
0
0
1
0
0
2
0
0
1
0
2
1
1
0
0
0
2
0
2
0
0
1
2
0
2
1
0
0
0
1
1
0
1
1
0
0
0
0
3
0
0
0
0
1
0
0
1
0
1
1
0
1
0
0
3
0
1
0
0
0
0
0
0
0
0
2
1
1
0
2
1
0
0
2
0
0
3
0
0
1
1
1
0
1
0
1
1
1
1
0
0
0
0
0
0
0
0
1
3
1
1
0
0
1
0
0
1
0
0
0
1
1
2
0
2
1
0
1
1
0
2
0
0
0
0
1
0
0
0
0
1
0
0
0
0
0
0
0
0
0
0
0
0
0
0
0
0
0
0
0
0
0
0
0
0
1
1
0
1
2
0
0
0
0
1
1
1
0
0
1
1
0
0
0
0
0
0
0
1
1
0
0
0
0
0
1
0
1
0
0
1
0
0
0
0
0
0
0
0
0
0
0
0
0
1
0
0
0
0
0
0
1
0
0
0
0
0
0
0
1
0
0
0
1
0
0
1
1
0
0
0
1
0
0
0
1
0
1
0
1
1
2
0
0
1
0
0
0
0
2
0
1
1
0
0
0
0
0
0
0
0
0
0
0
0
0
0
0
1
0
0
0
1
0
1
1
0
0
0
0
0
1
0
0
0
0
0
0
0
0
0
0
0
1
1
1
0
1
0
0
0
0
0
0
0
0
1
0
0
0
1
0
0
0
0
0
1
0
0
1
0
0
0
0
0
1
0
0
0
0
1
2
0
0
0
0
1
0
0
0
0
0
0
0
0
0
0
1
0
0
0
0
0
0
0
0
0
0
1
0
0
0
0
0
0
0
0
0
0
0
0
0
0
0
1
0
0
1
0
0
0
0
0
0
0
0
0
0
0
0
0
0
1
0
0
0
0
1
0
0
1
0
0
0
0
0
0
0
0
0
1
0
0
0
0
2
0
0
0
0
0
0
1
0
0
0
0
1
0
0
1
2
0
0
0
0
1
0
0
0
0
0
0
0
0
2
0
0
0
0
0
0
1
0
0
0
0
0
0
0
0
0
0
0
0
0
0
0
0
0
0
0
0
0
0
2
0
1
0
0
0
0
0
0
0
0
1
0
0
0
0
0
0
0
0
0
1
0
0
0
0
0
0
2
0
0
0
0
1
0
2
0
3
0
1
1
1
0
1
0
0
1
1
0
0
1
0
0
0
0
0
0
0
0
0
0
1
0
0
0
0
0
0
0
0
1
0
0
0
0
0
0
0
0
1
0
0
0
0
0
0
1
0
0
0
0
0
0
1
0
0
0
0
0
0
1
0
0
0
0
0
1
1
2
2
2
1
0
2
1
0
0
1
2
0
1
0
1
0
1
0
2
2
0
2
0
0
2
2
3
0
0
2
1
1
1
1
0
3
1
3
2
1
3
1
1
2
0
0
0
2
1
1
1
0
1
1
1
3
0
2
0
0
1
5
1
2
1
2
1
0
1
2
2
0
1
3
1
4
1
1
0
0
1
1
0
0
1
1
2
0
0
1
1
1
0
0
0
2
1
0
0
0
0
0
1
2
1
1
4
3
1
1
1
3
2
1
3
0
1
2
0
0
1
0
1
2
0
0