0
0
0
0
0
0
0
0
0
0
0
0
0
0
0
0
0
0
0
0
0
0
0
0
0
0
0
0
0
0
0
0
0
0
0
0
0
0
0
0
0
0
0
0
0
0
0
0
0
1
2
1
3
6
20
25
38
51
58
56
39
45
45
56
58
42
57
53
68
84
57
76
77
73
79
86
65
72
66
68
76
60
73
74
84
98
93
122
84
105
98
89
87
96
83
80
115
113
107
118
125
124
125
108
109
131
121
113
113
108
95
103
111
112
124
113
119
114
98
125
107
93
99
97
110
105
115
112
105
116
138
131
139
149
127
114
123
131
135
114
125
114
119
123
140
130
142
103
126
121
121
112
148
139
137
146
108
125
112
140
115
137
155
147
144
121
154
131
128
133
137
134
139
131
137
134
144
115
161
129
126
123
139
117
130
135
144
110
132
142
124
133
116
134
123
142
137
126
116
128
134
120
126
148
126
130
110
153
134
124
135
154
111
136
122
129
116
107
117
123
133
128
125
140
138
136
121
130
125
130
111
137
135
141
138
132
145
144
141
125
144
144
165
121
132
108
138
110
121
133
126
132
126
104
124
125
138
120
129
108
120
110
127
131
117
145
129
124
101
118
143
124
132
100
113
124
123
129
124
140
129
126
140
116
111
125
108
107
127
134
126
105
135
134
118
123
117
142
108
105
133
115
120
124
138
126
109
115
122
116
115
125
105
115
114
125
92
120
102
117
96
121
107
122
93
113
99
113
99
104
110
94
90
115
93
107
98
89
89
86
104
101
88
129
101
117
102
98
94
95
98
108
93
107
111
86
103
114
102
94
102
89
97
100
92
98
82
97
100
90
90
96
87
115
88
104
101
93
105
90
102
82
101
103
93
77
92
92
100
90
84
86
102
68
91
96
87
76
89
87
108
101
88
107
99
92
86
82
86
88
79
79
90
102
99
90
73
91
97
95
97
84
69
84
101
77
80
88
77
69
93
95
93
95
90
89
82
110
87
99
69
86
88
83
82
108
83
87
95
70
73
84
89
83
87
92
100
88
89
87
72
85
79
96
94
96
92
100
109
99
83
104
82
120
92
108
112
115
104
99
101
117
107
123
111
115
91
108
126
115
94
105
109
105
111
100
103
97
101
85
93
91
88
105
111
88
88
79
99
80
77
85
110
106
91
91
90
81
82
89
85
81
72
54
88
78
82
72
84
80
74
97
83
62
88
75
73
79
88
92
95
100
110
118
104
91
67
68
66
76
81
63
58
61
67
65
54
69
64
53
56
49
53
67
69
57
74
68
65
62
46
60
64
60
61
62
54
67
65
63
60
57
51
61
52
54
54
40
49
54
60
67
55
58
61
49
60
61
44
57
41
51
50
55
45
47
55
51
57
60
38
43
40
65
59
62
51
60
55
58
53
46
52
53
48
58
62
46
67
43
50
42
44
57
55
46
58
59
57
41
50
49
59
65
53
47
53
44
41
39
50
32
44
47
53
56
51
57
43
50
42
40
48
46
48
38
51
55
52
46
51
39
47
52
42
43
46
58
46
64
45
47
46
38
49
58
50
58
53
41
66
59
44
45
40
59
45
44
53
33
46
54
57
52
44
43
42
44
40
51
49
49
46
31
46
47
32
38
34
57
47
43
41
34
36
45
40
49
46
44
46
47
35
37
45
45
41
41
37
44
33
38
35
36
40
53
41
45
48
37
39
39
40
48
30
46
46
37
46
46
40
47
38
34
36
46
45
38
31
51
41
45
36
38
38
43
43
45
43
38
49
35
37
21
34
36
43
43
41
33
41
36
38
48
31
41
39
42
46
49
40
49
51
40
44
39
41
38
39
34
36
35
42
33
40
35
47
51
24
39
40
20
43
42
35
34
48
42
43
49
34
27
38
35
50
49
67
53
55
48
32
27
37
35
37
38
36
44
36
43
35
32
47
37
37
45
42
40
40
32
40
38
31
37
48
32
28
27
35
37
33
31
40
42
37
33
39
34
35
34
32
51
50
35
49
27
29
33
37
41
43
42
36
42
44
36
30
39
38
35
33
32
30
42
41
39
40
27
22
39
37
44
30
40
24
38
37
38
38
31
30
34
39
42
40
32
31
41
37
41
29
23
36
23
32
40
28
33
31
32
29
37
37
38
49
39
35
36
27
37
19
31
28
38
39
30
39
32
35
28
49
40
33
32
36
34
27
37
32
45
30
46
45
29
35
21
35
34
36
30
25
32
46
30
38
27
32
27
26
37
29
33
41
28
23
29
29
41
22
29
27
35
33
35
31
37
29
33
39
31
39
23
36
30
31
27
32
22
38
31
29
32
33
23
39
28
34
28
40
28
38
35
39
28
26
24
24
32
35
33
41
36
36
42
32
34
17
42
33
26
31
19
32
34
29
26
35
30
33
38
25
35
30
26
29
25
31
37
43
30
31
29
32
32
33
30
35
23
21
34
20
32
27
32
28
36
29
32
26
25
32
27
27
35
36
31
29
31
29
34
30
24
23
26
32
30
31
17
41
36
32
27
22
35
32
31
33
24
38
31
28
27
33
41
45
31
37
41
29
36
19
37
28
30
23
27
32
33
26
32
24
27
30
28
43
22
27
35
32
30
24
21
48
33
35
38
37
16
42
24
28
37
28
42
32
20
30
34
33
30
22
28
30
21
34
34
29
31
26
38
32
33
37
19
22
31
23
35
29
35
32
33
34
34
24
27
26
21
33
29
24
30
25
25
27
24
34
19
22
28
44
29
29
26
32
36
30
32
29
31
25
22
34
27
30
36
23
16
29
36
25
27
25
34
26
36
22
27
35
34
31
42
39
35
42
44
50
57
64
47
43
39
31
30
32
37
37
33
38
24
21
33
38
30
24
27
29
42
28
30
32
27
24
19
29
30
32
21
16
28
36
28
28
27
28
24
27
28
37
18
26
27
19
28
28
28
31
38
24
27
29
25
24
27
21
24
32
40
20
28
27
34
29
34
20
29
33
28
29
23
20
26
21
24
23
29
35
40
27
21
24
27
24
27
30
35
19
27
26
31
31
29
28
31
34
16
28
32
27
35
30
26
27
31
23
25
25
32
31
28
30
26
34
24
40
26
24
36
25
29
39
24
32
30
24
35
28
25
31
36
30
35
30
20
36
26
32
25
23
31
27
25
39
38
27
29
29
26
27
32
29
33
24
26
21
30
27
33
34
33
27
25
28
34
28
34
29
25
38
31
32
25
27
31
22
29
39
28
24
29
27
34
34
36
39
44
42
31
37
31
26
24
26
30
32
20
34
28
31
22
25
21
29
30
22
23
27
18
32
28
24
27
44
35
29
20
36
27
30
25
23
28
24
21
28
31
22
18
38
23
18
25
33
28
21
32
30
43
34
22
19
26
22
23
33
26
18
34
42
42
44
53
46
57
43
35
27
32
33
18
30
26
28
41
30
22
33
40
29
27
25
36
18
30
28
31
20
26
29
33
27
24
37
34
30
31
37
33
26
27
24
27
27
32
34
29
27
22
21
29
22
25
34
25
23
31
25
32
26
23
22
19
24
22
25
32
32
32
27
32
24
29
22
39
17
36
25
18
24
25
19
33
26
27
30
24
27
30
26
18
21
28
18
32
32
31
28
26
35
31
26
28
30
29
27
28
26
26
26
46
23
25
34
34
36
25
27
43
25
28
26
30
29
25
30
37
22
27
35
27
25
27
38
19
34
39
27
18
22
29
24
31
24
34
33
25
29
22
34
33
24
27
21
32
22
22
35
27
28
25
31
29
23
36
29
28
33
33
31
24
28
24
31
25
25
29
31
27
23
34
21
27
35
36
34
26
34
29
28
25
36
29
30
37
27
20
25
36
18
22
43
32
32
28
28
28
23
36
31
30
27
38
25
28
30
26
24
28
28
32
38
22
27
32
24
25
23
25
26
35
23
30
32
29
26
25
21
36
36
34
26
30
31
30
27
27
39
28
25
27
31
26
18
30
32
22
45
32
24
25
29
41
36
30
33
26
38
23
33
24
22
26
30
36
32
29
23
25
23
26
28
26
21
25
24
26
25
22
26
31
28
24
25
30
35
26
25
29
28
27
18
29
36
34
31
27
34
26
27
26
35
25
21
25
25
28
36
28
31
33
15
36
24
29
12
35
31
39
34
30
33
25
34
22
25
28
30
29
24
23
22
33
28
23
27
32
36
19
30
26
33
29
28
30
20
32
28
30
40
33
31
31
37
27
26
35
28
29
38
37
17
28
33
31
36
32
33
28
24
27
30
33
32
27
21
24
34
40
28
27
31
32
34
25
27
26
31
35
35
30
34
30
40
27
32
29
28
24
19
34
38
21
42
29
29
32
33
37
28
31
45
27
31
29
42
28
30
33
38
20
26
32
29
24
29
34
31
37
26
25
35
36
22
31
29
35
33
35
37
35
24
19
28
34
27
32
25
49
43
30
29
23
32
20
32
28
31
43
40
25
29
35
29
26
27
35
23
33
32
33
34
37
34
37
31
33
32
32
31
34
35
29
37
28
30
33
36
34
37
33
28
28
31
27
32
26
33
24
38
34
28
33
32
33
33
42
37
33
18
34
30
40
38
24
29
23
25
40
23
35
32
28
30
36
33
38
31
33
30
24
38
29
36
20
30
33
31
36
34
26
43
38
37
34
31
24
25
47
39
32
27
35
35
35
31
42
34
38
29
26
30
25
33
37
33
36
30
30
47
29
40
29
27
32
46
28
35
34
39
39
45
35
40
40
29
38
30
26
30
39
34
35
34
29
43
43
37
41
29
35
34
37
32
37
38
30
30
35
32
32
26
34
21
44
29
27
32
33
29
39
35
35
35
25
42
34
36
28
39
26
25
32
29
22
40
34
32
26
40
32
44
34
35
43
31
36
34
35
35
37
33
36
27
32
30
36
33
33
29
39
39
31
35
31
40
40
32
32
31
47
38
38
38
28
32
37
43
46
38
41
43
33
31
34
33
34
34
35
37
37
33
36
37
42
36
33
35
43
36
38
39
33
27
37
33
41
35
44
35
44
47
46
27
40
41
47
46
43
35
29
39
29
39
34
34
32
36
26
38
43
39
32
35
43
29
28
41
43
38
43
41
32
37
43
25
35
41
39
47
37
37
36
36
34
45
31
37
37
34
45
46
35
38
32
43
56
43
39
35
37
47
49
55
47
39
56
43
43
52
37
43
42
44
40
37
41
54
36
35
53
27
42
41
36
33
40
36
34
43
34
44
50
39
39
35
40
36
32
43
41
45
45
37
48
41
22
40
35
40
39
38
37
37
42
37
50
37
38
51
37
41
40
56
42
47
42
33
44
45
45
43
30
32
49
36
46
39
38
37
41
48
38
41
33
36
49
46
39
33
50
36
44
30
35
34
46
38
39
50
46
27
36
45
48
42
53
29
44
47
43
46
35
45
42
41
35
44
35
39
33
40
32
43
41
45
44
44
43
40
41
42
48
42
42
40
44
41
45
40
39
32
34
33
37
33
45
38
26
34
36
31
39
39
47
48
53
32
39
34
40
28
32
31
38
35
32
32
32
38
38
33
32
37
36
32
38
34
30
32
23
34
31
42
27
31
36
27
34
38
26
24
38
29
31
25
32
22
40
25
35
26
30
35
39
22
29
32
30
40
45
33
30
29
34
35
41
36
39
26
31
39
33
35
32
35
26
40
32
27
35
22
39
30
42
28
26
30
29
34
30
27
31
29
26
43
24
24
36
35
33
24
25
25
33
29
25
25
42
42
29
29
29
28
27
36
25
31
29
24
28
27
22
31
24
41
27
35
32
29
23
26
30
28
33
26
30
33
37
40
26
29
29
34
33
34
27
22
30
24
31
36
41
35
22
29
20
28
28
31
26
36
31
23
31
29
26
38
26
33
29
33
34
26
22
30
20
24
35
23
28
30
27
21
35
28
24
29
27
33
37
32
37
30
36
33
30
28
31
31
36
24
30
27
31
31
27
30
34
29
22
29
29
23
31
29
44
30
30
34
29
29
31
26
33
40
17
30
31
30
32
22
29
21
24
23
27
24
23
21
27
24
39
41
32
22
24
24
33
29
32
28
27
29
29
23
33
23
25
28
18
32
28
24
38
32
27
30
34
20
28
29
29
23
32
27
33
33
18
34
27
24
28
30
16
21
33
24
32
33
20
19
27
33
26
28
22
37
29
35
31
22
33
32
35
27
24
27
22
33
29
35
34
24
28
23
34
16
37
26
24
28
30
37
24
24
27
25
44
26
25
23
20
32
30
43
27
23
24
34
30
31
32
31
37
17
35
21
35
24
28
27
34
25
34
33
24
25
35
31
36
30
19
20
31
27
19
31
33
26
34
39
24
27
31
28
34
20
33
22
17
34
36
29
29
15
25
26
25
22
28
20
24
19
37
25
26
32
31
24
22
24
25
23
18
21
15
21
28
18
18
16
26
12
22
17
17
23
17
12
18
19
20
17
23
24
13
15
16
20
25
16
20
21
21
20
13
16
18
17
13
17
16
16
13
18
20
15
26
10
9
18
22
17
17
18
18
21
22
21
19
20
20
19
17
21
15
20
12
19
15
13
17
18
15
17
13
21
20
14
16
22
13
20
12
13
17
16
19
10
18
20
22
17
12
20
15
15
16
18
15
21
18
17
17
22
14
16
16
9
20
22
17
15
19
10
12
17
18
23
21
15
27
41
64
98
123
200
319
452
544
745
777
855
787
681
571
346
242
97
50
40
18
13
18
24
23
18
9
16
12
13
3
17
11
9
8
18
19
8
13
13
9
16
11
12
9
17
6
12
9
11
4
11
18
9
7
9
6
13
12
9
12
11
14
12
18
14
11
11
6
7
8
11
8
6
9
14
8
8
13
11
11
7
9
6
11
11
12
8
13
7
8
12
5
7
8
5
7
9
12
6
5
8
14
12
5
8
11
9
6
6
5
6
9
7
14
10
8
7
9
8
3
13
10
16
12
5
13
10
6
3
7
11
6
8
5
9
9
14
11
3
7
4
7
10
18
10
9
7
8
9
2
8
4
4
13
3
4
2
3
6
8
8
5
7
7
8
7
5
5
6
9
5
12
8
11
8
6
6
9
7
7
18
3
7
6
7
8
6
10
7
4
4
6
3
3
8
6
9
4
4
6
5
3
7
6
4
7
1
3
5
5
3
2
7
5
3
4
5
9
6
7
6
5
4
5
7
5
3
4
5
3
8
2
7
12
4
4
6
3
4
6
5
8
4
2
5
8
6
3
3
1
1
4
5
4
2
3
6
9
8
1
7
7
6
3
4
6
4
9
6
8
11
5
15
6
10
10
6
5
3
2
3
4
4
2
3
7
7
5
3
7
2
6
2
3
5
4
6
8
3
8
6
4
3
3
10
5
2
4
6
5
4
5
9
3
2
3
7
3
5
5
4
2
3
3
5
7
1
3
5
4
1
6
6
2
7
4
4
6
6
8
7
6
2
4
1
8
4
2
7
3
2
3
3
7
4
4
3
3
3
5
4
2
2
5
4
4
2
5
4
5
2
4
3
7
3
5
4
3
4
5
2
4
6
1
6
3
4
4
8
3
3
4
2
3
4
8
6
10
1
5
7
7
3
7
3
5
5
2
3
9
9
19
32
47
75
105
198
228
354
504
655
738
743
742
617
454
367
206
118
42
25
10
4
3
4
5
4
3
3
5
1
4
6
3
4
2
2
1
1
2
0
2
0
0
0
0
1
4
0
0
2
2
3
1
3
1
3
1
2
0
4
0
2
0
0
2
1
0
1
1
2
1
1
1
1
0
0
1
2
1
2
0
0
1
0
2
3
1
2
0
0
1
2
1
0
0
0
1
3
0
0
1
0
1
2
1
2
0
0
1
1
1
1
0
0
3
2
0
1
1
0
2
1
3
0
3
1
1
2
4
2
1
0
1
0
1
1
0
1
0
1
0
1
2
2
1
3
2
1
1
0
3
2
4
1
1
2
2
0
1
2
0
1
1
0
1
0
1
0
2
2
2
1
0
1
2
0
2
0
1
0
0
0
0
2
1
0
2
0
1
4
4
1
1
1
1
0
1
0
0
3
2
1
0
1
4
2
3
1
1
2
3
2
2
0
0
1
0
1
1
0
0
0
1
1
1
2
1
0
0
0
1
2
1
0
1
0
2
1
0
0
1
2
0
0
1
0
1
3
0
4
1
0
0
1
0
0
2
0
1
4
2
0
1
1
1
0
0
3
1
1
1
1
2
1
2
1
0
3
0
0
1
2
1
1
0
0
0
3
1
1
3
0
0
4
3
2
2
1
1
2
1
3
3
0
0
2
0
1
0
1
1
0
0
0
2
4
0
0
4
1
2
1
0
1
0
1
0
1
0
0
0
3
0
2
1
7
10
13
11
38
38
38
39
48
57
43
29
19
15
9
2
3
0
1
0
1
0
1
0
0
1
0
0
3
0
1
0
0
0
1
2
0
0
1
1
0
0
0
1
1
0
2
1
1
1
0
0
1
0
1
2
2
1
1
0
1
1
1
1
0
0
0
0
0
3
0
0
0
0
0
0
1
0
0
0
0
0
1
0
1
0
1
0
0
1
2
0
1
1
0
1
1
1
3
0
2
0
0
3
0
0
2
1
0
0
0
1
4
1
1
1
2
1
0
1
4
1
1
0
1
0
0
0
1
2
1
1
2
1
1
1
1
2
0
0
2
0
0
1
1
0
0
0
0
2
1
0
0
0
0
0
0
0
0
0
1
1
1
0
0
0
0
1
2
1
1
1
0
1
1
0
1
0
0
1
0
1
1
2
1
0
1
1
0
0
0
1
1
0
1
2
0
1
0
0
0
1
0
0
1
0
1
1
0
1
1
3
0
0
1
4
0
0
0
2
1
0
1
0
0
0
3
1
0
0
0
1
0
0
0
2
0
2
0
2
2
0
1
0
1
0
0
1
0
1
0
0
0
0
1
1
0
0
1
0
0
0
1
0
0
0
0
0
0
0
0
0
0
1
0
1
0
1
0
0
1
0
2
0
0
0
0
0
1
2
2
0
0
0
0
0
2
0
1
0
1
0
0
2
0
1
0
0
0
0
0
0
0
0
0
0
0
0
0
0
1
0
0
0
2
0
2
2
1
1
1
1
0
1
0
2
1
2
2
2
2
0
1
1
2
0
0
2
0
1
0
2
1
1
1
1
1
1
2
0
1
0
0
0
1
0
0
0
0
1
0
1
0
1
0
2
0
0
0
1
0
0
0
1
1
1
0
1
0
0
1
1
0
0
0
1
0
0
0
0
0
0
0
1
1
0
0
1
3
1
1
0
0
2
0
0
0
0
0
2
0
0
1
0
0
1
0
2
0
0
0
1
1
0
1
1
0
1
1
0
1
0
2
3
3
1
1
5
0
1
0
0
1
0
0
0
0
0
1
0
0
2
1
0
0
2
0
0
0
1
1
0
0
0
0
0
2
2
1
1
1
0
0
0
1
0
0
0
0
0
0
0
0
0
0
2
0
1
0
0
0
1
1
0
0
0
0
1
0
2
0
0
1
0
0
1
2
0
0
0
1
2
0
1
2
0
0
2
1
0
0
0
2
1
2
0
0
0
2
1
2
0
1
0
0
0
1
0
3
2
0
0
1
0
1
0
1
0
0
0
0
0
1
0
0
0
0
1
0
0
0
0
0
2
1
2
1
0
1
1
0
1
0
1
1
1
0
0
0
0
0
0
0
0
1
0
1
1
1
0
0
1
1
1
1
0
1
1
0
1
0
0
0
0
0
0
1
0
1
1
0
0
1
1
1
1
2
0
0
2
0
0
0
1
0
1
0
0
0
0
0
0
0
0
0
1
0
0
0
1
0
0
0
1
0
0
1
1
0
0
0
0
0
0
1
0
1
0
1
1
0
1
0
0
0
0
0
0
0
1
0
0
1
1
0
0
2
0
0
0
0
0
1
0
1
1
1
2
1
1
1
0
1
1
0
2
0
2
0
0
0
1
0
0
0
0
0
0
0
1
0
0
0
1
0
0
0
0
2
0
2
0
1
0
1
0
0
0
1
0
0
1
0
0
0
0
0
0
0
0
0
1
0
0
0
0
0
0
0
0
0
1
0
0
0
0
0
0
0
0
0
0
0
0
0
0
0
1
0
1
0
0
0
1
0
0
0
1
3
1
4
2
1
3
2
4
5
1
1
0
1
0
0
0
0
0
0
0
0
0
0
0
1
2
0
0
0
0
2
1
0
0
0
0
0
0
0
0
0
0
0
1
0
0
0
0
0
1
0
0
2
1
1
1
1
0
1
0
1
1
0
3
0
0
1
0
0
0
0
0
0
0
2
0
1
0
0
0
0
1
0
1
0
0
0
0
0
2
0
0
0
0
0
2
0
0
0
2
0
0
0
1
0
0
2
0
0
1
0
0
0
0
1
0
0
1
1
0
0
1
0
0
0
1
0
0
0
1
0
0
1
0
1
0
0
0
1
0
0
0
0
0
0
1
1
0
0
0
1
2
1
0
0
0
1
0
2
0
0
0
0
1
0
0
0
0
1
0
0
1
0
0
0
1
0
0
0
0
1
0
0
0
0
0
0
0
0
1
1
1
0
1
0
0
0
1
0
0
0
1
0
0
0
0
0
0
0
0
1
0
0
1
0
0
0
0
1
1
2
0
1
1
2
1
0
0
0
0
0
0
0
0
0
0
0
0
0
1
0
0
0
1
0
0
0
0
0
0
0
0
1
1
0
0
0
2
0
0
0
0
0
0
0
0
0
0
0
0
0
0
0
0
1
0
0
0
0
0
1
0
0
0
0
2
0
0
1
0
0
0
0
0
0
0
0
1
0
1
1
0
0
0
0
0
0
0
0
0
0
0
1
0
0
1
0
0
0
2
0
1
1
0
1
0
0
0
0
2
0
0
1
2
0
0
1
0
0
2
0
0
0
0
1
0
0
0
0
0
0
0
2
2
0
0
0
1
0
0
0
0
0
0
0
0
0
1
0
1
0
0
0
0
1
0
0
0
0
2
0
0
0
0
0
0
0
0
0
1
0
2
0
0
1
2
0
1
0
0
0
0
0
0
0
0
3
2
0
0
0
0
0
0
0
1
1
0
0
0
1
0
0
1
1
0
0
1
0
2
0
0
1
0
0
0
0
0
0
1
0
0
0
0
0
1
0
1
0
0
0
0
0
0
0
0
0
0
0
2
0
1
0
1
0
0
0
0
0
0
0
1
1
0
1
0
0
0
2
0
0
0
0
1
0
0
0
0
0
0
0
0
1
0
0
1
1
1
0
0
1
1
0
0
0
0
0
0
0
2
0
1
0
0
0
0
1
0
0
0
1
0
0
0
0
0
0
1
0
0
0
0
0
0
0
1
0
0
0
1
2
0
1
0
0
0
0
0
1
0
0
1
0
1
1
0
0
0
0
1
0
0
1
1
0
0
0
0
1
0
0
1
0
0
2
0
0
0
1
0
0
0
1
0
1
1
0
0
1
0
0
1
0
1
0
0
1
1
0
1
0
0
0
0
0
0
1
1
0
0
0
1
0
0
0
0
1
0
0
0
0
0
0
0
2
0
0
0
0
0
0
0
0
0
3
0
0
1
0
0
0
0
0
0
0
0
0
1
0
0
1
0
0
1
0
0
0
0
0
0
0
0
0
0
0
0
0
0
1
1
0
1
0
0
0
0
0
0
0
0
0
0
0
0
0
0
0
0
0
0
1
2
0
0
0
0
0
2
1
0
1
1
0
0
1
2
0
1
0
0
0
0
0
0
1
1
1
1
0
1
1
0
0
0
0
0
0
0
0
0
0
1
0
0
0
1
0
2
0
0
0
0
0
2
0
0
0
0
0
0
0
0
0
0
0
1
0
0
0
0
0
0
1
0
0
0
2
1
0
0
2
0
0
0
0
0
0
0
0
1
0
1
0
0
3
0
0
0
1
0
0
0
0
1
1
0
0
1
0
0
1
0
0
0
1
0
0
0
0
0
0
0
0
0
0
0
0
1
0
0
0
1
0
0
0
0
0
0
0
1
0
0
0
0
0
0
0
1
1
0
0
0
0
0
0
2
0
1
0
0
0
0
0
0
0
0
0
0
0
1
1
0
1
0
1
0
0
0
0
0
0
0
2
2
0
0
1
2
2
2
2
1
1
2
0
0
1
3
1
0
1
0
0
0
0
1
1
0
1
0
2
0
0
0
0
0
1
0
0
0
0
1
0
0
0
0
1
0
0
0
1
0
0
0
0
0
0
0
0
0
0
0
1
0
0
0
0
0
0
1
1
1
0
0
0
1
1
0
2
0
0
0
2
0
0
0
0
0
1
0
0
0
0
0
0
0
0
0
0
0
0
1
0
0
0
1
0
2
0
0
0
0
0
1
0
0
0
0
1
0
0
0
0
0
0
0
2
0
1
2
1
2
0
0
0
1
0
0
0
1
0
0
0
1
0
0
0
1
0
0
0
0
1
0
0
0
0
1
0
1
0
0
0
0
0
0
1
0
0
0
1
1
0
2
1
0
0
0
0
1
1
0
0
0
1
0
0
0
1
0
0
0
0
0
0
2
0
0
0
1
1
0
0
0
0
0
0
0
0
1
0
1
0
0
0
0
0
0
0
0
0
0
0
0
0
0
0
0
1
0
2
1
2
0
0
0
0
0
0
0
0
1
1
0
0
0
0
0
1
0
0
0
0
1
0
0
0
1
1
0
2
0
0
0
2
0
0
1
2
3
0
1
0
1
5
1
1
0
0
0
0
1
0
0
1
0
0
0
0
0
2
0
0
0
0
1
0
0
0
0
0
0
0
0
0
0
0
0
0
0
0
0
0
0
0
0
1
0
0
0
0
0
0
1
0
0
0
0
0
0
1
0
1
0
0
0
1
0
1
1
0
0
0
0
0
0
1
0
0
1
0
0
1
0
1
0
0
0
0
0
0
0
0
0
1
0
0
0
0
0
0
0
0
0
0
0
0
0
0
1
1
0
0
1
0
0
0
0
1
0
0
0
0
0
0
1
1
0
0
0
2
0
0
1
0
0
0
1
0
0
0
0
0
1
0
0
1
0
0
0
0
0
0
0
1
0
0
0
1
0
0
0
0
0
0
0
0
0
0
0
0
0
0
0
0
0
0
0
0
0
0
1
0
0
0
0
0
0
0
1
1
1
0
0
0
2
1
0
0
0
0
1
0
0
0
0
0
1
1
0
0
1
0
1
0
1
1
0
0
0
0
0
1
0
0
0
1
0
0
0
0
1
0
0
0
0
1
0
0
0
0
0
0
0
0
0
0
0
0
2
0
0
1
0
0
0
0
0
1
1
1
0
1
0
0
1
1
0
0
0
1
0
0
0
1
2
0
0
0
0
0
1
1
1
1
2
0
0
2
0
0
0
0
1
0
0
0
0
0
0
0
0
0
1
0
0
0
1
0
0
0
0
0
0
0
0
0
0
0
0
0
0
0
0
1
0
1
1
0
1
0
1
1
1
0
0
0
0
0
0
0
0
0
2
0
0
0
0
2
1
0
0
0
0
0
0
1
1
1
0
1
1
2
0
0
0
0
0
1
1
2
0
0
1
0
0
0
0
0
0
0
0
0
0
0
1
1
1
0
1
0
1
0
0
1
0
1
0
0
1
0
1
0
0
0
0
3
1
0
1
0
0
0
0
0
0
0
0
1
0
1
0
0
0
1
0
0
0
0
0
0
0
1
0
0
0
1
0
0
1
0
0
2
0
0
0
1
1
0
0
0
1
0
0
0
0
0
0
1
0
1
0
0
0
0
0
0
1
1
0
0
0
0
1
1
0
0
0
0
0
0
0
1
0
1
0
0
0
1
0
1
0
0
0
0
0
0
0
0
0
0
0
0
0
1
0
0
0
1
0
0
2
0
0
0
0
0
0
0
0
0
1
0
0
0
1
0
2
0
1
0
1
0
0
0
0
0
0
0
0
0
0
0
0
0
0
0
0
0
0
0
1
0
0
0
1
0
0
1
0
1
0
0
0
0
0
0
0
0
0
0
0
0
0
1
0
0
0
0
0
0
0
0
0
0
0
1
0
0
0
0
0
0
0
0
0
0
0
0
0
0
0
0
0
0
0
1
0
0
0
0
0
0
1
0
0
0
0
1
0
0
0
0
0
0
0
3
0
0
1
0
0
0
1
0
1
0
1
1
0
0
1
0
0
0
0
0
0
0
0
0
0
0
0
0
0
2
0
0
0
0
0
0
0
1
0
0
0
0
0
0
0
0
0
0
0
0
1
0
0
1
0
0
0
0
0
0
0
2
1
1
0
0
0
0
0
0
0
0
0
0
0
0
0
0
0
0
1
0
1
0
0
0
1
0
0
0
0
0
0
0
0
1
0
0
0
0
0
0
0
0
0
0
0
0
0
0
0
0
0
0
0
0
0
0
0
0
0
0
0
0
1
0
0
0
0
0
0
0
0
0
0
0
0
0
0
0
0
0
0
0
0
0
0
0
0
0
1
0
0
0
0
0
0
0
0
0
1
1
0
0
0
1
0
0
0
0
0
0
0
0
0
0
0
0
0
0
0
0
0
0
0
0
0
0
0
0
0
0
0
0
0
0
0
0
0
0
0
0
0
0
0
1
0
0
0
0
0
0
0
0
0
0
0
0
1
0
0
0
1
0
0
0
0
0
0
0
0
0
0
0
0
0
0
0
0
0
0
0
0
0
0
0
0
0
0
0
0
0
0
0
0
0
0
1
1
0
0
0
0
0
0
0
0
0
0
0
0
0
0
0
0
0
0
0
0
0
0
0
0
0
0
0
0
0
0
0
0
1
0
0
0
0
0
0
0
0
0
0
0
0
0
1
0
0
0
0
0
0
0
0
0
0
0
0
0
0
0
0
0
0
0
0
1
0
0
0
0
0
0
0
0
0
0
0
0
0
0
0
0
0
0
0
0
0
0
0
0
0
0
0
0
0
0
0
0
0
0
0
0
0
0
0
1
1
0
0
0
0
0
0
0
0
0
0
0
0
0
0
0
0
0
0
0
0
0
0
0
0
0
0
0
0
0
0
0
0
0
0
0
0
0
0
0
0
0
0
0
0
1
0
0
0
0
0
0
0
0
0
0
3
2
3
3
4
4
1
11
4
4
8
5
9
4
8
5
0
0
0
0
0
0
0
0
0
0
0
0
0
0
0
1
0
0
0
0
0
0
0
0
0
0
0
0
0
0
0
0
0
0
0
0
0
0
0
0
0
0
0
0
0
0
0
0
1
0
0
0
0
0
0
0
0
0
0
0
0
0
0
0
0
0
0
0
0
0
0
0
0
0
0
0
0
0
0
0
0
0
0
0
0
0
0
0
0
0
0
0
0
0
0
0
0
0
0
0
0
0
0
0
0
0
0
0
0
0
0
0
0
0
0
0
0
0
0
0
0
0
0
0
0
0
0
0
0
0
0
0
0
0
0
0
0
0
0
0
0
0
0
0
0
0
0
0
0
0
0
0
0
0
0
0
0
0
0
0
0
0
0
0
0
0
0
0
0
0
0
0
0
0
0
0
0
0
0
0
0
0
0
0
0
0
0
0
0
0
0
0
0
0
0
0
0
0
0
0
0
0
0
0
0
0
0
0
0
1
0
0
0
0
0
0
0
0
0
0
0
0
0
0
0
0
0
0
0
0
0
0
0
0
0
0
0
0
0
0
0
0
0
0
0
0
0
0
0
0
0
0
0
0
0
0
0
0
0
0
0
0
0
0
0
0
0
0
0
0
0
0
0
0
0
0
0
0
0
0
0
0
0
0
0
0
0
0
0
0
0
0
0
0
0
0
0
0
0
0
0
0
0
0
0
0
0
0
0
0
0
0
0
0
0
0
0
0
0
0
0
0
0
0
0
0
0
0
0
0
0
0
0
0
0
0
0
0
0
0
0
0
0
0
0
0
0
0
0
0
0
0
0
0
0
0
0
0
0
0
0
0
0
0
0
0
0
0
0
0
0
0
0
0
0
0
0
0
0
0
0
0
0
0
0
0
0
0
0
0
0
0
0
0
0
0
0
0
0
0
0
0
0
0
0
0
0
0
0
0
0
0
0
0
0
0
0
0
0
0
0
0
0
0
0
0
0
0
0
0
0
0
0
0
0
0
0
0
0
0
0
0
0
0
0
0
0
0
0
0
0
0
0
0
0
0
0
0
0
0
0
0
0
0
0
0
0
0
0
0
0
0
0
0
0
0
0
0
0
0
0
0
0
0
0
0
0
0
0
0
0
0
0
0
0
0
0
1
0
0
0
0
0
0
0
0
0
0
0
0
0
0
0
0
0
0
0
0
0
0
0
0
0
0
0
0
0
0
0
0
0
0
0
0
0
0
0
0
0
0
0
0
0
0
0
0
0
0
0
0
0
0
0
0
0
0
0
0
0
0
0
0
0
0
0
0
0
0
0
0
0
0
0
0
0
0
0
0
0
0
0
0
0
0
0
0
0
0
0
0
0
0
0
0
0
0
0
0
0
0
0
0
0
0
0
0
0
0
0
0
0
0
0
0
0
0
0
0
0
0
0
0
0
0
0
0
0
0
0
0
0
0
0
0
0
0
0
0
0
0
0
0
0
0
0
0
0
0
0
0
0
0
0
0
0
0
0
0
0
0
0
0
0
0
0
0
0
0
0
0
0
0
0
0
0
0
0
0
0
0
0
0
0
0
0
0
0
0
0
0
0
0
0
0
0
0
0
0
0
0
0
0
0
0
0
0
1
0
0
0
0
0
0
0
0
0
0
0
0
0
0
0
0
0
0
0
0
0
0
0
0
0
0
0
0
0
0
0
0
0
0
0
0
0
0
0
0
0
0
0
0
0
0
0
0
0
0
0
0
0
0
0
0
0
0
0
0
0
0
0
0
0
0
0
0
0
0
0
0
0
0
0
0
0
0
0
0
0
0
0
0
0
0
0
0
0
0
0
0
0
0
0
0
0
0
0
0
0
0
0
0
0
0
0
0
0
0
0
0
0
0
0
0
0
0
0
0
0
0
0
0
0
0
0
0
0
0
0
0
0
0
0
0
0
0
0
0
0
0
0
0
0
0
0
0
0
0
0
0
0
0
0
0
0
0
0
0
0
0
0
0
0
0
0
0
0
0
0
0
0
0
0
0
0
0
0
0
0
0
0
0
0
0
0
0
0
0
0
0
0
0
0
0
0
0
0
0
0
0
0
0
0
0
0
0
0
0
0
0
0
0
0
0
0
0
0
0
0
0
0
0
0
0
0
0
0
0
0
0
0
0
0
0
0
0
0
0
0
0
0
0
0
0
0
0
0
0
0
0
0
0
0
0
0
0
0
0
0
0
0
0
0
0
0
0
0
0
0
0
0
0
0
0
0
0
0
0
0
0
0
0
0
0
0
0
0
0
0
0
0
0
0
0
0
0
0
0
0
0
0
0
0
0
0
0
0
0
0
0
0
0
0
0
0
0
0
0
0
0
0
0
0
0
0
0
0
0
0
0
0
0
0
0
0
0
0
0
0
0
0
0
0
0
0
0
0
0
0
0
0
0
0
0
0
0
0
0
0
0
0
0
0
0
0
0
0
0
0
0
0
0
0
0
0
0
0
0
0
0
0
0
0
0
0
0
0
0
0
0
0
0
0
0
0
0
0
0
0
0
0
0
0
0
0
0
0
0
0
0
0
0
1
0
0
0
0
0
0
0
0
0
0
0
0
0
0
0
0
0
0
0
0
0
0
0
0
0
0
0
0
0
0
0
0
0
0
0
0
0
0
0
0
0
0
0
0
0
0
0
0
0
0
0
0
0
0
0
0
0
0
0
0
0
0
0
0
0
0
0
0
0
0
0
0
0
0
0
0
0
0
0
0
0
0
0
0
0
0
0
0
0
0
0
0
0
0
0
0
0
0
0
0
0
0
0
0
0
0
0
0
0
0
0
0
0
0
0
0
0
0
0
0
0
0
0
0
0
0
0
0
0
0
0
0
0
0
0
0
0
0
0
0
0
0
0
0
0
0
0
0
0
0
0
1
0
0
0
0
0
0
0
0
0
0
0
0
0
0
0
0
0
0
0
0
0
0
0
0
0
0
0
0
0
0
0
0
0
0
0
0
0
0
0
0
0
0
0
0
0
0
0
0
0
0
0
0
0
0
0
0
0
0
0
0
0
0
0
0
0
0
0
0
0
0
0
0
0
0
0
0
0
0
0
0
0
0
0
0
0
0
0
0
0
0
0
0
0
0
0
0
0
0
3
3
3
1
3
0
4
0
2
1
1
4
1
1
2
2
1
0
0
2
2
3
0
3
1
5
0
0
1
1
1
3
3
1
2
2
0
1
1
2
3
1
0
3
4
2
1
1
0
0
1
0
0
0
0
0
0
1
1
0
2
3
3
0
2
3
3
3
2
1
0
0
1
4
2
2
1
1
2
2
0
1
1
3
0
0
2
2
0
3
2
0
2
1
1
1
2
3
2
0
0
2
1
2
0
0
1
0
1
0
1
1
0
2
0
2
2
2
2
1
2
1
2
0
2
1
0
0