0
0
0
0
0
0
0
0
0
0
0
0
0
0
0
0
0
0
0
0
0
0
0
0
0
0
0
0
0
0
0
0
0
0
0
0
0
0
0
0
0
0
0
0
0
0
0
0
1
2
1
2
3
8
15
37
43
45
65
48
47
46
64
49
58
51
51
55
75
81
78
78
63
82
75
75
78
86
85
61
72
66
71
85
116
96
89
109
112
115
95
100
89
115
106
98
113
96
93
120
125
112
130
142
125
154
132
127
120
130
117
126
109
114
121
111
136
101
122
139
105
138
114
116
121
121
115
127
121
143
122
158
127
128
138
127
140
130
127
128
131
126
136
139
129
147
118
135
149
133
133
145
135
128
127
135
147
144
139
137
142
138
146
111
143
133
133
134
151
137
144
148
130
130
121
144
134
138
142
124
163
113
129
154
135
135
125
126
139
124
126
148
142
175
136
144
125
130
148
151
119
118
128
144
146
119
137
156
127
121
136
121
135
152
128
125
120
145
140
127
128
137
121
142
143
123
117
120
135
134
137
150
136
146
126
150
152
127
146
179
162
142
157
143
125
134
132
157
139
137
142
127
107
140
120
130
124
116
152
129
126
113
129
126
122
116
126
147
131
140
139
129
141
113
111
133
123
134
121
140
121
125
118
122
120
127
111
133
116
130
111
124
127
129
125
109
118
122
114
115
111
114
84
107
119
111
112
109
111
122
96
117
116
129
107
116
96
125
100
112
102
126
111
111
99
123
98
103
102
108
94
98
104
103
107
103
124
131
109
89
112
110
108
118
122
120
92
109
98
111
101
109
105
113
105
102
107
99
95
95
119
101
105
98
93
109
117
116
101
101
98
82
109
106
96
104
108
98
105
104
93
105
83
102
106
107
95
89
106
103
97
104
108
96
101
94
95
107
101
105
99
95
97
112
103
102
96
114
112
86
101
112
94
100
101
105
97
89
97
103
106
98
96
109
89
101
94
82
95
76
89
97
86
93
108
89
96
85
98
103
91
84
78
57
89
104
91
94
98
89
97
95
95
90
94
85
114
99
90
78
108
89
91
86
96
113
110
96
107
115
102
104
112
102
109
92
123
122
114
115
125
113
100
124
103
107
113
95
122
106
113
111
110
115
99
106
92
92
108
119
111
107
110
101
97
97
119
96
87
105
90
94
104
93
97
98
90
83
90
96
83
97
92
93
90
71
96
103
81
81
81
85
83
103
85
76
87
93
78
118
123
121
103
127
101
83
98
76
72
75
78
63
82
71
72
70
63
52
67
59
72
63
73
71
71
53
58
60
74
63
66
70
52
69
70
55
59
64
70
57
72
62
57
52
55
65
54
54
57
46
68
57
55
60
57
67
64
61
57
55
61
61
51
66
59
47
51
54
54
52
59
71
54
47
55
61
56
52
51
54
61
55
45
55
49
53
58
59
53
58
51
55
54
57
49
46
47
52
65
56
61
65
46
68
57
61
55
64
59
55
75
59
51
56
40
54
55
57
55
48
54
58
53
41
50
44
49
58
48
51
66
39
54
36
62
55
51
43
58
49
64
51
46
48
47
59
62
78
73
41
63
64
46
53
49
41
52
53
52
50
53
42
54
49
48
61
42
45
59
47
46
58
55
51
51
44
57
48
43
34
53
49
43
54
43
45
51
62
44
45
55
51
50
40
43
44
34
46
36
42
38
53
37
56
50
48
45
49
41
49
46
47
53
45
50
51
29
42
47
60
46
53
50
44
43
46
39
53
40
47
48
54
47
50
53
43
55
46
46
48
44
39
48
52
45
48
47
43
52
37
34
37
42
39
47
45
31
48
40
43
45
53
56
47
36
43
43
38
34
47
34
36
46
39
48
43
39
53
48
46
50
44
47
50
52
38
46
43
47
51
40
52
51
72
68
61
56
44
51
44
51
43
37
46
41
35
41
36
50
40
52
45
47
47
51
35
44
42
36
47
27
35
38
42
36
49
45
50
48
47
40
27
38
46
40
38
32
42
38
32
45
39
42
41
34
46
35
49
42
46
37
49
31
43
46
47
43
40
33
36
34
42
37
54
40
44
32
41
38
37
49
36
39
42
44
35
47
39
42
40
44
49
47
43
30
42
44
53
42
45
51
36
37
31
44
41
46
42
42
35
33
45
26
32
40
43
30
40
37
37
33
31
52
37
41
26
47
43
32
32
41
51
44
39
36
46
40
38
27
52
34
40
39
29
34
42
33
38
36
34
38
32
35
41
40
43
37
46
32
41
36
41
35
34
34
36
38
32
35
36
33
42
40
32
32
43
37
36
35
28
41
42
42
20
41
37
25
50
33
38
35
29
39
41
43
39
36
39
28
36
33
26
52
39
29
49
34
42
37
48
41
33
43
31
36
38
44
36
38
28
48
37
39
22
36
30
29
32
32
28
41
43
41
32
49
32
37
42
37
34
34
31
43
34
33
33
41
31
37
47
35
31
37
37
35
28
40
40
34
42
42
31
36
32
31
40
41
35
29
35
27
38
31
31
43
32
21
31
35
33
38
40
43
35
36
32
43
40
33
40
26
43
39
45
41
36
36
47
34
28
43
45
38
37
43
52
35
24
37
32
27
44
40
34
28
31
33
29
29
35
37
27
33
29
27
35
30
24
28
33
24
33
31
33
29
35
49
35
31
44
36
34
29
28
32
35
36
45
36
31
25
43
49
33
36
33
35
36
40
27
44
44
43
28
37
26
28
33
30
37
29
29
33
32
27
38
36
27
31
34
26
35
35
33
32
30
40
26
29
34
42
38
34
32
37
26
38
25
32
31
32
38
33
35
36
26
27
39
54
39
43
35
30
46
49
49
40
60
51
70
56
46
42
33
28
35
34
31
40
38
40
30
38
33
45
25
35
35
32
30
38
36
39
26
37
30
32
38
42
28
27
32
29
35
38
37
22
35
30
35
37
42
23
44
39
37
36
30
31
30
32
26
41
35
37
30
34
37
38
34
27
37
29
38
30
42
37
44
27
34
35
25
36
24
35
24
35
44
34
36
28
41
27
32
27
41
26
32
22
28
32
37
39
22
35
30
25
18
33
24
43
26
26
28
33
37
37
27
30
37
23
31
36
30
36
30
33
38
31
39
29
31
32
41
28
30
36
40
26
33
35
41
32
35
29
29
37
42
25
40
30
46
39
30
36
30
32
31
31
36
41
37
46
39
42
34
35
30
23
47
24
29
43
31
37
39
32
28
45
39
26
38
22
33
37
38
28
24
44
35
32
57
48
44
51
54
64
54
59
29
37
40
33
32
42
36
35
43
41
35
32
29
34
25
34
35
23
29
27
28
34
32
33
26
25
29
30
37
35
27
33
34
35
31
33
24
32
28
28
33
23
31
28
36
30
37
47
32
33
32
32
29
41
25
37
28
37
41
40
64
36
41
48
50
45
41
46
35
29
27
40
38
36
33
36
36
41
40
30
31
33
38
39
38
29
26
44
38
28
36
37
26
39
30
37
28
37
39
30
43
42
26
31
39
36
29
34
36
31
29
34
45
33
35
36
30
26
31
26
36
31
23
28
31
37
30
36
40
41
47
30
31
30
37
25
26
28
41
30
30
27
34
30
35
34
39
27
28
29
44
41
36
31
37
21
33
31
31
26
41
27
23
33
27
41
35
30
38
31
28
31
35
28
39
31
31
29
29
42
26
30
29
39
33
36
27
24
33
25
32
38
41
31
30
27
39
36
37
33
31
27
39
39
33
32
35
29
32
27
38
29
28
37
35
37
23
36
36
36
26
29
32
35
33
33
27
34
29
38
46
28
34
32
37
28
37
32
27
25
27
34
29
39
31
35
24
29
34
32
26
27
41
35
33
30
43
42
25
44
28
28
35
42
39
29
36
25
29
39
33
21
33
28
27
36
32
37
34
37
37
34
30
33
36
38
25
35
32
33
35
30
33
45
37
35
31
32
33
21
31
27
30
31
29
36
35
37
35
33
33
32
31
40
31
34
32
33
37
38
34
28
34
31
37
36
39
32
28
25
42
33
34
33
48
27
31
38
47
43
34
33
33
53
46
37
34
34
28
32
39
26
32
36
30
24
48
29
27
35
23
38
31
47
35
32
39
49
41
44
44
34
34
36
28
26
32
31
39
49
47
34
20
33
48
42
29
37
36
33
36
32
34
35
33
33
31
42
36
35
32
33
38
32
50
37
46
43
46
34
42
41
36
31
33
37
27
35
34
40
43
25
42
32
29
42
43
17
25
33
41
30
39
32
51
38
34
41
40
29
23
28
37
41
34
40
35
28
34
36
33
47
28
35
43
43
33
36
19
31
33
38
34
45
40
49
28
38
31
38
31
24
43
46
40
38
25
38
29
42
49
37
41
35
39
32
30
37
47
35
34
35
31
41
33
38
26
39
35
40
39
38
33
32
44
33
34
36
42
39
37
40
43
24
37
36
28
34
29
37
34
36
48
46
30
44
44
31
34
32
42
37
42
42
36
37
40
37
30
43
41
46
41
43
48
53
45
40
29
37
38
35
30
27
42
41
25
44
41
31
33
40
41
43
47
28
34
39
51
42
40
39
39
39
46
38
43
38
48
41
36
35
44
40
35
31
40
44
30
42
38
40
43
41
33
35
40
41
26
36
30
34
46
46
30
40
39
33
41
37
44
47
42
45
35
56
48
44
36
39
33
34
39
30
48
48
45
37
33
38
35
39
32
34
39
30
42
40
42
36
47
39
44
47
48
50
37
33
35
32
46
38
32
31
44
36
25
29
41
43
43
38
37
43
44
41
38
41
37
43
51
42
53
45
37
35
37
50
48
46
44
39
35
42
43
43
41
39
55
34
40
40
42
37
36
45
47
43
39
30
35
32
38
38
30
49
40
44
36
49
35
39
53
39
47
45
43
38
44
37
45
48
41
27
46
46
50
49
54
38
48
45
42
35
39
48
54
42
45
41
35
43
34
37
45
47
34
47
38
34
46
38
48
40
36
46
41
52
32
34
50
54
50
48
50
44
42
55
39
42
44
43
33
38
48
34
54
39
58
52
52
42
53
44
50
60
41
31
46
50
51
35
49
37
47
47
40
39
48
50
54
41
48
43
51
45
56
35
41
43
46
48
48
47
55
37
56
52
45
43
55
46
45
54
48
50
40
48
36
33
46
51
41
47
47
45
56
66
45
46
56
48
49
56
66
60
52
61
39
54
49
47
38
62
46
53
55
40
50
40
51
48
42
54
41
47
65
49
42
48
52
49
46
48
48
56
56
63
52
45
45
50
56
52
46
46
52
45
44
41
38
54
50
52
44
58
40
54
39
58
49
40
56
49
58
41
40
51
56
48
65
51
58
55
47
60
57
46
45
43
48
48
46
37
50
42
41
51
31
54
45
65
43
59
38
75
55
41
49
52
44
64
60
52
52
57
56
47
48
63
48
58
58
55
45
53
53
48
44
57
42
64
48
56
53
57
60
47
62
48
55
54
45
37
42
44
47
60
48
48
42
54
51
57
54
35
49
45
43
48
54
39
48
57
37
42
48
49
39
40
29
42
40
43
24
44
42
47
43
40
34
39
45
37
45
28
42
33
37
45
36
33
35
33
35
39
41
46
46
37
37
36
32
28
44
43
44
34
40
43
35
36
37
32
46
32
43
42
30
39
46
45
42
46
38
45
43
33
35
38
40
34
44
35
32
40
37
33
41
38
35
33
36
30
34
36
34
41
37
49
38
41
42
36
29
43
38
43
34
40
40
39
37
42
36
36
48
39
37
36
37
37
27
39
40
42
37
35
44
40
47
42
44
34
36
33
38
45
36
45
38
40
32
24
48
26
43
45
46
33
35
32
32
28
37
52
28
23
35
27
28
50
38
44
38
44
41
36
45
37
32
42
43
31
33
46
32
32
37
24
40
34
27
40
44
28
47
21
28
26
37
33
40
34
37
35
32
25
33
33
34
48
35
30
26
42
33
29
31
28
28
40
43
41
47
44
36
31
31
33
38
30
33
42
36
31
33
31
33
28
45
34
39
24
27
35
29
34
33
27
40
48
40
32
37
32
34
41
52
40
33
35
37
25
32
28
28
29
25
29
23
23
40
34
44
37
34
38
33
35
39
40
31
40
23
26
36
25
30
35
50
33
34
37
33
38
35
22
33
34
36
32
34
38
28
42
40
32
47
38
38
32
42
30
36
32
35
23
40
39
37
32
34
40
33
35
40
27
40
26
37
27
31
32
28
34
32
36
48
35
29
34
23
37
25
37
37
32
40
33
44
28
46
42
42
41
39
31
33
38
33
48
28
21
39
29
33
37
24
35
33
28
25
39
32
41
40
38
30
43
31
26
46
33
35
32
43
32
31
26
36
27
39
36
37
30
31
44
22
25
35
29
38
33
36
32
34
38
27
32
35
25
31
36
27
30
25
31
32
23
25
36
25
24
25
22
26
16
24
16
20
12
19
31
16
25
25
25
19
28
28
18
20
25
22
34
22
25
28
19
13
23
25
18
18
27
24
15
23
16
18
23
28
20
20
18
26
16
24
17
20
27
16
30
23
23
16
20
22
18
21
18
17
22
24
26
21
19
17
25
20
19
24
18
34
21
22
14
22
11
21
21
16
19
22
17
10
19
13
25
22
20
19
18
21
27
15
20
17
19
13
15
12
16
19
21
21
15
25
23
28
18
15
18
20
26
16
20
16
21
19
25
41
42
83
115
178
296
417
568
792
978
1030
1050
972
791
617
440
265
153
67
31
30
21
19
16
29
29
18
16
18
16
16
20
17
18
15
14
9
13
10
13
17
14
13
7
10
7
23
18
13
8
20
12
11
16
13
14
17
10
14
8
10
14
10
10
15
8
6
17
11
8
10
11
11
11
10
11
11
15
9
9
11
8
10
11
9
5
10
15
6
12
19
8
13
4
14
7
12
16
8
10
10
9
6
14
18
8
8
11
13
9
9
12
11
8
8
7
7
10
13
6
2
6
13
9
12
11
9
13
11
12
10
10
12
9
9
4
10
6
3
8
10
10
4
7
8
4
9
6
12
11
8
3
8
11
4
6
10
6
3
5
6
7
8
8
7
14
5
8
5
6
8
8
8
3
13
12
10
11
9
4
8
4
5
5
4
4
6
5
5
4
6
9
7
7
11
8
7
5
4
3
6
4
11
5
10
4
7
3
8
6
5
4
6
8
8
6
7
12
9
6
9
8
4
3
12
4
8
6
3
6
6
1
9
4
10
5
2
4
12
5
2
9
8
5
5
2
3
8
7
3
6
10
10
2
4
7
4
5
3
1
7
7
2
6
2
4
7
8
9
6
8
11
9
6
5
8
6
5
5
5
4
6
7
7
8
6
5
6
5
4
3
5
2
8
4
10
2
5
5
9
8
2
5
6
8
5
5
3
3
10
5
8
0
2
5
4
6
2
6
4
7
6
3
5
2
4
5
7
3
3
9
6
9
3
7
6
10
5
7
1
6
4
3
5
2
6
9
5
2
6
2
8
3
0
7
1
7
7
7
3
8
4
1
1
10
2
4
4
4
7
8
3
7
2
7
1
4
6
7
5
9
6
4
9
8
5
1
3
6
2
7
3
5
6
7
5
6
6
2
10
4
3
2
2
1
7
5
11
5
8
2
15
24
27
50
98
158
242
365
501
655
793
891
936
879
737
551
395
232
141
76
27
15
8
3
6
5
5
5
2
5
2
2
1
0
1
3
1
0
0
1
1
0
1
1
1
0
2
0
2
2
1
3
2
0
0
4
2
3
0
1
3
1
2
1
2
2
2
1
2
2
2
3
1
1
3
1
0
0
2
1
2
0
3
1
0
2
1
2
1
0
4
0
2
0
2
1
1
1
0
1
0
1
0
3
0
2
0
0
1
2
0
4
1
1
2
3
2
1
2
0
0
1
1
3
0
1
1
1
2
0
2
3
1
2
2
1
0
1
2
3
3
2
0
2
1
0
3
2
2
0
0
0
1
2
0
0
0
1
0
2
3
2
0
1
0
1
1
2
1
2
2
1
0
3
1
3
1
1
2
1
1
0
1
1
1
0
2
1
1
1
2
4
1
2
1
1
3
0
0
1
0
0
2
2
1
4
2
1
2
1
1
1
0
2
1
0
0
0
0
1
1
1
0
3
0
0
3
1
0
0
1
1
1
2
0
2
2
2
0
1
1
0
0
0
0
1
1
0
1
2
1
1
0
1
2
2
1
0
1
1
1
0
0
2
2
0
0
1
2
1
1
0
0
0
1
0
0
1
0
0
1
0
1
1
2
0
0
2
0
1
1
0
1
0
0
0
0
1
1
1
2
1
1
1
1
0
1
0
1
0
0
0
2
0
0
1
0
1
2
0
2
1
0
1
3
0
0
0
2
0
2
0
0
2
4
6
7
9
10
24
29
32
46
58
52
46
30
36
29
12
10
6
4
0
2
0
0
0
1
0
0
0
0
0
1
0
1
0
1
0
0
0
1
0
0
0
0
0
1
1
0
1
0
0
0
2
0
1
0
0
0
3
2
1
0
0
0
0
0
1
0
2
0
0
1
0
1
1
0
1
2
3
1
0
1
0
1
2
1
1
1
1
0
0
0
0
0
0
0
1
2
2
1
2
1
0
1
2
2
0
0
1
0
2
0
3
0
0
0
3
0
1
2
1
1
1
1
0
0
0
0
1
0
0
2
1
0
1
0
0
3
1
0
1
1
2
1
0
0
3
3
1
0
1
0
0
0
0
1
0
0
2
0
0
2
1
0
1
2
1
0
1
1
0
0
0
1
1
0
2
0
0
0
0
0
1
1
1
0
1
1
1
0
0
0
0
1
0
1
1
0
0
0
1
0
1
0
0
0
0
0
0
2
0
1
2
0
1
0
3
0
0
1
0
1
0
2
0
0
0
0
1
2
0
0
1
0
1
1
0
0
1
3
0
2
0
0
1
1
0
1
0
1
1
1
0
0
0
0
0
1
2
0
0
1
1
0
1
1
0
0
0
1
0
1
3
0
0
2
2
0
2
0
0
0
0
0
1
0
1
0
1
0
1
0
0
0
0
2
0
1
1
0
1
0
1
0
1
1
1
0
0
1
0
0
0
0
1
2
0
0
0
1
2
2
2
0
0
0
1
0
1
1
0
0
4
0
1
0
0
3
0
0
3
1
0
2
0
0
0
1
1
1
4
0
1
3
1
1
1
0
3
0
0
0
0
0
1
0
1
1
0
0
0
0
0
0
1
0
0
0
3
1
0
0
2
1
0
4
1
1
0
1
0
1
0
0
1
1
0
0
0
1
0
0
1
0
1
0
0
0
1
1
0
0
1
1
0
1
0
0
1
0
1
1
0
2
0
1
1
0
1
1
0
0
0
1
1
0
0
0
0
0
0
0
1
2
3
1
2
2
0
3
0
1
0
1
1
0
3
0
0
0
1
0
0
0
0
0
0
0
1
0
0
1
2
0
0
0
0
0
0
0
0
1
0
0
0
0
2
1
1
0
0
0
1
0
0
2
0
0
0
1
0
2
0
2
1
0
1
0
1
0
2
1
0
1
0
2
0
0
0
1
2
0
0
2
0
0
1
0
3
0
0
0
0
2
0
0
1
1
0
0
0
0
0
0
1
0
0
0
0
0
0
1
1
0
0
0
0
0
0
0
0
0
0
0
0
2
0
1
0
0
1
0
0
0
0
1
1
0
0
0
0
2
0
0
1
0
0
1
0
1
0
0
0
1
0
1
0
1
0
1
0
0
0
0
1
0
0
1
0
0
0
0
0
1
0
0
1
0
2
1
0
1
0
1
0
0
0
1
1
1
1
0
0
0
0
0
0
2
1
0
0
0
0
0
0
0
2
0
0
1
0
0
0
0
0
1
1
1
0
0
0
0
0
0
0
0
0
0
1
0
0
0
0
0
0
0
0
0
0
0
0
0
1
0
1
0
0
0
0
0
0
0
1
0
0
0
0
0
0
0
0
0
1
0
2
1
0
1
4
1
0
2
1
0
1
0
0
0
0
0
0
0
0
0
0
0
0
0
0
0
0
1
0
0
0
0
2
0
0
1
0
0
2
1
0
0
0
0
0
0
0
0
0
1
0
0
1
0
0
1
0
0
0
1
1
1
1
0
0
1
0
0
0
1
1
0
0
1
1
0
0
1
0
1
1
0
1
2
1
2
3
3
2
5
2
5
3
4
2
1
3
0
0
0
2
1
1
0
0
0
0
0
1
1
0
0
2
0
2
1
0
0
1
0
0
0
0
0
0
0
0
0
0
0
0
1
0
0
0
0
1
1
1
1
0
0
0
0
0
0
0
1
1
0
0
0
1
0
0
1
0
2
0
1
0
0
1
0
0
1
0
0
0
1
1
0
1
0
0
0
0
1
0
0
0
0
0
0
0
0
1
1
0
1
0
0
0
0
0
0
0
0
0
1
0
1
0
1
0
0
0
1
1
0
0
0
0
0
0
0
0
0
0
0
0
0
1
0
0
0
1
0
0
0
0
0
0
0
0
0
0
0
0
0
0
1
0
0
0
2
1
1
0
0
0
0
2
0
0
1
0
0
1
0
0
0
0
0
0
0
0
0
0
1
0
0
1
0
0
0
0
1
0
0
1
0
0
1
0
0
1
0
0
0
1
0
0
0
1
0
0
0
1
1
0
0
0
0
2
2
1
1
0
0
2
1
0
0
0
0
1
0
0
0
0
1
0
0
1
1
0
0
0
0
0
0
0
0
0
0
0
0
1
0
0
0
2
1
0
0
0
0
2
1
0
0
0
0
0
0
0
0
0
0
0
0
0
1
0
0
0
1
0
2
1
0
0
1
0
1
0
0
0
1
0
1
2
0
0
0
0
1
0
0
0
1
0
1
1
0
0
0
0
0
0
1
0
0
0
0
0
0
1
0
0
1
0
0
0
2
1
1
0
1
0
0
0
0
0
0
0
0
0
0
1
0
1
1
0
1
0
0
1
0
0
0
0
1
0
1
0
2
0
1
0
1
0
0
0
0
0
0
1
0
0
0
0
1
0
0
0
0
0
0
0
0
1
0
1
0
0
1
0
0
1
0
0
0
0
0
0
1
0
2
0
0
0
0
0
0
0
0
1
0
0
0
1
0
0
0
2
0
0
0
2
0
0
0
0
0
0
0
2
1
0
2
2
0
0
1
0
0
0
2
0
1
1
0
0
1
0
0
0
1
0
0
0
1
0
0
0
0
0
0
0
0
0
1
1
0
1
0
1
1
1
0
0
0
0
0
0
0
0
0
0
0
0
1
0
0
0
0
3
0
0
0
1
0
0
0
0
0
0
0
0
0
0
1
0
0
0
0
0
0
0
0
0
0
0
0
0
0
1
0
1
0
0
0
0
1
0
1
0
1
1
0
1
0
1
0
0
0
0
0
0
0
0
0
0
0
0
0
0
0
2
1
0
0
0
0
1
0
0
0
2
0
1
0
0
0
0
2
0
0
0
0
0
0
0
0
1
0
1
0
0
0
0
1
0
0
0
0
1
1
0
0
1
0
0
0
0
0
0
0
1
0
0
0
0
0
0
0
0
0
0
0
2
0
0
1
0
0
0
0
1
0
0
0
0
0
0
0
0
0
0
0
0
0
0
0
1
0
0
0
1
1
0
0
0
0
0
0
0
0
1
0
0
1
0
1
0
0
0
0
0
0
0
0
0
0
0
0
0
0
0
0
1
0
0
0
0
0
0
1
1
1
0
0
0
0
0
0
2
0
0
1
1
1
1
0
0
1
0
0
0
0
0
0
0
0
0
1
1
0
0
0
0
0
0
0
0
0
2
1
0
0
0
1
0
0
0
0
0
0
1
0
1
1
0
0
0
1
1
0
0
1
1
0
0
0
0
0
0
0
0
0
0
0
0
0
0
0
0
1
0
1
0
0
0
0
1
0
0
0
0
0
0
0
0
0
0
0
0
0
0
0
1
0
0
1
0
0
0
0
1
0
0
1
0
0
0
0
0
0
0
0
0
0
0
0
0
0
1
0
1
0
1
0
0
0
1
0
2
1
0
0
1
0
1
0
0
0
0
0
0
0
0
0
1
0
0
0
0
0
0
3
0
0
0
0
0
0
0
0
1
1
0
0
1
1
0
1
1
0
0
0
0
0
0
0
0
1
0
1
0
0
0
1
0
1
3
4
1
1
0
1
0
1
0
0
1
0
0
1
0
0
0
0
0
0
0
0
0
0
0
0
0
0
1
0
1
1
0
1
0
1
0
0
1
0
0
1
1
1
0
0
0
2
1
0
1
0
0
0
0
1
1
1
0
0
0
0
0
0
0
0
0
1
1
1
1
0
0
0
0
0
0
0
1
1
0
0
0
1
0
0
0
1
0
1
0
0
0
0
0
1
0
1
0
1
1
0
1
0
0
0
0
1
0
0
0
0
0
1
0
1
0
1
1
0
0
0
0
0
1
0
0
0
0
1
0
0
0
0
0
1
1
1
0
1
0
1
0
0
0
0
1
0
0
0
0
1
0
0
1
0
0
1
0
0
0
0
0
1
0
0
0
2
0
0
1
1
3
0
1
0
0
0
1
0
0
0
0
0
1
0
0
2
0
0
0
0
0
0
0
1
2
0
1
1
1
0
0
1
0
0
0
1
0
0
0
0
2
1
0
0
1
0
1
0
0
0
1
0
0
0
0
0
0
0
0
0
0
0
0
0
0
0
0
0
0
0
0
1
0
1
1
0
0
0
0
0
0
0
1
0
1
0
4
1
1
0
0
0
2
2
1
0
0
0
1
1
0
0
2
0
0
1
0
0
1
0
1
0
0
0
0
0
0
0
0
0
0
0
1
1
0
0
2
2
0
0
0
3
0
0
0
0
0
0
1
0
2
0
0
0
0
0
0
0
0
0
0
0
0
0
1
0
1
0
0
0
0
0
0
0
0
0
0
0
0
0
0
0
0
0
0
0
0
0
1
0
0
0
0
1
0
0
0
0
0
0
0
1
0
0
0
0
0
0
2
1
0
0
1
0
1
0
0
1
0
0
0
0
0
0
0
0
0
1
0
0
0
0
0
0
0
0
0
0
0
0
0
0
0
0
0
0
0
0
0
0
1
0
0
0
1
0
1
0
0
1
1
0
0
0
1
1
0
0
0
0
0
0
1
0
0
0
1
0
0
0
0
0
0
0
0
0
0
0
0
0
1
0
1
1
1
1
2
1
2
0
1
0
0
0
0
0
0
1
0
1
0
1
0
0
1
0
1
0
0
0
0
0
2
1
0
0
0
0
1
0
0
0
1
0
0
0
0
0
0
0
0
1
0
0
1
0
0
0
0
0
0
0
0
0
0
0
0
0
0
1
0
2
1
1
0
0
0
0
0
0
0
1
1
0
0
0
0
0
0
0
0
0
0
1
1
0
1
1
0
0
0
0
0
0
0
0
0
0
0
0
0
0
0
1
0
0
0
0
0
0
1
2
1
0
0
0
0
0
0
0
0
0
0
0
1
0
1
0
1
1
0
0
0
0
0
1
0
0
0
2
0
1
0
0
0
0
0
1
0
0
0
1
0
1
0
0
1
0
0
0
0
1
0
0
0
0
0
0
0
0
0
0
0
0
2
1
0
0
0
0
1
0
1
0
1
0
1
0
0
0
1
1
0
1
0
0
0
0
0
1
0
0
0
0
0
0
0
1
0
0
0
2
0
0
1
1
0
0
0
0
0
0
1
0
1
0
0
0
2
1
1
0
0
0
1
0
1
0
0
1
0
2
0
2
0
0
0
0
0
0
0
0
0
1
0
0
0
0
0
0
0
0
0
0
0
0
0
0
0
0
0
0
0
0
1
0
0
1
1
0
0
1
0
2
0
0
0
1
0
0
1
2
0
0
0
1
0
0
0
0
0
0
1
0
0
1
0
0
0
0
0
0
0
0
1
1
0
0
0
1
0
0
1
1
0
0
0
0
0
0
0
2
0
0
0
0
1
0
0
0
0
0
0
0
1
0
1
0
1
1
0
0
1
0
0
0
1
1
0
0
0
0
0
0
1
1
0
1
0
0
0
0
0
1
0
0
0
0
0
0
0
0
0
0
0
0
0
0
0
0
0
1
0
1
0
0
1
0
0
1
0
1
0
0
0
0
0
1
0
0
0
0
0
0
1
0
0
0
0
0
0
0
0
0
0
0
2
1
0
2
0
0
0
0
0
0
0
0
0
0
0
0
0
0
0
0
2
1
0
1
0
1
0
1
0
0
0
1
0
1
0
0
0
0
0
0
0
0
1
0
1
0
0
0
0
0
0
0
0
0
0
0
0
0
1
0
0
0
0
0
1
0
0
0
0
0
0
0
0
0
0
0
0
0
0
0
0
0
0
0
0
0
0
1
0
0
0
0
0
0
0
0
0
0
0
0
0
0
0
0
0
0
0
0
0
0
0
0
0
0
0
0
0
0
0
0
0
0
0
0
0
0
0
0
0
0
0
0
0
0
0
0
0
0
0
1
0
0
0
1
0
0
0
1
0
1
1
0
0
0
0
0
0
0
0
0
0
0
0
0
0
0
0
0
0
0
0
0
1
0
0
0
0
0
1
0
0
0
0
1
0
0
0
0
0
0
0
0
0
0
0
0
0
0
0
0
1
0
0
1
0
0
0
0
0
0
0
0
0
0
0
0
0
0
0
0
0
0
0
0
0
0
0
0
0
0
0
0
0
0
0
0
0
0
0
0
1
0
0
0
0
0
0
0
1
0
0
0
0
0
0
0
0
0
1
0
0
0
0
0
0
0
0
0
0
0
0
0
0
0
0
0
0
0
0
0
0
0
0
0
0
0
1
0
0
0
0
0
0
0
0
0
0
0
0
0
0
0
0
0
0
0
0
0
0
0
0
0
0
0
0
0
1
0
0
0
0
0
0
0
0
1
0
0
0
0
0
0
0
0
0
0
0
0
0
0
0
0
0
0
0
0
0
0
0
0
0
0
0
0
0
0
0
0
0
0
0
0
0
0
0
0
0
0
0
0
0
0
0
0
0
0
0
0
0
0
0
0
0
0
0
0
0
0
0
0
0
0
0
0
0
0
1
0
0
0
0
0
0
0
0
0
0
0
0
0
1
0
1
0
0
0
0
0
1
0
0
0
0
0
1
2
4
0
5
7
12
7
12
5
3
7
5
3
5
3
0
0
1
0
0
0
0
0
0
0
0
1
0
0
0
0
0
0
0
0
0
0
0
0
0
0
0
0
0
0
0
0
0
0
0
0
0
0
0
0
0
0
0
0
0
0
0
0
0
0
0
0
0
0
0
0
0
0
0
0
0
0
0
0
0
0
0
0
0
0
0
0
0
0
0
0
0
0
0
0
0
0
0
0
0
0
0
0
0
0
0
0
0
0
0
0
0
0
0
0
0
0
0
0
0
0
0
0
0
0
1
0
0
0
0
0
0
0
0
0
0
0
0
0
0
0
0
0
0
0
0
0
0
0
0
0
0
0
0
0
0
0
0
0
0
0
0
0
0
0
0
0
0
0
0
0
0
0
0
0
0
0
0
0
0
0
0
0
0
0
0
0
0
0
0
0
0
0
0
0
0
0
0
0
0
0
0
0
0
0
0
0
0
0
0
0
0
0
0
0
0
0
0
0
0
0
0
0
0
0
0
0
0
0
0
0
0
0
0
0
0
0
0
0
0
0
0
0
0
0
0
0
0
0
0
0
0
0
0
0
0
0
0
0
0
0
0
0
0
0
0
0
0
0
0
0
0
0
0
0
0
0
0
0
0
0
0
0
0
0
0
0
0
0
0
0
0
0
0
0
0
0
0
0
0
0
0
0
0
0
0
0
0
0
0
0
0
0
0
0
0
0
0
0
0
0
0
0
0
0
0
0
0
0
0
0
0
0
0
0
0
0
0
0
0
0
0
0
0
0
0
0
0
0
0
0
0
0
0
0
0
0
0
0
0
0
0
0
0
0
0
0
0
0
0
0
0
0
0
0
0
0
0
0
0
0
0
0
0
0
0
0
0
0
0
0
0
0
0
0
0
0
0
0
0
0
0
0
0
0
0
0
0
0
0
0
0
0
0
0
0
0
0
0
0
0
0
0
0
0
0
0
0
0
0
0
0
0
0
0
0
1
0
0
0
0
0
0
0
0
0
0
0
0
0
0
0
0
0
0
0
0
0
0
0
0
0
0
0
0
0
0
0
0
0
0
0
0
0
0
0
0
0
0
0
0
0
0
0
0
0
0
0
0
0
0
0
0
0
0
0
0
0
0
0
0
0
1
0
0
0
0
0
0
0
0
0
0
0
0
0
0
0
0
0
0
0
0
0
0
0
0
0
0
0
0
0
0
0
0
0
0
0
0
0
0
0
0
0
0
0
0
0
0
0
0
0
0
0
0
0
0
0
0
0
0
0
0
0
0
0
0
0
0
0
0
0
0
0
0
0
0
0
0
0
0
0
0
0
0
0
1
0
0
0
0
0
0
0
0
0
0
0
0
0
0
0
0
0
0
0
0
0
0
0
0
0
0
0
0
0
0
0
0
0
0
0
0
0
0
0
0
0
0
0
0
0
0
0
0
0
0
0
0
0
0
0
0
0
0
0
0
0
0
0
0
0
0
0
0
0
0
0
0
0
0
0
0
0
0
0
0
0
0
0
0
0
0
0
0
0
0
0
0
0
0
0
0
0
0
0
0
0
0
0
1
0
0
0
0
0
0
0
0
0
0
0
0
0
0
0
0
0
0
0
0
0
0
0
0
0
0
0
0
0
0
0
0
0
0
0
0
0
0
0
0
0
0
0
0
0
0
0
0
0
0
0
0
0
0
0
0
0
0
0
0
0
0
0
0
0
0
0
0
0
0
0
0
0
0
0
0
0
0
0
0
0
0
0
0
0
0
0
0
0
0
0
0
0
0
0
0
0
0
0
0
0
0
0
0
0
0
0
0
0
0
0
0
0
0
0
0
0
0
0
0
0
0
0
0
0
0
0
0
0
0
0
0
0
0
0
0
0
0
0
0
0
0
0
0
0
0
0
0
0
0
0
0
0
0
0
0
0
0
0
0
0
0
0
0
0
0
0
0
0
0
0
0
0
0
0
0
0
0
0
0
0
0
0
0
0
0
0
0
0
0
0
0
0
0
0
0
0
0
0
0
0
0
0
0
0
0
0
0
0
0
0
0
0
0
0
0
0
0
0
0
0
0
0
0
0
0
0
0
0
0
0
0
0
0
0
0
0
0
0
0
0
0
0
0
0
0
0
0
0
0
0
0
0
0
0
0
0
0
0
0
0
0
0
0
0
0
0
0
0
0
0
0
0
0
0
0
0
0
0
0
0
0
0
0
0
0
0
0
0
0
0
0
0
0
0
0
0
0
0
0
0
0
0
0
0
0
0
0
0
0
0
0
0
0
0
0
0
0
0
0
0
0
0
0
0
0
0
0
0
0
0
0
0
0
0
0
0
0
0
0
0
0
0
0
0
0
0
0
0
0
0
0
1
0
0
0
0
0
0
0
0
0
0
0
0
0
0
0
0
0
0
0
0
0
0
0
0
0
0
0
0
0
0
0
0
0
0
0
0
0
0
0
0
0
0
0
0
0
0
0
0
0
0
0
0
0
0
0
0
0
0
0
0
0
0
0
0
0
0
0
0
0
0
0
0
0
0
0
0
0
0
0
0
0
0
0
0
0
0
0
0
0
0
0
0
0
0
0
0
0
0
0
0
0
0
0
0
0
0
0
0
0
0
0
0
0
0
0
0
0
0
0
0
0
0
0
0
0
0
0
0
0
0
0
0
0
0
0
0
0
0
0
0
0
0
0
0
0
0
0
0
0
0
0
0
0
0
0
0
0
0
0
0
0
0
0
0
0
0
0
0
0
0
0
0
0
0
0
0
0
0
0
0
0
0
0
0
0
0
0
0
0
0
0
0
0
0
0
0
0
0
0
0
0
0
0
0
0
0
0
0
0
0
0
0
0
0
0
0
0
0
0
0
0
0
0
0
0
0
0
0
0
0
0
0
0
0
0
0
0
0
0
0
0
0
0
0
0
0
0
0
0
1
0
0
0
0
0
0
0
0
0
0
0
0
0
0
0
0
0
0
0
0
0
0
0
0
0
0
0
0
0
0
0
0
0
0
0
0
0
0
0
0
0
0
0
0
0
0
0
0
0
0
0
0
0
0
0
0
0
0
0
0
0
0
0
0
0
0
0
0
0
0
0
0
0
0
0
0
0
0
0
0
0
0
0
0
0
0
0
0
0
0
0
0
1
3
0
1
1
2
3
2
0
0
2
1
0
1
2
1
0
0
2
1
1
2
1
1
0
2
0
2
0
2
1
0
1
0
2
4
2
4
3
1
2
3
1
3
4
0
0
0
4
2
0
0
2
0
1
1
3
1
1
1
2
1
0
2
0
1
1
2
2
2
0
1
2
1
1
2
0
0
2
4
0
0
1
2
2
0
1
1
0
0
1
0
3
1
1
1
1
2
1
1
1
2
2
5
1
1
1
0
1
1
0
2
3
4
1
2
3
1
2
3
0
0
2
0
1
0
3
0