0
0
0
0
0
0
0
0
0
0
0
0
0
0
0
0
0
0
0
0
0
0
0
0
0
0
0
0
0
0
0
0
0
0
0
0
0
0
0
0
0
0
0
0
0
0
0
0
0
1
3
1
4
2
13
41
45
52
56
61
51
40
58
46
47
47
63
57
61
68
61
83
87
91
61
77
79
71
58
57
64
60
63
80
86
93
88
85
90
96
88
86
86
84
74
88
92
93
89
102
104
103
99
101
119
116
126
103
95
79
94
126
103
96
124
106
132
122
100
106
116
90
98
101
119
114
107
118
104
116
145
134
114
116
118
118
120
123
120
123
113
106
120
127
135
132
121
121
125
134
140
120
119
126
120
112
133
128
136
123
132
127
130
122
123
124
129
131
121
125
112
131
113
130
117
132
114
115
119
126
136
116
142
131
126
111
125
133
117
130
127
129
152
123
137
114
119
120
122
121
112
138
117
142
130
129
132
128
131
136
128
117
118
108
144
133
137
126
101
127
132
117
115
121
140
121
139
123
120
162
114
131
119
108
131
109
138
133
144
127
127
127
152
134
116
119
133
112
132
131
123
120
121
133
126
109
135
122
124
121
123
120
106
113
108
148
117
119
114
98
123
124
116
100
105
130
121
125
119
110
132
108
114
109
134
127
103
103
96
134
126
103
109
100
123
91
104
106
129
124
101
108
103
128
112
110
108
100
99
116
93
114
85
108
118
94
90
107
105
112
115
104
103
101
108
107
97
102
95
86
87
110
101
83
97
97
102
102
110
105
89
83
107
102
107
99
90
110
83
104
102
104
92
71
88
93
104
97
91
84
85
86
92
98
100
79
83
85
101
95
82
94
95
78
88
90
76
76
93
112
104
84
84
85
93
82
111
94
88
87
96
75
102
85
100
99
91
102
91
85
95
94
102
91
102
94
86
94
74
87
74
87
90
77
89
86
89
97
94
73
75
86
67
74
91
84
80
69
82
80
82
86
82
68
90
74
77
86
90
87
74
95
80
94
81
90
80
90
80
66
79
86
79
84
80
81
82
69
80
84
92
93
92
84
87
90
104
110
81
78
92
90
100
101
83
95
80
99
106
108
99
109
116
91
94
97
102
89
95
94
110
102
101
103
107
90
98
68
86
91
80
99
103
85
87
89
86
85
97
86
79
79
74
85
89
94
64
91
74
61
85
72
78
73
93
84
71
78
74
72
83
98
68
71
68
87
84
62
74
86
86
100
106
88
92
90
67
84
65
56
64
68
63
56
67
59
60
59
59
66
50
57
63
55
48
46
64
59
60
61
70
57
49
52
48
60
43
64
47
46
47
43
46
49
46
50
63
57
60
49
43
58
50
38
50
41
45
53
47
50
44
52
52
46
54
57
44
52
44
52
53
59
48
52
43
43
49
51
44
45
56
49
56
52
53
53
49
41
53
44
41
29
44
48
33
44
48
39
51
41
45
57
42
40
45
50
51
47
48
38
43
50
41
46
48
39
37
42
46
38
44
33
52
43
40
53
35
35
48
39
42
44
35
57
44
42
34
44
44
43
41
46
48
46
44
32
55
48
52
66
57
45
32
39
42
42
27
50
35
41
45
48
38
53
57
37
48
46
37
35
43
29
47
37
35
38
35
32
29
34
35
41
30
36
47
29
44
32
37
37
42
38
39
30
47
48
37
37
32
35
41
39
27
32
39
34
32
34
33
35
35
32
44
36
38
41
38
31
32
35
42
37
29
40
48
41
36
38
48
35
32
37
30
36
35
34
33
30
30
35
29
33
42
37
39
33
32
44
32
40
27
34
33
36
24
43
43
39
38
31
47
52
37
47
27
31
31
36
30
36
27
24
33
42
31
33
37
33
32
31
32
40
31
27
35
36
20
39
34
37
36
37
56
43
49
57
58
44
36
34
36
39
32
44
31
27
32
30
41
37
24
31
41
34
33
35
39
31
37
20
38
28
38
27
27
38
28
41
26
40
30
31
33
28
26
24
34
27
30
29
23
43
34
35
25
32
18
35
31
37
34
29
25
27
22
24
29
31
28
27
19
34
25
35
30
27
28
32
29
38
29
31
28
36
35
36
21
30
28
20
25
24
42
26
23
35
27
32
29
37
25
34
28
26
30
33
18
31
31
34
32
28
25
26
22
18
33
29
25
30
27
21
27
21
30
23
31
27
38
19
28
24
25
19
27
33
30
30
22
30
27
31
24
26
25
23
32
32
28
27
26
32
35
28
34
26
33
27
32
24
30
39
33
30
22
29
24
31
36
31
19
24
36
21
27
26
27
28
32
36
29
23
31
30
37
23
34
30
30
29
29
35
24
23
29
26
29
16
34
23
34
28
20
34
21
26
30
30
25
17
28
27
30
23
27
23
25
29
29
24
30
27
20
17
32
23
19
30
24
34
21
29
22
25
17
28
33
33
28
12
29
30
30
30
31
20
27
27
31
20
25
25
31
19
22
22
32
30
30
17
27
26
28
26
24
13
21
23
25
24
24
25
28
26
28
26
27
17
28
26
16
23
23
30
26
28
24
25
32
32
24
19
18
25
31
30
24
32
23
22
26
25
29
22
23
25
27
33
27
23
29
20
27
26
26
22
18
34
27
25
23
25
32
18
17
23
22
25
30
27
26
28
30
16
29
33
19
28
27
23
21
27
18
22
21
39
29
20
18
24
33
25
29
26
17
25
29
22
18
30
22
31
21
23
34
28
24
19
27
23
32
29
20
25
30
22
20
22
28
23
28
15
26
27
23
25
22
22
15
24
33
22
22
33
24
19
33
17
27
19
23
23
21
23
22
29
29
19
26
34
22
26
39
43
36
52
54
50
53
35
40
40
26
29
21
23
18
27
26
27
20
15
28
21
26
16
17
23
25
20
19
18
20
30
27
29
29
18
20
22
25
21
22
25
30
26
22
22
28
31
24
25
23
15
19
23
24
19
25
14
39
29
29
27
22
27
35
24
23
21
13
26
29
22
27
22
27
26
31
15
12
30
17
21
31
28
24
22
34
20
26
25
22
21
36
15
21
28
23
27
25
20
20
20
25
23
18
19
18
29
23
31
24
23
33
20
27
27
22
24
19
19
20
25
23
25
21
19
25
28
18
15
19
27
22
25
25
16
26
30
28
33
22
25
18
16
17
20
19
16
19
23
21
17
24
22
25
19
23
31
23
21
24
20
15
20
28
24
23
30
23
27
20
19
18
16
18
19
24
26
23
15
22
23
33
20
30
16
23
36
23
35
34
38
49
31
41
22
26
17
19
27
35
21
22
36
20
26
19
23
18
22
20
24
27
22
22
23
20
28
20
25
25
25
18
33
23
27
17
23
15
16
26
24
23
14
28
24
23
22
27
34
24
17
32
22
19
27
20
28
22
21
24
26
26
19
27
36
31
40
37
32
44
41
16
37
33
29
24
27
17
30
14
24
24
26
24
25
23
21
22
21
21
21
31
30
28
17
27
23
26
23
24
22
25
20
31
21
20
22
20
22
29
21
24
27
20
24
22
24
25
20
23
25
22
25
19
21
19
22
17
27
23
28
17
20
24
21
24
17
29
19
22
19
30
31
22
27
26
21
21
21
16
14
23
30
24
27
26
24
26
14
22
19
29
22
23
23
25
19
20
15
25
28
21
21
23
24
28
20
21
26
25
25
24
32
33
29
27
21
19
19
24
22
23
23
24
28
24
25
27
27
23
18
20
24
22
22
20
23
30
31
25
26
24
23
24
22
27
23
27
26
26
26
18
33
33
18
27
23
28
13
18
25
16
23
20
25
21
22
22
24
24
22
30
22
16
24
15
17
21
23
19
18
19
20
24
20
20
33
27
20
19
27
22
16
16
22
22
21
21
24
14
26
22
21
23
26
25
23
20
14
22
23
20
25
14
29
27
21
27
24
23
18
23
15
17
19
31
17
30
19
24
18
24
23
25
24
33
20
20
27
23
23
24
25
22
20
36
22
16
24
20
27
35
19
13
16
23
18
31
19
23
22
40
29
25
14
23
31
19
13
29
27
27
29
28
20
22
26
24
25
21
22
31
28
26
27
22
21
13
23
29
17
27
22
23
22
25
20
20
26
27
22
25
23
32
36
23
28
25
16
24
22
22
23
25
27
25
22
25
14
21
17
17
24
17
23
17
19
25
18
28
18
21
24
22
26
20
26
28
17
27
24
21
21
31
27
20
26
22
27
29
22
29
26
18
20
22
21
23
20
32
19
28
31
21
15
29
32
24
29
25
25
22
23
23
19
23
16
24
25
25
27
16
17
28
28
17
21
22
29
18
21
32
34
19
27
23
18
35
21
26
26
25
29
23
20
25
24
20
33
20
28
22
29
23
25
28
28
19
21
28
23
29
27
24
31
25
26
25
23
21
27
29
20
27
26
23
27
21
19
32
20
23
23
28
26
19
29
30
34
18
32
25
28
28
26
33
17
20
26
29
27
15
34
27
21
22
22
29
16
21
28
23
25
32
25
18
32
32
10
21
20
21
29
21
27
28
26
30
26
26
24
19
23
29
34
27
33
23
20
29
17
23
18
30
23
17
29
24
18
28
25
35
36
22
24
24
23
24
24
25
17
20
26
17
26
22
35
32
26
23
27
22
31
24
22
27
21
22
25
21
22
29
17
28
28
27
34
31
29
28
27
31
27
30
28
30
19
33
27
26
30
26
24
25
25
26
21
40
28
18
20
26
27
23
25
29
23
25
35
25
28
15
25
25
26
18
23
28
20
21
27
15
31
32
25
38
28
25
25
25
19
27
33
23
27
24
28
23
26
28
25
32
21
21
33
27
18
31
19
36
21
30
29
31
30
37
27
35
23
30
24
29
23
27
38
35
27
29
25
30
29
23
29
26
39
38
29
29
30
29
36
34
31
31
27
22
27
30
30
32
25
28
34
40
25
40
21
23
28
25
30
27
25
30
32
26
26
28
20
28
46
31
30
27
20
30
27
28
27
22
30
21
25
23
23
27
33
24
28
33
30
18
16
17
24
26
27
41
27
27
22
27
30
24
25
41
27
39
31
20
22
34
31
22
31
35
27
35
30
26
25
34
28
26
38
30
33
27
26
31
28
27
32
25
24
20
33
37
31
41
33
26
28
38
21
26
24
21
26
33
38
28
31
30
29
36
22
31
30
36
26
33
44
38
31
38
31
36
47
52
40
32
30
36
27
32
22
36
29
27
26
39
35
22
33
30
32
39
24
22
29
26
34
34
29
28
25
25
40
33
35
32
30
28
32
35
42
23
40
29
34
22
39
27
27
26
26
32
32
30
41
35
47
43
22
44
35
26
34
38
28
33
30
37
32
36
38
26
30
34
40
29
29
33
34
29
22
34
20
25
30
42
28
35
35
34
36
34
27
27
25
33
24
27
34
36
39
29
33
23
29
33
32
27
32
33
33
34
27
21
29
28
40
36
33
38
39
36
37
34
33
25
33
18
25
39
28
35
36
25
31
25
35
27
29
28
33
20
41
41
31
35
39
27
38
30
35
26
47
28
33
33
34
22
22
31
26
24
26
37
28
34
25
32
28
19
28
16
25
28
26
22
27
30
36
26
33
44
25
26
21
26
19
25
21
39
33
17
18
26
31
24
23
24
30
30
19
19
24
24
36
34
26
23
28
15
24
28
20
30
25
15
22
27
26
29
26
31
27
13
22
26
13
28
27
17
32
22
13
18
33
34
28
33
23
31
30
24
21
21
30
28
22
31
24
25
32
26
22
19
21
24
25
25
19
22
28
32
23
19
17
21
38
18
18
19
35
31
33
27
27
25
22
18
19
27
21
23
23
23
21
27
25
25
24
25
33
24
32
30
16
32
22
33
30
27
22
18
26
22
25
12
24
19
19
27
20
24
24
26
28
24
27
21
26
24
26
27
20
14
30
36
18
27
21
24
27
22
18
17
20
21
24
19
25
14
19
20
26
25
17
19
16
29
20
22
26
22
22
29
29
13
23
15
28
29
24
24
26
21
21
22
17
22
20
20
18
26
24
20
16
25
15
30
19
22
19
19
20
30
14
25
20
23
19
21
30
27
22
23
27
27
19
22
25
19
27
17
23
24
28
28
17
20
20
22
26
27
26
19
21
14
28
24
18
19
17
18
21
28
18
15
28
19
24
25
22
29
25
20
25
16
22
22
18
20
20
29
23
32
19
22
30
14
21
22
16
31
24
25
22
23
23
29
20
21
21
24
23
16
22
22
32
25
20
13
24
21
29
30
32
25
23
24
22
28
28
26
21
34
20
21
20
17
16
18
26
26
22
25
30
26
28
22
25
12
23
17
21
18
23
13
26
19
22
20
20
30
17
29
16
14
20
23
27
21
30
29
20
16
21
21
20
17
24
19
22
25
30
26
21
21
18
20
23
15
21
14
15
18
22
26
17
21
21
23
20
14
17
22
19
21
15
16
17
13
16
17
16
19
13
18
14
15
17
14
17
11
14
20
15
13
13
14
13
12
15
12
16
11
17
16
16
13
20
16
12
11
18
7
16
17
18
19
12
18
13
15
17
19
24
9
17
13
14
18
17
15
18
13
14
12
16
14
10
16
14
19
9
9
14
19
10
14
27
16
14
13
11
15
12
20
13
12
7
14
13
12
19
14
13
16
12
10
9
15
12
14
12
16
9
10
20
15
14
12
16
15
11
12
15
10
14
17
10
21
20
23
27
38
92
106
125
169
244
311
429
535
597
667
544
522
363
242
171
82
41
21
14
6
13
9
12
12
7
9
7
8
14
9
14
8
7
8
13
15
5
5
7
11
11
10
9
8
10
8
11
10
15
11
12
7
11
10
11
4
6
10
13
9
10
10
5
10
12
9
9
13
10
7
8
9
6
10
12
12
9
14
6
12
6
14
8
11
8
4
7
5
12
8
7
11
7
6
2
6
4
4
10
7
4
9
7
10
10
6
6
7
7
6
7
3
5
5
4
5
5
9
2
9
4
10
6
8
7
8
9
3
6
7
3
8
3
3
7
11
4
6
9
9
4
10
6
7
8
6
6
8
5
8
5
9
10
4
6
11
2
6
7
5
6
5
7
4
8
5
9
1
10
5
7
8
5
8
9
9
12
10
3
9
9
3
5
3
6
7
6
3
6
5
5
5
4
1
4
4
7
4
9
4
6
2
4
7
6
2
4
9
3
6
4
6
7
4
5
4
3
3
2
8
8
4
4
6
4
4
4
5
3
5
3
2
3
4
6
4
2
2
5
3
5
2
7
8
4
3
5
4
5
6
5
1
1
5
8
4
8
4
6
4
5
10
3
4
5
9
5
6
6
7
11
10
8
8
7
3
7
4
4
7
8
1
3
4
5
3
4
6
7
7
4
3
2
5
5
2
6
6
4
2
4
1
5
5
3
7
2
3
6
2
5
1
5
4
4
4
3
4
9
4
1
3
2
5
2
8
2
3
4
3
5
5
3
3
5
1
3
5
5
5
2
3
3
5
4
3
4
5
3
2
6
4
4
5
0
3
1
3
2
6
5
4
1
8
7
2
5
4
3
5
4
7
3
5
3
2
4
4
6
2
3
3
2
6
4
9
6
1
3
3
3
3
6
1
4
3
9
7
4
2
7
8
5
4
7
8
7
12
13
18
31
41
54
76
124
162
233
289
392
454
558
601
556
481
331
254
148
82
35
19
5
3
6
3
8
1
4
4
2
1
3
0
2
1
2
1
3
1
1
1
1
0
1
1
2
0
0
1
3
0
1
3
1
2
5
2
1
0
0
0
0
1
1
0
0
1
1
0
1
1
1
0
0
3
0
0
0
1
2
0
0
0
1
2
2
1
2
3
6
3
1
1
3
2
1
1
0
1
3
0
1
2
0
1
2
2
0
0
1
3
0
2
1
1
1
1
1
2
0
3
1
1
1
3
2
3
3
1
1
0
3
3
0
0
0
1
0
0
2
0
1
1
0
0
0
2
1
0
1
1
2
2
1
1
1
0
1
1
2
0
0
2
0
2
2
1
1
1
1
1
2
2
1
1
0
0
0
0
1
0
1
1
1
0
0
0
0
1
3
2
4
1
5
1
1
0
0
2
0
1
1
1
0
1
0
1
1
0
0
1
1
0
0
0
1
1
0
0
1
2
0
0
0
2
1
0
2
0
2
0
0
1
2
0
3
1
0
1
0
1
2
1
1
1
2
1
0
0
0
0
1
2
1
2
0
3
1
0
0
1
2
1
0
1
0
1
2
0
1
0
0
0
0
2
1
0
1
0
0
0
2
2
2
0
1
1
0
1
1
0
1
1
1
0
0
1
2
1
2
5
1
3
0
2
0
1
2
0
1
0
0
1
0
0
0
3
2
1
1
0
2
1
0
1
3
1
1
1
0
1
1
3
3
2
12
4
15
17
23
22
40
48
56
58
28
39
28
27
13
5
6
2
1
3
1
2
2
0
0
0
1
0
0
1
1
0
1
2
1
2
0
0
0
0
0
2
0
0
1
2
0
1
0
4
0
1
1
1
0
0
1
0
0
1
0
0
0
0
0
1
0
2
0
0
0
0
0
2
0
0
1
1
0
1
0
1
0
1
0
0
1
1
1
1
0
0
3
0
0
0
0
1
1
0
1
1
2
2
0
0
0
0
0
1
0
0
1
0
1
0
2
0
2
2
0
2
0
0
0
0
1
0
1
0
0
0
0
2
0
2
2
1
0
0
0
1
0
1
0
1
1
0
1
0
0
0
1
1
1
1
0
0
0
1
1
0
1
1
0
1
1
0
0
1
0
1
0
3
0
1
0
0
1
1
2
0
0
0
0
0
1
3
0
0
0
0
1
0
1
1
0
0
0
1
2
1
0
0
1
0
0
1
0
1
0
0
1
1
1
0
1
0
0
0
1
0
0
1
0
1
0
1
0
0
1
1
0
1
0
0
1
2
0
1
0
0
0
2
1
0
0
1
2
0
0
0
1
0
0
0
0
0
1
1
2
1
0
1
0
0
0
0
1
0
1
0
1
0
0
0
0
2
0
0
0
0
0
1
0
1
0
1
0
0
0
0
0
2
0
0
1
0
0
2
2
0
1
0
0
0
0
0
1
0
0
0
0
2
1
1
1
0
0
1
1
0
0
1
0
0
0
1
2
0
1
4
0
1
0
1
0
0
2
3
1
3
1
2
3
1
0
3
4
2
4
1
1
0
1
1
0
1
0
0
3
1
0
0
0
0
0
0
0
1
1
0
0
1
1
1
0
0
0
1
0
1
0
0
0
0
1
0
0
0
2
0
0
1
0
0
0
0
0
0
1
0
0
0
0
1
0
0
1
1
1
2
0
0
1
3
0
0
1
1
1
1
0
0
2
1
2
0
0
0
0
0
1
1
1
0
1
0
0
0
1
0
0
1
0
2
1
0
1
1
1
2
0
1
0
0
0
0
2
1
0
0
1
0
2
0
0
0
0
0
1
0
0
0
0
0
0
0
0
0
0
1
0
1
0
0
0
1
0
0
0
0
0
0
0
0
0
0
0
0
0
2
0
1
0
0
0
0
0
0
0
0
0
0
0
1
0
0
0
0
0
0
0
0
0
1
1
0
2
0
1
0
0
0
0
2
1
0
0
1
0
1
0
0
0
0
1
0
0
0
0
0
1
1
2
0
0
0
0
0
0
2
0
0
0
1
0
0
1
0
0
1
0
0
1
0
0
0
1
0
0
0
1
1
0
0
0
0
0
0
0
0
0
2
0
1
1
1
0
1
1
0
0
0
0
1
0
0
0
0
0
0
0
0
0
0
1
0
0
0
0
1
0
3
0
0
0
0
0
1
1
1
0
2
1
0
0
0
0
0
0
1
0
0
0
0
1
0
1
0
1
0
0
2
0
0
0
0
2
0
1
1
2
2
0
0
1
0
0
0
0
0
0
0
0
0
0
1
0
0
1
1
0
0
0
0
0
1
1
1
0
1
0
1
0
0
0
2
0
0
0
0
1
2
2
1
2
0
1
0
0
0
1
1
0
0
0
1
0
0
0
0
0
0
0
0
0
0
1
0
1
0
0
2
1
0
0
0
0
0
1
1
0
0
0
0
0
0
2
0
0
0
1
0
0
1
2
0
1
0
0
0
0
2
0
0
1
0
0
0
0
0
1
0
0
0
1
2
0
0
1
0
0
1
0
0
0
4
2
3
2
5
3
3
0
7
5
2
5
1
1
1
0
0
1
0
0
1
0
0
0
0
1
2
0
0
1
0
0
1
0
0
0
0
0
0
0
0
0
0
0
1
1
0
0
0
1
1
0
0
0
1
0
1
0
1
0
0
0
2
0
0
0
1
0
1
0
0
0
0
0
0
0
1
0
0
0
0
0
0
0
0
0
0
1
0
0
1
0
0
0
0
0
0
1
0
2
0
0
0
0
0
0
0
0
0
0
0
0
0
0
0
0
0
1
1
0
1
1
0
1
0
2
0
0
0
0
0
0
0
0
1
0
0
0
1
0
0
0
1
1
0
0
0
0
0
1
0
0
1
0
0
1
1
1
0
0
0
0
0
1
0
0
0
0
1
0
0
0
0
0
0
0
1
0
1
0
0
0
0
0
0
1
0
1
1
0
0
0
0
1
1
1
1
0
0
0
0
1
0
0
1
0
1
0
0
0
0
0
1
2
0
1
0
0
0
0
0
0
1
1
0
1
1
0
0
0
0
0
0
0
0
0
0
0
0
1
1
0
1
0
0
0
0
1
0
0
0
0
0
0
0
0
0
0
1
0
1
0
0
1
0
1
0
0
0
1
0
0
0
0
1
0
1
0
0
0
0
0
1
0
0
0
0
2
0
0
0
0
1
2
0
1
0
1
0
0
1
0
0
1
0
1
0
0
0
1
0
0
0
0
1
0
1
0
0
0
0
1
0
1
1
0
0
2
0
1
0
0
0
0
0
0
0
0
0
0
0
0
0
0
0
1
0
0
0
0
0
0
0
0
0
0
1
0
0
1
0
0
1
0
0
1
0
1
1
0
0
0
0
1
0
0
0
0
0
1
0
0
0
0
0
0
0
1
0
0
0
0
0
1
1
0
0
0
0
0
0
0
0
0
0
0
1
0
0
0
0
1
1
1
0
0
0
0
0
0
0
0
0
1
0
0
0
1
0
1
0
1
0
0
0
0
0
0
0
0
1
0
0
1
2
1
1
0
1
0
0
0
0
0
0
0
0
0
0
2
0
0
0
0
0
0
1
2
1
1
0
1
1
0
0
1
0
0
0
0
0
0
0
0
0
1
0
0
0
0
0
0
0
0
0
0
0
1
0
0
0
0
0
0
0
0
0
0
0
0
0
0
0
0
0
1
1
1
0
0
0
0
3
1
0
0
1
1
0
0
1
0
0
0
0
0
0
0
0
2
0
0
0
1
0
0
0
2
0
0
1
0
0
0
0
2
0
0
0
0
0
0
1
0
1
0
0
0
1
0
0
0
1
0
1
0
0
0
0
0
2
0
0
1
3
0
0
0
0
0
0
0
1
1
0
0
1
0
0
0
0
0
0
0
0
1
0
0
0
0
1
0
0
0
0
0
0
0
0
0
0
0
0
0
0
0
0
0
0
1
0
2
0
0
0
0
0
0
0
0
1
0
0
0
0
0
0
0
1
0
0
0
0
0
0
0
0
0
1
0
0
0
0
0
1
0
0
0
0
0
0
0
0
0
0
0
1
0
0
0
0
0
0
0
1
0
0
0
0
0
2
1
0
1
0
2
0
1
0
0
0
0
0
1
1
1
0
0
0
0
1
0
0
0
0
0
0
0
0
0
0
0
0
0
0
1
0
0
1
0
0
0
0
0
1
0
0
1
0
1
2
0
0
0
0
0
2
0
0
0
0
0
0
0
1
0
0
0
0
0
0
0
0
1
0
0
0
2
0
0
0
1
0
0
0
0
0
1
1
1
0
1
0
0
0
1
1
0
0
0
0
0
0
0
0
2
0
0
0
0
0
1
0
1
0
0
1
1
0
0
1
1
0
0
0
0
1
1
0
0
0
0
0
0
0
0
1
0
0
0
0
0
0
0
0
0
0
0
0
0
0
0
0
0
0
0
1
0
1
0
1
0
0
0
0
1
0
0
0
0
0
1
0
0
0
0
2
1
1
0
1
0
0
0
1
0
1
1
1
0
2
1
0
1
0
1
2
0
0
0
0
1
0
0
0
0
0
0
0
0
0
0
0
1
1
0
0
1
0
0
0
0
0
0
0
0
0
0
0
0
1
1
0
0
0
0
1
0
0
0
1
0
0
0
0
1
0
0
0
0
0
0
0
1
0
0
0
1
0
0
0
1
2
1
1
0
1
0
0
0
1
0
1
0
0
0
0
0
0
0
0
2
0
0
1
1
0
0
1
0
2
1
1
1
0
0
0
0
2
0
0
0
0
0
1
0
0
1
0
0
0
1
0
0
0
0
0
0
0
1
0
0
1
0
0
0
1
1
1
0
0
0
0
0
0
0
0
0
0
0
1
0
0
1
1
0
1
1
0
0
0
0
0
0
0
0
0
0
0
1
1
0
0
1
0
2
0
0
1
0
0
1
0
0
1
0
0
0
0
0
0
0
0
0
0
1
0
0
0
0
0
0
1
1
0
0
0
0
0
0
0
0
0
0
0
0
0
0
0
0
0
0
0
1
1
2
1
1
0
0
1
0
0
0
0
0
0
0
0
0
0
0
0
0
0
0
0
0
0
0
0
1
0
0
0
1
3
0
1
2
1
0
1
1
0
1
0
0
1
2
0
1
0
0
0
0
1
1
0
0
0
0
0
0
0
0
0
0
0
0
1
0
0
2
0
0
1
0
0
0
0
1
0
1
0
0
0
1
1
1
0
0
0
1
1
0
0
0
1
0
0
0
0
1
0
0
0
1
1
1
0
0
1
0
0
1
1
1
0
1
1
0
0
0
1
0
1
0
0
0
1
1
0
0
0
1
1
0
0
0
0
0
1
0
2
0
0
0
0
0
1
0
0
1
1
0
0
0
0
1
2
0
0
1
0
0
1
0
0
0
0
0
1
0
0
0
0
0
1
0
0
0
0
0
1
1
1
0
1
1
0
0
0
0
2
0
0
0
0
0
0
0
0
0
0
0
0
1
0
0
1
0
1
0
0
0
0
1
0
0
0
0
0
1
0
0
0
0
1
0
0
0
1
0
0
0
1
0
0
0
0
1
0
0
0
0
0
0
0
1
0
0
0
0
0
1
0
0
0
0
0
0
0
0
0
0
0
0
1
0
0
1
0
0
0
0
1
1
0
2
0
0
0
0
0
0
1
1
0
0
0
2
0
0
0
0
1
1
0
0
0
0
0
1
1
0
0
0
0
1
0
0
0
0
0
0
0
0
0
0
0
0
0
0
0
1
0
0
0
0
0
0
0
0
0
1
0
1
0
1
0
0
1
0
0
2
2
0
0
1
0
0
0
0
0
0
0
0
0
0
0
0
0
0
1
0
0
0
0
0
0
0
0
0
0
0
0
0
2
0
0
1
0
0
0
1
0
0
0
1
1
1
0
0
0
1
1
1
0
1
0
0
1
0
0
0
1
0
0
0
0
0
0
0
0
1
0
0
0
1
0
0
0
0
0
0
0
0
0
0
1
0
0
1
2
0
1
0
0
0
0
0
1
0
1
1
1
0
0
1
0
1
0
0
0
1
0
0
0
0
0
1
0
0
0
0
0
0
0
0
0
0
0
0
2
0
0
0
1
0
0
0
0
0
1
0
0
2
0
0
0
1
0
0
0
1
0
0
0
0
2
0
0
0
0
0
0
0
0
0
1
0
0
0
0
0
0
0
0
0
0
0
1
1
2
0
0
1
0
0
0
0
0
0
0
0
0
0
0
0
1
1
0
0
0
0
1
1
0
0
0
0
0
0
0
0
0
0
0
0
0
0
0
0
0
1
0
0
0
0
0
1
0
0
0
0
0
0
2
0
0
0
0
0
0
0
0
0
0
0
0
0
2
0
1
0
0
0
0
0
0
0
0
0
0
0
0
0
0
1
0
0
0
0
0
1
0
0
0
1
0
0
0
0
0
0
0
0
0
1
0
0
0
0
0
0
0
0
0
0
0
0
0
0
0
0
0
1
0
0
0
0
0
0
0
0
0
0
0
0
1
1
0
0
0
0
0
1
0
0
0
0
1
0
1
2
1
0
0
0
1
1
0
0
0
0
0
0
0
0
0
0
0
0
0
0
0
0
0
0
1
0
1
0
0
0
0
0
0
0
0
0
0
0
0
0
0
0
0
0
0
0
1
0
0
0
0
0
0
0
0
0
0
0
1
0
0
0
0
0
0
0
1
1
0
0
1
0
0
0
0
0
0
0
0
0
1
0
1
0
0
0
0
0
0
0
0
0
0
0
1
1
0
0
1
1
0
1
0
1
0
0
1
0
0
1
0
0
0
0
0
0
1
1
0
0
0
0
0
0
0
0
0
0
0
0
1
0
1
0
0
0
0
0
0
0
0
0
0
0
0
0
0
0
0
0
0
0
0
0
0
0
0
0
0
0
0
0
0
0
0
0
0
0
0
0
0
0
0
0
0
0
0
0
0
1
0
0
0
0
0
0
0
0
0
0
0
0
0
0
0
0
0
0
0
0
0
0
0
0
0
0
0
0
0
0
0
0
0
0
0
0
0
0
0
0
0
0
0
0
0
0
0
0
0
0
0
0
1
0
0
0
0
0
0
0
0
0
0
0
0
0
0
0
0
0
0
0
0
0
0
0
0
0
0
0
0
0
0
0
0
0
1
0
0
0
0
0
0
0
0
0
0
0
0
0
0
0
0
0
0
0
0
0
0
0
0
0
0
0
0
0
0
0
0
0
0
0
0
0
0
0
0
0
0
0
0
0
0
0
0
0
0
0
0
0
0
0
0
0
0
0
1
0
0
0
0
0
0
0
0
0
0
0
0
0
0
0
1
0
0
0
0
0
0
0
0
0
0
0
0
0
0
0
0
0
1
0
0
0
0
0
0
0
0
0
0
0
0
0
0
0
0
0
0
0
1
0
0
0
0
0
0
0
0
0
0
0
0
0
0
0
0
0
0
1
0
0
0
0
0
0
0
0
0
0
1
0
0
1
0
0
0
3
2
2
6
7
5
5
9
3
5
5
5
3
1
1
2
1
1
0
0
0
0
0
0
0
0
0
0
0
0
0
0
0
0
0
0
0
0
0
0
0
0
0
0
0
0
0
0
0
0
0
0
0
0
0
0
0
0
0
0
0
0
0
0
0
0
0
0
0
0
0
0
0
0
0
0
0
0
0
0
0
0
0
0
0
0
0
0
0
0
0
0
0
0
0
0
0
0
0
0
0
0
0
0
0
0
0
0
0
0
0
0
0
0
0
0
0
0
0
0
0
0
0
0
0
0
0
0
0
0
0
0
0
0
0
0
0
0
0
0
0
0
0
0
0
0
0
0
0
0
0
0
0
0
0
0
0
0
0
0
0
0
0
0
0
0
0
0
0
0
0
0
0
0
0
0
0
0
0
0
0
0
0
0
0
0
0
0
0
0
0
0
0
0
0
0
0
0
0
0
0
0
0
0
0
0
0
0
0
0
0
0
0
0
0
0
0
0
0
0
0
0
0
0
0
0
0
0
0
0
0
0
0
0
0
0
0
0
0
0
0
0
0
0
0
0
0
0
0
0
0
0
0
0
0
0
0
0
0
0
0
0
0
0
0
0
0
0
0
0
0
0
0
0
0
0
0
0
0
0
0
0
0
0
0
0
0
0
0
0
0
0
0
0
0
0
0
0
0
0
0
0
0
0
0
0
0
0
0
0
0
0
0
0
0
0
0
0
0
0
0
0
0
0
0
0
0
0
0
0
0
0
0
0
0
0
0
0
0
0
0
0
0
0
0
0
0
0
0
0
0
0
0
0
0
0
0
0
0
0
0
0
0
0
0
0
0
0
0
0
0
0
0
0
0
0
0
0
0
0
0
0
0
0
0
0
0
0
0
0
0
0
0
0
0
0
0
0
0
0
0
0
0
0
0
0
0
0
0
0
0
0
0
0
0
0
0
0
0
0
0
0
0
0
0
0
0
0
0
0
0
0
0
0
0
0
0
0
0
0
0
0
0
0
0
0
0
0
0
0
0
0
0
0
0
0
0
0
0
0
0
0
0
0
0
0
0
0
0
0
0
0
0
0
0
0
0
0
0
0
0
0
0
0
0
0
0
0
0
0
0
0
0
0
0
0
0
0
0
0
0
0
0
0
0
0
0
0
0
0
0
0
0
0
0
0
0
0
0
0
0
0
0
0
0
0
0
0
0
0
0
0
0
0
0
0
0
0
0
0
0
0
0
0
0
0
0
0
0
0
0
0
0
0
0
0
0
0
0
0
0
0
0
0
0
0
0
0
0
0
0
0
0
0
0
0
0
0
0
0
0
0
0
0
0
0
0
0
0
0
0
0
0
0
0
0
0
0
0
0
0
0
0
0
0
0
0
0
0
0
0
0
0
0
0
0
0
0
0
0
0
0
0
0
0
0
0
0
0
0
0
0
0
0
0
0
0
0
0
0
0
0
0
0
0
0
0
0
0
0
0
0
0
0
0
0
0
0
0
0
0
0
0
0
0
0
0
0
0
0
0
0
0
0
0
0
0
0
0
0
0
0
0
0
0
0
0
0
0
0
0
0
0
0
0
0
0
0
0
0
0
0
0
0
0
0
0
0
0
0
0
0
0
0
0
0
0
0
0
0
0
0
0
0
0
0
0
0
0
0
0
0
0
0
0
0
0
0
0
0
0
0
0
0
0
0
0
0
0
0
0
0
0
0
0
0
0
0
0
0
0
0
0
0
0
0
0
0
0
0
0
0
0
0
0
0
0
0
0
0
0
0
0
0
0
0
0
0
0
0
0
0
0
0
0
0
0
0
0
0
0
0
0
0
0
0
0
0
0
0
0
0
0
0
0
0
0
0
0
0
0
0
0
0
0
0
0
0
0
0
0
0
0
0
0
0
0
0
0
0
0
0
0
0
0
0
0
0
0
0
0
0
0
0
0
0
0
0
0
0
0
0
0
0
0
0
0
0
0
0
0
0
0
0
0
0
0
0
0
0
0
0
0
0
0
0
0
0
0
0
0
0
0
0
0
0
0
0
0
0
0
0
0
0
0
0
0
0
0
0
0
0
0
0
0
0
0
0
0
1
0
0
0
0
0
0
0
0
0
0
0
0
0
0
0
0
0
0
0
0
0
0
0
0
0
0
0
0
0
0
0
0
0
0
0
0
0
0
0
0
0
0
0
0
0
0
0
0
0
0
0
0
0
0
0
0
0
0
0
0
0
0
0
0
0
0
0
0
0
0
0
0
0
0
0
0
0
0
0
0
0
0
0
0
0
0
0
0
0
0
0
0
0
0
0
0
0
0
0
0
0
0
0
0
0
0
0
0
0
0
0
0
0
0
0
0
0
0
0
0
0
0
0
0
0
0
0
0
0
0
0
0
0
0
0
0
0
0
0
0
0
0
0
0
0
0
0
0
0
0
0
0
0
0
0
0
0
0
0
0
0
0
0
0
1
0
0
0
0
0
0
0
0
0
0
0
0
0
0
0
0
0
0
0
0
0
0
0
0
0
0
0
0
0
0
0
0
0
0
0
0
0
0
0
0
0
0
0
0
0
0
0
0
0
0
0
0
0
0
0
0
0
0
0
0
0
0
0
0
0
0
0
0
0
0
0
0
0
0
0
0
0
0
0
0
0
0
0
0
0
0
0
0
0
0
0
0
0
0
0
0
0
0
0
0
0
0
0
0
0
0
0
0
0
0
0
0
0
0
0
0
0
0
0
0
0
0
0
0
0
0
0
0
0
0
0
0
0
0
0
0
0
0
0
0
0
0
0
0
0
0
0
0
0
0
0
0
0
0
0
0
0
0
0
0
0
0
0
0
0
0
0
0
0
0
0
0
0
0
0
0
0
0
0
0
0
0
0
0
0
0
0
0
0
0
0
0
0
0
0
0
0
0
0
0
0
0
0
0
0
0
0
0
0
0
0
0
0
0
0
0
0
0
0
0
0
0
0
0
0
0
0
0
0
0
0
0
0
0
0
0
0
0
0
0
0
0
0
0
0
0
0
0
0
0
0
0
0
0
0
0
0
0
0
0
0
0
0
0
0
0
0
0
0
0
0
0
0
0
0
0
0
0
0
0
0
0
0
0
0
0
0
0
0
0
0
0
0
0
0
0
0
0
0
0
0
0
2
2
0
0
0
3
3
1
2
1
3
1
1
0
2
1
1
0
4
3
0
0
1
0
1
0
2
2
1
2
1
2
1
0
2
2
3
0
0
2
1
1
3
0
0
3
1
2
1
2
3
3
3
0
0
0
3
1
1
1
3
2
0
3
1
2
1
2
1
1
1
3
2
0
2
2
0
1
2
3
1
1
2
0
1
0
3
1
3
0
0
1
3
3
0
4
2
0
1
0
1
0
2
1
1
1
1
1
1
2
2
0
0
1
0
3
1
0
0
0
2
2
1
3
0
2
1
2