0
0
0
0
0
0
0
0
0
0
0
0
0
0
0
0
0
0
0
0
0
0
0
0
0
0
0
0
0
0
0
0
0
0
0
0
0
0
0
0
0
0
0
0
0
0
0
1
2
1
2
4
4
6
22
37
51
57
48
40
44
51
42
50
36
42
46
55
75
51
81
83
91
90
71
73
67
72
65
57
51
71
73
67
67
81
97
91
78
94
73
69
76
85
67
58
91
77
86
91
118
106
128
118
116
90
98
96
91
92
91
91
88
92
91
115
120
109
123
89
96
108
100
96
96
107
121
127
106
113
113
112
105
109
110
121
122
136
109
121
110
124
96
104
129
115
112
112
131
136
109
101
122
120
125
105
129
107
102
115
132
142
120
115
103
117
130
105
103
115
108
112
108
122
119
110
127
128
117
115
124
128
112
112
144
111
115
114
120
113
128
126
114
102
127
141
122
118
134
120
126
125
127
126
129
89
124
119
121
130
132
135
103
142
110
117
123
128
124
117
125
140
143
117
116
108
110
129
119
127
114
115
113
121
119
135
144
135
140
120
139
145
133
135
131
118
116
103
163
121
125
108
122
117
104
111
115
139
133
143
116
99
107
113
128
110
103
104
109
109
109
91
110
96
114
116
113
131
117
110
99
126
94
108
106
123
119
101
104
106
123
108
105
87
89
76
99
99
112
132
124
127
107
101
108
98
91
100
106
93
92
101
121
91
78
100
105
107
98
91
79
99
96
101
100
98
108
98
108
102
89
98
91
94
105
92
91
82
108
85
88
104
99
93
81
85
81
83
80
94
85
82
89
104
84
100
91
101
79
85
80
88
80
88
81
87
96
83
70
102
78
87
75
86
86
92
91
74
85
83
82
81
89
73
76
85
107
97
80
73
76
89
83
81
73
94
86
75
89
77
78
85
103
88
85
92
101
73
85
83
75
77
73
95
77
91
74
76
83
85
71
81
80
79
85
80
88
83
82
85
75
74
92
61
72
75
71
84
76
82
85
83
75
88
79
81
82
68
81
86
72
68
70
73
69
83
72
85
65
82
75
66
78
98
95
98
83
82
85
85
82
84
83
82
95
111
102
112
98
78
89
98
92
105
103
94
84
98
98
92
100
122
83
104
96
95
97
94
89
87
99
96
78
80
75
73
88
95
88
70
84
79
87
75
77
74
69
69
66
70
68
75
84
62
67
79
63
67
59
77
65
72
67
56
63
76
68
75
87
72
100
96
113
90
80
77
74
66
63
64
50
65
51
58
59
47
62
61
47
54
47
58
63
65
52
59
49
48
58
53
44
44
40
45
41
42
52
43
47
54
46
45
41
55
57
42
44
56
30
46
51
45
40
47
41
48
47
38
47
57
45
36
37
40
32
37
62
35
32
46
41
38
40
40
44
37
39
45
56
38
41
43
51
41
42
43
50
31
48
38
55
38
37
45
23
35
44
43
40
34
48
53
46
35
55
35
31
32
39
33
37
44
35
33
38
37
37
47
41
40
41
33
34
38
37
41
45
36
35
33
32
45
42
46
30
32
31
33
29
43
25
29
36
45
37
45
51
48
51
43
43
42
43
40
31
38
29
34
42
43
39
35
31
31
45
37
35
39
32
43
26
39
34
30
35
39
35
28
38
44
38
27
38
40
32
35
38
50
32
34
31
31
32
30
26
32
25
36
37
31
35
26
27
28
28
32
27
38
34
34
31
24
26
32
27
28
33
31
35
32
28
29
32
23
36
20
32
28
26
28
31
35
36
33
31
34
30
36
48
26
40
31
25
34
24
34
40
44
24
27
21
24
34
34
28
34
32
37
40
52
40
35
43
28
31
39
25
26
30
27
28
27
36
22
27
29
38
34
32
29
28
29
29
35
19
31
30
37
29
37
55
36
42
51
32
50
55
39
51
41
27
22
26
27
26
30
17
37
33
30
26
29
31
33
23
27
29
28
26
29
25
28
34
22
21
30
22
28
28
19
27
21
23
21
18
37
29
19
26
29
27
28
29
34
29
24
18
35
27
19
25
24
27
22
25
24
26
24
22
25
21
26
21
32
29
21
16
18
29
26
24
22
30
33
26
33
21
17
24
25
20
25
25
21
29
30
20
26
23
19
20
26
21
35
29
23
29
27
26
23
26
28
37
31
26
30
26
28
20
21
35
24
16
20
31
29
18
30
21
24
17
24
27
24
22
24
14
27
16
36
17
32
27
27
30
38
26
25
20
13
29
25
16
31
23
36
27
31
16
32
17
25
27
12
19
29
26
27
20
23
19
26
22
16
18
23
19
22
25
27
19
28
22
20
20
20
27
28
24
18
21
13
26
21
18
17
20
25
20
18
26
33
17
21
29
22
19
30
23
20
17
17
17
29
20
25
27
19
29
24
24
22
29
20
19
21
21
25
25
20
27
17
18
28
31
15
20
21
21
31
20
31
18
26
26
18
28
19
19
32
24
27
26
19
19
16
20
22
20
22
18
25
23
24
17
22
28
28
25
26
23
18
20
16
13
20
34
22
21
24
29
23
25
27
18
19
14
17
21
20
18
34
28
30
25
27
18
21
21
17
21
18
27
28
17
24
25
17
24
18
16
17
23
23
16
14
28
16
23
18
24
14
26
21
24
21
16
26
13
13
25
24
15
20
20
27
23
19
21
20
29
22
14
23
27
16
28
16
24
29
28
18
15
18
21
25
18
11
22
23
32
26
19
19
16
28
21
19
19
20
23
21
21
21
20
21
20
22
22
28
19
20
16
23
20
9
28
20
21
21
22
19
22
20
24
19
24
17
18
26
24
17
21
24
24
15
17
22
27
23
29
23
20
36
23
34
37
31
41
33
24
30
29
26
21
23
17
21
23
25
16
18
23
14
23
25
21
16
20
21
17
18
20
21
25
21
21
28
22
29
12
26
19
22
15
23
20
14
18
12
27
17
9
21
21
19
20
21
17
25
23
19
21
21
21
26
18
21
15
25
29
28
19
15
23
16
22
17
13
18
13
16
23
16
17
16
26
13
15
23
23
23
25
14
16
21
19
21
16
22
18
16
15
20
21
20
18
20
20
15
21
19
19
25
18
14
26
22
21
17
15
32
23
18
20
27
17
20
16
19
13
18
11
22
14
14
25
11
19
22
16
21
23
19
17
16
23
19
20
24
19
25
16
19
24
20
21
15
18
23
15
23
24
12
33
25
25
22
22
23
23
30
18
29
12
17
19
22
21
18
21
21
27
20
13
20
28
18
25
27
18
30
24
37
31
40
30
30
24
19
16
27
15
18
20
21
27
24
16
26
25
10
16
19
19
11
15
22
19
18
21
20
23
22
14
17
19
18
20
20
16
8
14
21
15
31
20
16
17
26
24
13
21
17
24
20
27
19
22
12
26
18
25
26
25
23
19
35
25
25
31
34
44
42
34
26
31
23
19
18
13
13
15
23
23
24
17
22
24
20
23
13
14
26
22
24
18
31
10
19
16
23
21
17
17
17
16
16
12
23
22
15
15
22
19
26
18
23
19
19
20
22
18
22
20
17
15
23
32
15
10
23
24
19
22
18
21
25
13
24
22
17
21
17
19
17
8
22
15
10
22
23
23
25
23
14
15
19
11
12
23
18
18
19
17
16
24
19
19
21
21
27
19
22
18
18
17
14
24
25
26
20
17
20
22
14
24
23
14
19
18
23
36
26
13
15
18
15
18
20
20
21
19
12
21
22
18
20
22
18
16
19
20
27
12
17
15
13
23
20
17
19
20
13
17
22
16
18
20
15
18
18
24
18
16
22
19
20
34
19
16
27
18
14
20
22
26
25
19
15
16
28
28
17
22
26
15
27
12
13
17
18
23
21
22
24
27
14
27
15
25
14
25
26
20
19
26
22
19
13
24
21
18
16
19
26
17
21
22
19
19
15
25
24
29
22
20
19
16
14
11
25
17
19
13
20
26
29
10
21
21
20
16
14
16
26
33
20
20
21
20
19
21
21
18
29
19
18
20
19
14
18
18
18
15
18
18
10
19
14
21
28
18
22
11
18
23
23
20
13
22
13
18
26
27
14
20
23
23
18
26
22
15
12
21
13
16
21
19
31
16
22
15
25
20
36
23
22
22
16
18
22
19
8
20
17
23
22
16
23
15
26
14
27
13
15
24
18
22
26
20
14
21
19
26
19
30
15
21
11
15
36
16
23
24
23
18
20
15
24
21
12
22
16
15
24
28
19
21
24
27
23
20
27
22
22
17
13
13
26
25
25
28
21
18
27
18
19
28
18
19
18
23
30
21
19
19
15
20
26
13
16
12
15
22
23
15
20
28
22
23
17
14
20
15
25
24
23
20
28
33
31
23
17
17
16
22
21
25
28
18
28
22
15
26
21
19
27
24
20
23
17
22
16
22
27
21
20
25
27
20
20
20
21
22
19
14
29
23
24
11
21
22
24
22
20
20
21
17
29
33
29
11
21
15
24
19
17
21
18
20
22
21
20
19
28
15
22
27
18
30
18
19
22
24
21
21
29
18
20
24
19
25
18
17
21
16
17
22
18
24
28
23
20
27
15
18
24
21
27
20
23
18
16
34
18
18
20
21
24
22
28
23
26
20
24
13
25
18
21
26
20
14
17
21
27
14
19
15
12
24
11
18
16
23
18
27
20
22
22
19
16
24
26
20
26
15
20
22
16
23
13
21
16
21
14
24
26
22
15
15
22
29
26
23
20
15
23
22
29
21
17
13
24
23
18
26
33
15
29
26
21
22
20
27
19
31
20
23
24
19
19
20
15
22
31
22
20
18
22
21
21
14
9
18
26
22
18
33
17
31
25
16
23
28
25
23
14
18
17
28
17
25
27
25
29
34
22
25
24
23
15
30
15
17
18
14
17
15
28
18
32
25
27
30
22
22
22
26
25
19
21
23
17
16
18
26
26
23
20
19
23
29
19
25
20
26
22
23
22
22
29
23
25
22
27
19
18
27
17
24
27
26
21
25
25
27
14
24
22
27
25
20
29
19
20
30
22
22
39
23
22
26
23
29
24
30
18
34
17
31
21
21
31
18
27
23
26
18
23
20
24
26
27
22
28
28
24
17
16
23
21
25
25
29
18
29
17
32
23
31
20
25
23
22
22
34
26
26
28
30
28
33
18
22
13
29
29
25
24
28
25
26
20
23
32
30
17
26
20
27
35
37
33
32
31
24
35
25
35
25
24
25
34
20
21
24
29
14
27
18
30
25
32
27
39
25
17
24
26
24
22
30
27
29
27
19
22
31
24
31
32
22
21
16
21
33
27
22
27
24
26
24
25
32
34
20
31
31
27
40
27
25
28
31
29
38
34
28
20
19
28
37
42
25
23
24
42
29
30
23
28
31
19
30
19
22
31
16
35
21
23
19
19
21
26
32
27
33
25
30
27
24
36
30
34
28
22
31
28
29
22
25
22
27
22
28
23
26
25
19
35
21
30
26
25
28
28
21
24
19
27
22
17
24
26
20
21
28
26
21
33
31
27
37
28
13
25
31
30
28
39
28
27
27
43
32
21
20
23
28
19
22
21
24
18
17
28
25
27
15
28
22
21
23
12
21
17
22
18
15
26
25
22
31
25
25
13
19
24
16
16
20
23
24
21
16
15
10
19
18
19
16
18
12
30
17
20
32
27
26
25
13
28
24
22
19
14
15
17
32
17
21
13
20
20
27
12
19
21
17
20
14
14
15
25
31
25
22
22
15
23
27
29
21
27
15
20
25
29
17
12
14
16
22
16
16
21
29
18
25
11
19
24
20
17
30
24
23
24
21
17
15
15
22
20
16
16
20
19
25
19
27
21
25
17
19
28
20
19
28
19
24
19
17
17
18
18
14
18
11
14
21
23
10
15
18
20
20
15
26
18
21
26
22
23
20
18
19
21
20
17
16
11
11
15
12
23
21
17
21
28
15
21
20
16
18
15
22
24
16
8
13
16
17
15
23
18
20
22
19
18
12
14
26
25
23
14
25
15
16
25
15
19
25
18
24
14
13
16
11
26
20
22
16
20
26
19
24
24
18
22
18
26
18
27
17
19
27
23
25
29
20
19
19
17
21
22
17
22
11
13
24
18
18
19
18
14
25
14
18
20
19
25
18
24
18
21
14
19
25
20
23
20
11
22
13
13
21
16
22
17
19
29
27
18
25
14
15
17
27
17
20
20
18
22
21
19
19
21
19
21
17
23
16
18
21
12
25
18
24
16
16
18
16
16
19
25
23
19
20
18
18
11
17
16
27
15
27
15
21
19
21
20
20
19
18
15
18
18
12
21
25
16
14
22
15
22
23
18
9
19
24
24
16
18
28
18
18
15
9
15
21
13
14
26
23
16
15
12
18
14
18
18
21
19
19
17
24
20
13
22
29
14
16
19
25
16
15
22
16
14
25
23
25
28
23
18
12
13
13
11
13
9
14
16
10
15
20
12
9
16
14
17
14
12
14
17
17
10
14
15
10
7
13
15
10
14
10
12
19
11
14
14
20
9
14
15
22
8
21
14
19
10
13
8
10
7
18
17
10
12
14
9
11
16
13
10
11
12
15
11
16
17
9
12
14
12
17
13
19
17
14
15
11
7
10
10
10
9
9
8
11
8
14
21
16
6
20
4
14
13
15
10
9
12
15
6
8
10
15
13
14
6
14
10
14
8
17
9
16
15
13
9
6
17
6
18
16
18
26
32
37
69
82
112
175
233
248
358
404
453
534
433
336
268
173
113
59
36
12
21
4
11
11
12
8
11
5
10
14
6
10
10
8
11
9
13
12
6
9
6
6
15
8
4
14
8
10
6
9
8
10
2
12
11
7
4
3
5
4
6
7
14
2
9
7
5
7
10
9
9
5
3
8
1
4
4
8
9
5
14
6
12
7
7
8
6
3
5
7
6
12
12
6
8
12
8
9
8
5
6
7
9
7
5
5
9
8
9
7
8
3
7
7
8
6
1
10
8
3
6
2
8
7
8
8
9
6
6
2
6
5
4
10
9
5
2
6
8
8
3
4
1
5
3
2
4
3
3
4
13
7
7
3
12
4
4
8
4
4
6
2
5
3
3
2
9
6
8
4
8
4
6
6
8
6
4
6
9
5
4
3
10
9
8
7
4
4
7
4
2
2
3
4
3
7
5
5
7
1
2
2
3
4
4
3
5
7
6
2
4
1
2
9
5
3
6
7
3
3
3
4
2
4
4
5
4
1
7
3
2
7
2
3
3
4
5
3
5
3
3
2
6
5
5
1
3
4
3
3
4
6
7
1
2
2
2
1
6
2
8
4
5
4
6
6
4
5
2
8
7
7
11
10
5
9
5
5
6
6
2
1
2
5
3
3
7
6
5
4
1
5
4
1
7
3
3
7
2
5
3
3
3
5
5
5
4
3
7
5
4
3
4
1
9
9
8
4
1
3
2
2
4
1
1
4
3
2
4
2
6
1
3
4
7
2
4
3
2
3
3
1
3
4
2
1
1
2
4
3
6
5
5
5
8
3
3
4
4
3
8
3
3
1
5
4
2
4
4
4
4
1
1
2
6
6
3
5
2
2
7
3
2
3
3
2
4
1
0
1
2
6
6
7
6
3
3
0
4
2
3
2
3
0
6
4
1
5
3
6
11
14
23
34
48
77
112
131
205
225
318
415
461
410
416
342
260
185
112
57
31
8
0
3
2
6
4
3
2
1
6
4
0
3
0
1
1
0
1
0
3
0
1
1
0
2
1
1
1
2
0
0
1
1
1
1
2
0
1
5
1
1
2
0
1
1
0
0
0
1
0
1
0
1
0
0
5
1
1
1
0
0
2
0
1
1
0
0
0
0
0
0
1
0
0
0
0
1
0
1
1
0
0
0
0
3
0
0
1
0
1
0
0
0
0
0
1
0
2
1
1
0
0
0
5
0
1
1
1
4
3
3
3
1
2
0
0
0
1
0
0
0
0
2
0
2
1
0
0
0
3
1
0
0
0
1
1
1
1
0
0
0
0
0
0
0
0
1
0
1
0
0
0
0
1
1
1
0
0
1
1
2
1
1
0
0
3
0
0
2
2
0
1
0
1
1
0
2
0
2
0
1
1
1
1
1
0
0
0
2
3
1
0
5
0
0
0
0
0
0
1
0
4
0
1
1
0
1
1
0
1
2
0
1
0
0
0
1
4
2
1
2
0
1
0
1
1
0
3
1
0
0
1
0
0
0
1
1
2
2
2
0
0
0
2
0
0
1
1
1
0
0
2
1
0
0
0
4
0
1
0
1
2
0
1
0
0
1
0
0
0
0
2
1
1
0
0
1
0
1
2
1
0
0
0
0
1
2
0
1
1
0
0
1
4
0
1
2
1
1
0
0
0
0
0
0
2
0
0
2
1
0
2
4
5
4
9
12
18
17
27
30
40
43
54
45
42
40
26
18
15
5
6
2
1
2
0
1
0
0
0
0
1
0
0
1
0
0
2
0
0
3
0
0
1
1
0
0
2
0
2
0
1
1
0
2
1
0
0
0
1
0
0
0
0
0
0
1
0
0
1
0
1
0
2
0
2
0
0
2
2
0
2
1
1
0
0
1
2
0
0
0
1
0
0
1
2
0
0
0
0
0
2
0
0
1
0
0
0
0
0
0
1
0
0
0
2
0
0
1
1
0
1
1
1
0
1
0
0
0
0
0
1
1
3
1
0
0
3
0
2
0
0
1
1
0
0
2
0
0
0
0
0
0
1
0
1
0
2
0
0
0
0
0
2
1
0
0
2
0
0
2
0
2
1
1
1
0
2
1
4
0
0
0
1
0
1
0
3
1
0
0
0
0
1
1
3
0
0
0
0
0
0
0
2
0
0
1
2
0
1
1
0
0
0
0
0
0
0
2
0
0
0
1
0
0
0
1
0
0
1
0
1
0
1
1
0
0
0
0
0
0
0
1
0
0
1
0
1
1
1
1
1
1
0
0
0
1
0
0
0
1
1
0
0
0
1
0
1
0
0
0
0
0
0
0
0
0
0
0
0
0
0
1
0
0
2
1
0
0
1
1
0
1
1
0
1
0
0
0
0
1
2
0
1
0
1
2
0
0
1
0
0
0
0
0
0
1
0
1
1
1
0
0
1
0
2
0
0
0
0
0
1
1
2
0
2
1
0
0
1
2
0
0
1
0
1
1
0
2
1
1
3
1
1
3
2
1
2
0
0
0
2
1
0
0
0
3
1
0
0
0
0
2
0
0
0
0
1
1
0
1
0
0
0
3
0
1
0
0
1
1
1
0
1
1
0
0
0
1
0
1
0
0
0
1
0
1
1
1
0
0
0
1
0
0
1
0
2
0
0
1
0
0
1
1
0
0
0
1
0
1
3
0
0
0
0
1
2
3
0
1
0
0
1
0
1
1
1
0
1
0
0
0
1
1
2
1
0
0
1
1
0
1
0
0
0
0
0
0
0
0
1
0
0
1
0
0
0
1
0
0
0
1
2
0
0
0
0
0
0
0
0
1
0
0
0
0
1
0
1
1
0
0
1
0
0
0
0
0
0
0
0
0
0
0
0
1
1
0
1
0
0
0
0
2
0
1
0
1
0
0
0
1
0
0
0
1
0
0
0
0
0
1
0
3
1
0
1
0
1
0
0
0
0
0
0
0
0
2
0
0
0
0
0
0
0
1
0
0
0
2
0
1
0
1
1
0
0
0
0
0
0
1
1
0
0
0
1
0
0
0
0
0
0
1
1
0
1
0
0
0
0
0
1
1
1
0
0
1
0
0
0
0
1
0
0
0
0
0
1
0
0
1
0
0
0
0
0
1
0
0
0
0
1
0
1
1
0
0
0
0
0
2
0
0
0
0
0
1
0
1
0
0
0
0
0
0
0
0
1
0
0
0
0
0
1
0
0
0
1
0
1
0
0
1
0
0
0
0
1
0
2
0
0
0
1
2
0
0
0
1
0
1
2
0
0
0
0
0
0
0
0
0
0
0
0
0
1
1
2
0
2
3
0
0
0
1
0
0
0
0
0
1
0
0
0
0
0
1
0
0
1
0
0
0
0
0
1
2
1
0
0
0
0
1
0
0
0
0
0
1
1
0
1
0
0
0
0
0
0
0
0
0
0
0
0
0
0
0
1
0
0
0
0
0
0
0
1
0
0
0
1
1
1
0
0
0
0
0
0
1
2
0
3
2
2
4
1
3
6
3
5
4
2
0
3
0
0
0
0
0
0
0
1
0
0
0
0
0
0
0
0
0
0
0
0
0
0
1
1
0
0
0
0
0
0
1
0
0
0
0
1
0
0
1
0
0
0
2
0
0
1
0
0
1
1
0
0
0
0
0
1
0
0
0
1
0
0
0
1
0
0
1
0
0
0
0
0
0
0
1
0
0
0
0
0
0
0
0
0
0
0
0
1
0
0
0
0
0
0
0
1
0
0
1
1
0
0
1
3
0
0
0
0
1
1
1
0
0
0
0
0
0
1
0
1
0
0
0
1
0
1
1
1
0
1
0
0
0
0
0
0
0
0
0
0
0
0
0
0
0
0
1
0
0
0
0
0
1
0
0
0
0
0
0
0
0
0
1
0
0
0
0
1
0
0
0
0
0
0
0
0
0
0
0
0
1
0
0
1
0
0
0
0
0
0
0
0
0
0
0
0
1
1
0
0
0
0
0
0
1
3
1
0
0
2
0
0
0
0
0
1
0
1
0
0
1
1
0
0
0
0
1
2
0
0
0
2
0
0
2
0
1
0
0
1
1
0
0
0
0
0
0
0
0
0
1
0
0
1
2
0
0
0
0
0
0
0
0
0
0
1
1
1
0
0
0
0
0
0
0
0
0
0
1
0
0
0
0
1
0
0
1
0
2
2
0
0
1
1
0
0
0
0
0
0
0
1
0
1
0
0
0
1
0
0
0
1
0
0
0
1
0
1
0
0
0
0
0
0
0
0
0
0
0
1
1
0
0
0
0
0
0
2
0
0
0
0
1
0
0
0
0
1
0
0
0
0
0
0
0
0
1
0
1
0
1
1
0
0
0
0
0
0
0
0
0
0
0
0
0
1
0
0
0
0
1
0
0
1
1
0
0
0
1
0
0
0
0
0
0
1
1
0
0
0
0
2
0
1
0
0
0
3
1
0
0
0
0
1
1
1
0
0
0
1
0
1
0
0
0
0
1
0
0
0
1
0
0
0
1
0
1
0
0
0
1
0
0
0
0
3
0
0
1
0
2
0
1
0
1
1
0
0
0
0
0
0
0
0
0
0
0
0
0
0
1
0
0
0
1
1
1
0
0
0
0
1
0
0
0
0
0
0
0
1
0
0
0
0
2
1
0
0
0
0
0
0
0
1
1
0
0
0
0
1
0
0
0
0
0
0
0
0
0
1
0
0
0
0
1
0
0
0
0
1
0
0
0
0
0
0
0
0
0
0
0
0
0
0
0
0
1
0
0
0
0
0
0
0
1
0
1
0
0
0
0
0
0
0
0
0
0
0
0
0
1
0
0
0
0
1
0
0
0
0
0
0
2
0
1
0
1
0
1
2
1
0
0
0
0
2
0
0
0
0
1
1
0
0
0
0
0
0
0
0
1
0
1
0
1
1
0
0
0
1
0
0
0
0
0
0
0
0
0
0
1
0
0
0
0
0
1
0
0
0
0
1
0
0
0
0
0
0
0
0
1
1
0
0
1
0
0
0
0
1
0
1
0
0
0
1
0
2
0
0
0
0
0
0
0
0
0
0
0
1
0
0
0
0
1
0
1
0
0
0
0
0
0
0
0
0
0
0
0
0
1
1
0
1
0
2
0
0
0
1
0
1
0
0
0
0
0
0
0
0
1
1
0
0
0
0
0
0
0
0
0
0
2
1
0
0
0
0
0
0
0
2
0
0
1
0
1
0
0
0
0
0
0
0
0
0
1
0
0
0
0
0
3
0
1
0
0
1
0
0
0
0
0
0
0
0
1
0
1
0
0
0
1
0
0
0
0
0
0
0
0
0
0
0
0
0
1
0
1
0
1
1
0
0
1
1
0
0
0
0
0
0
0
0
0
0
0
2
0
0
0
0
0
0
0
0
0
0
0
0
0
0
1
0
0
0
0
0
2
0
0
2
0
0
0
0
0
1
0
0
0
1
1
0
0
0
0
0
0
0
0
0
0
0
2
1
0
0
3
3
2
1
1
1
1
1
0
0
1
1
0
0
0
0
1
0
2
0
1
0
0
0
0
0
0
0
1
0
0
2
0
1
0
0
0
0
1
0
0
0
0
0
1
0
0
0
0
0
0
0
0
0
0
0
1
1
1
0
0
0
0
0
0
0
0
0
0
0
1
0
0
1
0
0
0
1
0
0
1
0
1
2
0
0
0
1
0
0
0
0
0
0
0
0
0
1
0
0
0
0
0
0
0
0
0
1
0
1
0
0
0
0
0
1
0
0
0
1
0
0
0
2
0
1
1
1
0
0
1
0
0
0
1
1
0
0
0
0
0
0
1
0
1
0
0
0
0
2
0
0
0
1
0
0
0
0
0
0
1
1
0
1
0
0
1
0
0
1
0
0
0
0
1
0
0
1
0
1
0
0
0
0
1
1
0
0
0
0
1
0
0
0
2
1
0
1
0
1
0
0
0
0
0
0
0
1
0
0
0
1
1
0
1
0
0
0
0
0
0
1
0
0
0
0
0
0
1
1
0
0
1
0
0
0
0
1
0
0
1
0
0
0
0
1
0
1
0
2
1
0
0
0
1
0
0
1
1
2
0
2
0
2
0
1
0
1
1
0
0
0
0
1
1
1
0
0
0
0
1
0
0
0
0
1
1
0
0
0
0
1
0
0
0
0
0
0
0
1
0
0
1
1
0
0
0
0
0
1
0
0
0
0
0
1
0
1
0
1
0
0
0
1
0
0
0
0
0
0
0
0
0
1
0
0
0
0
0
1
0
0
0
0
1
0
0
0
0
0
0
0
0
0
0
1
0
0
0
1
0
0
0
0
0
0
1
0
2
1
0
0
0
0
0
0
1
1
1
0
0
1
1
0
0
0
1
0
0
0
2
0
0
0
0
0
1
0
0
0
1
0
0
0
0
0
0
1
0
0
0
0
0
0
0
0
0
0
1
0
0
0
0
0
1
1
0
1
0
0
1
0
0
0
0
0
0
0
0
0
0
0
1
0
0
1
0
1
1
0
0
0
0
0
0
1
0
0
1
0
0
0
0
0
0
0
0
0
0
0
0
0
0
2
0
0
1
0
0
2
0
0
0
0
1
0
0
0
0
0
0
0
0
0
0
0
0
0
1
0
0
0
1
0
0
0
0
0
2
0
0
0
0
0
0
0
0
0
0
0
0
0
0
0
0
0
0
1
0
0
1
1
0
0
0
0
0
0
0
0
0
0
0
0
0
0
0
0
0
0
0
0
0
1
0
1
0
0
0
0
1
1
0
0
0
1
0
0
1
0
0
0
0
0
0
1
0
0
0
0
0
1
2
0
0
0
0
0
0
0
1
0
1
1
0
1
0
0
1
0
0
3
1
0
0
0
0
0
0
1
1
0
0
0
0
0
0
1
1
0
0
0
1
0
0
0
0
0
0
0
0
0
1
0
0
1
0
0
0
0
0
0
0
0
0
1
0
0
0
0
0
0
0
0
0
0
0
2
0
0
1
0
0
0
0
0
0
0
0
0
0
0
2
0
0
0
0
1
0
0
0
0
0
2
0
0
0
0
1
0
0
0
0
0
0
0
0
0
0
1
0
1
0
0
0
1
0
0
0
0
1
0
0
2
0
1
0
0
1
0
0
0
0
1
0
0
0
0
2
0
0
0
0
1
0
0
0
2
0
0
0
0
1
0
1
0
0
0
0
1
1
0
0
0
0
1
0
0
1
0
1
0
0
0
0
0
0
0
0
0
0
0
0
0
0
1
0
0
0
0
0
1
2
0
0
0
1
2
1
1
0
1
0
0
1
0
0
0
0
0
0
0
1
0
0
0
0
0
0
1
1
0
0
0
0
0
0
0
1
0
0
1
0
0
0
0
0
1
0
0
0
0
0
0
0
0
1
1
0
0
0
1
1
0
1
0
0
0
0
0
0
0
1
0
0
0
0
0
0
0
0
1
0
0
0
0
0
0
0
0
0
0
0
0
0
1
0
1
0
0
0
0
0
0
0
1
0
1
0
0
1
0
0
0
0
0
0
0
0
0
0
0
0
0
0
0
0
1
0
1
0
0
0
0
0
0
0
0
1
0
0
0
0
0
0
0
0
0
0
0
0
0
0
0
0
1
0
1
1
0
0
0
0
0
0
0
0
0
0
0
0
0
0
0
0
0
0
0
0
0
0
0
0
0
0
0
0
0
0
0
0
0
1
0
0
0
0
0
0
0
0
0
0
0
0
1
0
0
0
0
0
0
0
0
0
0
0
1
0
0
0
0
0
0
0
1
0
0
0
0
0
0
0
0
0
0
0
0
0
0
0
0
0
0
0
0
0
1
0
0
0
0
0
0
0
0
0
0
0
0
0
0
0
0
0
0
0
0
0
0
0
0
0
0
0
0
0
0
1
0
0
1
0
0
1
0
0
0
0
0
0
0
0
0
0
0
0
0
0
0
0
0
0
0
0
0
0
0
0
0
0
0
1
0
0
0
0
0
0
0
0
0
0
0
0
0
0
0
0
0
0
0
0
0
0
0
0
0
0
0
0
0
0
0
0
0
0
0
0
0
0
0
0
0
0
0
0
0
0
0
0
0
0
0
0
0
0
0
0
0
0
0
0
0
0
0
0
0
0
0
0
1
0
0
0
0
0
0
0
0
0
0
0
0
0
0
0
0
0
0
0
0
0
0
0
0
0
0
0
0
0
0
0
0
0
0
0
0
0
0
0
0
0
0
0
0
0
0
0
0
0
0
0
0
1
0
0
0
0
0
0
0
0
0
0
0
0
0
0
0
0
0
0
0
0
0
0
0
0
0
0
0
0
0
0
0
0
0
0
0
0
1
0
0
0
0
0
0
0
0
0
0
0
0
0
0
0
0
0
0
0
0
0
0
0
0
0
0
0
0
0
0
0
0
0
0
0
0
0
0
0
0
0
0
0
0
0
0
0
0
0
0
0
0
1
0
0
0
0
1
1
3
1
4
4
4
3
6
15
12
9
6
4
1
3
1
2
0
0
0
0
0
0
0
0
0
0
0
0
0
0
0
0
0
0
0
0
0
0
0
0
0
0
0
0
0
0
0
0
0
0
0
0
0
0
0
0
0
0
0
0
0
0
0
0
0
0
0
0
0
0
0
0
0
0
0
0
0
0
0
0
0
0
0
0
0
0
0
0
0
0
0
0
0
0
0
0
0
0
0
0
0
0
0
0
0
0
0
0
0
0
0
0
0
0
0
0
0
0
0
0
0
0
0
0
0
0
0
0
0
0
0
0
0
0
0
0
0
0
0
0
0
0
0
0
0
0
0
0
0
0
0
0
0
0
0
0
0
0
0
0
0
0
0
1
0
0
0
0
0
0
0
0
0
0
0
0
0
0
0
0
0
0
0
0
0
0
0
0
0
0
0
0
0
0
0
0
0
0
0
0
0
0
0
0
0
0
0
0
0
0
0
0
0
0
0
0
0
0
0
0
1
0
0
0
0
0
0
0
0
0
0
0
0
0
0
0
0
0
0
0
0
0
0
0
0
0
0
0
0
0
0
0
0
0
0
0
0
0
0
0
0
0
0
0
0
0
0
0
0
0
0
0
0
0
0
0
0
0
0
0
0
0
0
0
0
0
0
0
0
0
0
0
0
0
0
0
0
0
0
0
0
0
0
0
0
0
0
0
0
0
0
0
0
0
0
0
0
0
0
0
0
0
0
0
0
0
0
0
0
0
0
0
0
0
0
0
0
0
0
0
0
0
0
0
0
0
0
0
0
0
0
0
0
0
0
0
0
0
0
0
0
0
0
0
0
0
0
0
0
0
0
0
0
0
0
0
0
0
0
0
0
0
0
0
0
0
0
0
0
0
0
0
0
0
0
0
0
0
0
0
0
0
0
0
0
0
0
0
0
0
0
0
0
0
0
0
0
0
0
0
0
0
0
0
0
0
0
0
0
0
0
0
0
0
0
0
0
0
0
0
0
0
0
0
0
0
0
0
0
0
0
0
0
0
0
0
0
0
0
0
0
0
0
0
0
0
0
0
1
0
0
0
0
0
0
0
0
0
0
0
0
0
0
0
0
0
0
0
0
0
0
0
0
0
0
0
0
0
0
0
0
0
0
0
0
0
0
0
0
0
0
0
0
0
0
0
0
0
0
0
0
0
0
0
0
0
0
0
0
0
0
0
0
0
0
1
0
0
0
0
0
0
0
0
0
0
0
0
0
0
0
0
0
0
0
0
0
0
0
0
0
0
0
0
0
0
0
0
0
0
0
0
0
0
0
0
0
0
0
0
0
0
0
0
0
0
0
0
0
0
0
0
0
0
0
0
0
0
0
0
0
0
0
0
0
0
0
0
0
0
0
0
0
0
0
0
0
0
0
0
0
0
0
0
0
0
0
0
0
0
0
0
0
0
0
0
0
0
0
0
0
0
0
0
0
0
0
0
0
0
0
0
0
0
0
0
0
0
0
0
0
0
0
0
0
0
0
0
0
0
0
0
0
0
0
0
0
0
0
0
0
0
0
0
0
0
0
0
0
0
0
0
0
0
0
0
0
0
0
0
0
0
0
0
0
0
0
0
0
0
0
0
0
0
0
0
0
0
0
0
0
0
0
0
0
0
0
0
0
0
0
0
0
0
0
0
0
0
0
0
0
0
0
0
0
0
0
0
0
0
0
0
0
0
0
0
0
0
0
0
0
0
0
0
0
0
0
0
0
0
0
0
0
0
0
0
0
0
0
0
0
0
0
0
0
0
0
0
0
0
0
0
0
0
0
0
0
0
0
0
0
0
0
0
0
0
0
0
0
0
0
0
0
0
0
0
0
0
0
1
0
0
0
0
0
0
0
0
0
0
0
0
0
0
0
0
0
0
0
0
0
0
0
0
0
0
0
0
0
0
0
0
0
0
0
0
0
0
0
0
0
0
0
0
0
0
0
0
0
0
0
0
0
0
0
0
0
0
0
0
0
0
0
0
0
0
0
0
0
0
0
0
0
0
0
0
0
0
0
0
0
0
0
0
0
0
0
0
0
0
0
0
0
0
0
0
0
0
0
0
0
0
0
0
0
0
0
0
0
0
0
0
0
0
0
0
0
0
0
0
0
0
0
0
0
0
0
0
0
0
0
0
0
0
0
0
0
0
0
0
0
0
0
0
0
0
0
0
0
0
0
0
0
0
0
0
0
0
0
0
0
0
0
0
0
0
0
0
0
0
0
0
0
0
0
0
0
0
0
0
0
0
0
0
0
0
0
0
0
0
0
0
0
0
0
0
0
0
0
0
0
0
0
0
0
0
0
0
0
0
0
0
0
0
0
0
0
0
0
0
0
0
0
0
0
0
0
0
0
0
0
0
0
0
0
0
0
0
0
0
0
0
0
0
0
0
0
0
0
0
0
0
0
0
0
0
0
0
0
0
0
0
0
0
0
0
0
0
0
0
0
0
0
0
0
0
0
0
0
0
0
0
0
0
0
0
0
0
0
0
0
0
0
0
0
0
0
0
0
0
0
0
0
0
0
0
0
0
0
0
0
0
0
0
0
0
0
0
0
0
0
0
0
0
0
0
0
0
0
0
0
0
0
0
0
0
0
0
0
0
0
0
0
0
0
0
0
0
0
0
0
0
0
0
0
0
0
0
0
0
0
0
0
0
0
0
0
0
0
0
0
0
0
0
0
0
0
0
0
0
0
0
0
0
0
0
0
0
0
0
0
0
0
0
0
0
0
0
0
0
0
0
0
0
0
0
0
0
0
0
0
0
0
0
0
0
0
0
0
0
0
0
0
0
0
0
0
0
0
0
0
0
0
0
0
0
0
0
0
0
0
0
0
0
0
0
0
0
0
0
0
0
0
0
0
0
0
0
0
0
0
0
0
0
0
0
0
0
0
0
0
0
0
0
0
0
0
0
0
0
0
0
0
0
0
0
0
0
0
0
0
0
0
0
0
0
0
0
0
0
0
0
0
0
0
0
0
0
0
0
0
0
0
0
0
0
0
0
0
0
0
0
0
0
0
0
0
0
0
0
0
0
0
0
0
0
0
0
0
0
0
0
0
0
0
0
0
0
0
0
0
0
0
0
0
0
0
0
0
0
0
0
0
0
0
0
0
1
3
0
2
3
1
2
1
0
1
4
2
1
2
2
1
1
2
0
2
1
0
1
1
1
1
1
0
1
2
2
2
0
1
1
0
0
0
2
2
2
2
0
3
0
2
2
2
2
4
1
0
2
0
2
1
2
1
0
0
0
0
1
3
1
1
0
3
1
3
2
2
1
0
2
4
0
0
1
0
3
1
1
3
0
0
0
0
4
1
0
4
1
0
1
0
4
1
1
1
0
0
0
0
1
0
2
1
0
2
1
1
0
1
3
1
1
1
1
6
1
2
1
1
2
1
1
0