0
0
0
0
0
0
0
0
0
0
0
0
0
0
0
0
0
0
0
0
0
0
0
0
0
0
0
0
0
0
0
0
0
0
0
0
0
0
0
0
0
0
0
0
0
0
0
0
0
0
4
0
2
12
24
49
65
62
62
74
63
44
64
69
58
59
74
64
75
69
92
95
123
109
106
90
79
90
71
73
83
74
105
91
112
101
110
117
108
124
102
99
105
102
96
84
122
105
96
114
144
122
156
132
138
128
138
125
113
117
93
109
114
117
114
133
131
134
116
122
117
129
123
106
119
122
127
134
142
140
121
111
131
136
142
122
128
135
142
153
117
125
138
129
139
129
138
135
124
114
156
134
157
159
143
123
121
133
124
133
141
130
148
155
124
124
127
145
140
131
150
147
149
143
131
132
144
157
163
141
119
129
150
129
144
135
170
129
152
160
144
140
149
169
162
147
153
146
127
165
132
142
157
132
134
150
165
156
140
142
152
135
173
158
155
173
165
132
141
150
157
134
149
134
154
158
118
147
134
153
141
152
147
141
153
144
139
139
171
168
146
157
154
148
164
131
124
135
141
137
138
136
135
140
120
122
146
151
140
134
146
125
145
146
146
132
121
150
148
122
138
136
137
136
142
167
138
147
127
132
138
155
134
139
136
139
140
142
146
121
145
168
128
149
156
163
140
132
153
122
125
148
143
139
112
109
114
131
138
164
123
153
136
149
117
144
133
131
134
139
146
125
134
151
151
135
142
105
134
139
126
122
140
130
116
129
124
129
124
151
127
160
134
140
136
135
134
142
136
117
150
115
141
128
163
127
138
155
145
121
151
188
153
136
151
164
168
169
191
150
162
189
177
179
164
160
192
198
169
192
177
183
164
164
149
158
150
162
160
165
157
146
142
154
144
158
143
164
125
136
165
135
162
105
128
139
112
104
128
115
113
103
115
116
120
119
109
134
97
108
119
107
112
98
117
117
98
93
94
105
91
107
87
96
101
97
103
88
85
85
95
75
108
117
105
96
79
94
99
94
93
92
105
87
90
101
98
95
98
80
98
91
95
101
123
101
106
103
91
91
104
89
86
115
76
113
94
103
102
87
103
108
98
103
98
109
78
103
94
99
93
97
91
104
88
93
89
94
96
95
84
89
100
74
70
94
96
74
93
83
83
87
101
76
90
65
94
93
82
84
100
85
66
90
102
77
79
88
84
81
88
86
87
97
95
99
80
97
92
96
121
111
98
116
106
106
94
96
78
91
92
67
71
94
77
69
65
82
72
61
72
68
78
83
68
77
66
68
83
79
86
76
71
70
77
63
83
68
71
91
64
65
56
74
72
75
73
70
61
69
63
67
84
66
57
68
79
57
58
77
75
72
87
68
70
72
56
68
62
63
77
59
77
54
55
51
66
64
84
74
69
60
55
76
59
85
69
79
83
84
75
46
59
59
63
68
42
64
53
64
63
61
78
65
62
49
64
69
64
61
61
79
70
68
54
68
66
56
74
60
62
56
62
68
72
62
70
67
48
63
62
85
72
66
60
54
63
68
60
65
65
89
59
73
64
75
69
56
63
76
75
67
85
53
53
66
67
69
68
63
75
57
65
65
45
61
76
53
59
54
64
61
63
56
57
54
60
69
70
69
65
62
61
52
73
60
54
52
69
75
64
72
73
66
63
70
62
50
55
56
73
66
59
72
57
61
66
56
62
53
56
64
65
67
76
66
68
53
59
62
62
70
67
60
64
59
65
81
65
64
61
66
67
61
84
61
58
66
61
56
59
73
56
59
55
70
69
67
54
65
52
63
57
75
61
65
60
72
76
55
62
62
52
66
56
63
47
42
63
48
51
51
46
44
50
40
38
48
50
50
48
49
47
35
56
42
46
49
45
51
46
52
60
54
69
63
67
64
57
49
33
48
42
39
40
39
33
43
39
46
36
39
51
34
33
37
31
43
42
31
34
39
40
42
43
28
40
32
31
45
40
44
37
35
36
31
47
36
33
43
36
32
25
40
37
37
31
34
35
39
31
34
32
37
37
41
34
43
48
28
29
31
41
32
28
28
35
23
28
44
29
33
30
32
43
28
42
33
47
39
22
31
28
30
43
34
28
31
24
31
29
29
29
24
42
26
24
24
36
30
25
40
28
32
33
35
29
32
36
25
38
30
30
29
29
28
22
22
23
37
21
36
22
21
29
41
26
26
28
18
22
29
36
27
34
24
19
28
34
29
23
23
29
27
36
36
32
32
27
25
28
27
24
20
32
23
28
29
32
24
22
20
32
29
25
31
31
22
29
28
25
26
31
25
19
40
25
34
27
30
22
20
25
22
34
20
24
25
28
39
26
25
22
24
24
31
17
22
21
29
22
28
28
29
19
30
27
27
22
25
21
27
31
23
22
26
35
25
22
32
27
27
28
17
29
23
23
22
27
23
18
22
32
17
37
22
27
33
14
28
15
22
31
24
31
31
34
22
22
25
24
19
21
25
25
31
24
26
25
19
26
29
28
20
27
26
17
29
27
20
23
25
22
27
18
18
17
23
25
16
26
21
28
34
20
21
28
18
22
24
19
25
24
28
32
23
26
21
23
23
33
16
22
31
23
24
24
18
24
23
16
31
30
21
24
22
24
20
23
23
23
24
29
25
20
23
32
32
26
26
26
20
20
19
21
32
24
24
26
30
24
33
19
25
34
30
32
35
32
23
20
26
32
36
33
20
27
25
25
24
36
20
30
31
33
27
25
19
28
26
27
26
27
28
31
31
41
28
34
18
33
29
29
40
34
36
35
29
21
35
31
32
32
45
36
49
76
85
145
176
235
373
464
560
730
818
921
988
1003
836
747
588
396
304
223
131
88
56
30
24
16
20
19
13
23
14
14
15
13
11
9
12
14
14
8
15
6
16
12
19
11
9
15
12
12
9
12
14
16
11
13
10
12
16
10
9
18
19
13
8
17
14
8
17
12
9
11
13
8
20
14
17
11
13
11
11
18
12
9
16
20
15
8
11
13
12
15
15
12
18
8
9
9
16
15
11
15
18
17
13
8
11
16
11
13
7
9
10
7
10
18
7
12
13
7
10
11
9
20
19
14
10
18
17
11
18
2
11
15
12
20
22
12
13
15
8
17
19
16
9
11
19
9
12
17
9
11
8
7
17
13
13
8
17
12
8
10
8
10
19
12
13
23
7
14
13
15
12
5
12
9
11
10
8
11
9
12
10
9
10
12
13
7
12
17
13
14
11
19
12
14
25
21
32
20
29
23
30
13
12
15
12
14
9
11
13
16
10
12
14
15
16
7
16
14
14
10
11
16
11
12
5
14
10
15
11
9
15
19
9
13
7
16
11
16
13
7
12
15
13
13
16
9
8
12
7
10
15
12
8
7
15
20
15
20
15
32
17
26
19
29
33
27
23
25
25
18
19
11
18
12
11
10
16
14
12
10
9
8
8
15
12
15
9
9
12
11
5
6
19
16
12
18
13
7
8
14
11
14
11
6
18
13
13
6
14
13
9
10
14
9
16
9
9
8
18
4
14
10
18
9
5
11
19
10
14
6
8
14
16
15
19
9
9
16
20
9
8
9
6
9
11
7
11
12
16
7
14
10
13
6
12
6
9
9
6
10
13
15
8
11
10
8
8
9
12
11
14
16
10
10
8
6
16
7
9
19
11
10
8
5
16
16
15
9
5
11
8
17
13
9
14
13
10
12
11
7
9
7
9
12
11
6
13
9
12
16
12
15
7
13
13
12
8
13
7
9
8
7
12
13
12
11
9
8
7
8
13
12
10
9
15
9
9
10
11
12
12
15
13
11
8
11
17
12
4
12
15
5
9
9
9
9
12
15
6
10
7
13
7
12
10
15
10
15
14
13
11
12
7
13
14
10
13
14
12
9
14
15
10
7
7
6
12
13
8
15
7
9
10
11
12
16
11
11
11
10
12
11
11
16
11
13
8
8
5
7
7
17
11
13
15
13
7
12
10
12
13
7
17
11
16
13
7
17
17
12
8
7
14
6
15
10
8
15
11
10
9
10
10
16
8
6
9
11
11
11
11
12
8
12
12
17
7
13
10
11
10
8
7
17
12
17
8
14
9
15
18
9
16
11
7
11
16
15
14
12
8
11
10
7
12
3
5
11
10
9
14
10
9
13
11
10
9
9
5
12
7
10
9
11
12
11
11
6
13
7
13
6
12
9
11
6
10
7
12
11
15
13
11
10
9
12
5
14
15
13
9
10
12
10
3
7
14
10
15
4
17
13
12
17
10
11
12
10
7
11
16
7
12
13
9
9
8
15
10
8
12
14
11
8
8
11
11
15
14
17
9
8
7
12
17
14
12
6
13
14
10
11
14
12
16
10
18
12
14
7
8
9
11
11
14
18
11
12
15
11
12
8
12
16
9
21
11
13
8
12
7
11
10
9
17
15
11
7
7
12
13
13
14
12
9
12
8
13
8
5
7
12
16
12
13
7
12
12
8
8
12
8
5
7
10
10
14
7
16
20
6
11
14
10
13
7
10
13
19
13
17
10
5
7
9
5
6
20
7
8
11
12
11
9
8
6
16
7
10
8
13
9
10
17
6
7
6
4
15
12
10
9
7
14
9
8
10
8
11
9
11
12
7
12
14
11
11
11
11
8
9
6
4
8
14
11
7
7
8
9
11
15
6
13
13
14
14
16
19
15
11
17
6
2
10
10
13
12
7
7
15
11
11
7
13
7
8
11
10
8
5
14
11
5
7
17
6
10
12
11
12
12
8
10
10
11
13
17
18
10
10
10
16
11
9
5
16
10
16
11
12
9
10
9
9
17
19
14
8
7
11
11
6
8
9
12
7
12
14
11
8
9
13
6
12
15
8
13
15
12
13
6
12
12
14
17
13
14
23
14
16
16
11
7
16
10
15
11
8
12
12
12
12
9
13
11
11
13
13
19
11
7
15
7
12
14
16
9
19
13
18
12
10
10
13
12
13
14
17
13
13
10
8
19
7
13
13
14
12
9
11
9
10
9
12
14
12
7
16
15
7
9
12
5
18
9
13
12
17
10
13
12
8
13
14
13
10
10
9
13
8
14
16
9
7
11
10
14
10
9
16
9
8
15
8
13
14
19
19
10
4
12
15
11
14
6
13
13
11
12
8
9
10
12
15
19
11
7
13
14
11
15
17
20
24
22
20
24
24
21
19
18
11
13
8
10
13
13
11
5
13
11
10
12
15
10
12
16
17
15
16
12
7
14
17
18
17
9
17
11
11
19
10
8
11
9
15
17
15
13
11
13
7
9
14
10
13
13
10
18
14
11
12
14
11
17
19
20
9
15
20
19
19
14
10
8
10
10
10
5
14
10
11
18
20
8
11
16
15
16
15
12
12
10
16
12
13
16
13
6
11
11
14
12
14
22
15
18
13
13
13
14
6
8
13
10
14
15
7
16
16
14
13
9
14
16
14
10
17
13
20
16
11
13
14
17
13
12
19
13
5
10
10
19
17
9
9
17
9
16
21
12
17
19
20
20
17
18
19
14
10
11
13
16
8
13
9
14
10
9
14
15
13
12
5
16
15
27
19
14
10
14
13
13
13
8
11
12
11
12
14
12
13
9
15
12
10
16
17
9
11
18
13
13
12
17
11
11
15
14
8
16
13
17
19
15
12
8
9
20
17
20
12
12
16
17
15
10
9
16
17
14
17
14
15
15
14
18
11
18
10
22
13
11
14
12
9
15
22
10
17
15
10
16
15
18
13
13
20
12
12
16
14
9
15
17
16
24
11
15
16
15
13
11
9
26
14
12
13
13
11
19
18
15
13
15
10
13
21
16
20
15
11
10
9
15
16
13
11
12
16
10
13
12
20
18
16
21
12
19
17
14
12
17
19
12
15
9
9
17
26
21
11
7
12
20
15
17
18
17
16
10
17
12
16
17
23
10
11
16
16
13
17
20
17
11
8
17
19
18
18
14
19
21
18
16
17
14
19
14
17
18
15
9
19
21
14
20
7
16
14
14
21
16
19
22
18
14
20
16
17
21
19
17
14
15
20
15
8
13
7
19
13
12
16
6
10
15
11
8
18
11
13
16
5
6
20
13
8
7
10
18
10
12
7
8
13
13
12
12
12
10
8
11
9
5
8
7
8
14
8
16
15
13
11
11
12
20
7
16
9
18
12
11
9
8
5
8
11
11
7
15
5
8
10
5
7
7
8
6
8
13
8
11
7
5
12
5
11
10
1
10
10
11
13
9
11
11
14
15
12
8
9
12
7
13
4
17
13
7
4
18
11
8
15
8
14
12
7
7
6
7
13
10
5
8
11
16
11
8
13
11
6
3
9
10
5
9
11
6
7
10
12
9
7
10
10
7
5
7
7
7
7
5
11
10
10
5
13
9
6
12
9
10
11
18
12
8
15
14
10
11
12
13
9
2
11
6
10
6
8
13
7
7
8
2
6
9
2
6
8
7
9
10
10
9
8
8
4
9
4
5
5
5
2
6
8
7
8
12
14
7
4
8
13
4
8
8
5
8
8
9
2
9
7
9
3
6
12
6
11
3
8
8
5
9
3
6
7
7
4
5
5
7
5
7
2
8
6
6
7
4
4
3
3
8
14
9
10
3
6
6
9
3
5
3
7
3
7
5
3
8
9
4
2
8
1
3
8
2
9
5
8
7
10
4
3
10
6
3
5
2
4
4
6
5
4
3
3
4
5
6
3
3
7
3
6
2
7
2
8
3
3
4
6
5
7
2
5
2
3
6
4
5
6
7
2
7
8
8
6
7
7
7
3
6
4
5
2
3
5
6
9
3
2
2
7
5
4
2
4
5
7
4
3
7
4
4
4
6
1
2
5
2
2
4
1
4
5
7
5
2
4
7
5
3
4
5
4
8
2
4
2
6
6
7
9
5
3
3
4
4
6
4
10
2
1
2
2
7
4
1
2
2
2
5
3
4
6
6
8
5
4
5
2
2
5
4
3
3
10
11
4
3
3
8
7
6
4
4
3
7
3
6
3
5
5
3
1
3
6
4
7
2
4
3
4
3
3
3
1
6
6
3
5
3
3
4
2
3
7
11
2
8
2
5
8
8
5
4
6
7
7
8
6
10
3
5
5
5
4
5
4
5
4
5
7
3
3
7
3
5
3
9
4
1
5
6
3
5
7
4
3
1
1
6
3
3
6
3
2
4
3
3
5
5
4
3
6
5
1
6
3
2
3
4
4
5
2
7
6
2
8
6
2
4
4
5
5
4
4
4
2
3
4
2
4
4
6
4
2
5
3
5
9
6
10
25
23
61
80
124
186
277
303
404
415
449
420
366
278
192
125
71
29
12
7
6
0
1
3
1
2
5
3
2
3
0
4
1
2
2
1
1
1
0
3
1
4
1
2
3
1
1
1
2
2
1
1
0
2
7
2
0
1
1
0
0
3
1
1
1
2
4
4
2
2
3
0
3
2
2
1
4
1
1
1
2
1
2
0
1
1
1
1
2
3
2
3
1
2
3
1
1
2
1
2
1
0
2
1
2
1
2
2
2
4
5
0
1
1
0
0
1
1
2
2
1
0
1
1
1
0
2
2
1
2
1
2
1
1
1
1
0
0
1
0
1
1
1
4
1
1
1
1
1
3
1
1
3
1
1
2
0
1
0
2
1
1
0
2
0
2
0
3
0
1
1
3
2
1
2
0
1
0
2
1
1
0
1
2
1
3
0
1
2
1
0
1
0
2
1
0
3
1
1
1
0
0
1
1
1
3
0
0
0
1
1
1
1
0
0
0
1
2
0
3
1
2
0
2
2
1
0
1
0
1
3
1
1
0
3
0
3
0
1
0
1
1
0
1
0
0
1
2
0
1
0
3
2
2
1
3
0
1
1
3
0
0
1
1
0
2
2
1
2
0
0
1
1
2
3
3
0
2
3
3
0
1
3
1
0
2
0
1
1
2
2
2
0
1
0
0
1
1
0
1
1
1
1
0
3
1
0
2
0
0
0
0
0
2
4
0
1
1
1
3
0
0
0
0
1
1
1
1
0
1
0
0
2
1
0
1
3
2
0
2
0
0
0
1
0
0
0
0
3
0
1
1
2
2
2
1
1
0
3
4
1
0
1
1
0
0
2
1
1
1
1
1
1
3
0
1
0
1
0
0
0
0
0
1
1
1
1
1
2
1
0
0
0
0
1
0
1
2
0
0
0
0
1
0
1
0
0
2
0
1
1
1
0
2
1
2
2
1
1
0
4
1
0
4
1
0
1
0
1
0
0
1
0
1
1
0
0
1
1
0
1
0
1
1
1
0
0
2
1
0
0
1
0
1
0
0
0
0
2
0
1
0
2
1
3
3
0
0
2
1
0
0
1
2
1
1
1
0
0
1
1
4
4
4
7
12
16
22
48
39
57
39
62
50
46
30
27
9
7
5
2
1
3
1
0
0
1
0
0
0
0
0
0
0
0
0
0
1
0
1
1
0
1
0
1
0
0
0
0
0
2
1
0
3
1
0
0
0
1
0
0
2
2
0
0
0
0
2
1
0
1
0
1
1
0
2
2
0
0
0
1
1
0
0
0
0
1
1
0
2
1
0
0
0
0
0
4
1
1
0
1
1
2
0
0
1
1
1
1
1
0
0
0
0
1
1
1
0
0
1
0
2
0
1
0
0
1
0
1
0
0
1
0
0
3
1
1
1
2
0
3
1
0
2
0
0
1
0
0
0
0
0
2
1
0
1
0
0
1
1
1
2
0
1
0
1
0
2
0
2
0
0
1
0
0
1
1
0
1
0
1
0
1
0
0
0
0
1
1
1
0
0
1
0
1
1
0
1
0
1
0
2
1
1
0
1
0
0
2
0
1
1
1
0
0
0
1
1
0
0
0
0
2
1
1
0
1
0
2
1
1
1
0
0
0
0
0
0
1
0
1
0
0
1
1
0
1
1
1
1
0
0
0
1
0
0
1
0
1
1
0
0
0
0
0
0
0
0
0
1
0
0
0
1
1
0
3
0
0
1
0
0
0
0
2
0
0
1
1
0
0
0
0
1
1
0
1
0
0
0
0
0
2
1
1
0
0
0
1
0
1
1
0
0
0
1
1
0
0
0
1
0
1
1
0
2
0
1
0
1
0
0
0
0
1
0
1
1
1
1
0
1
3
1
2
0
1
1
2
0
2
4
0
4
0
1
1
1
0
0
2
0
1
0
0
0
0
0
1
0
0
0
0
0
0
0
0
1
0
0
0
0
1
0
1
0
0
0
1
1
1
0
0
0
2
0
0
0
0
0
0
0
1
0
0
0
0
0
0
0
1
0
0
0
2
1
0
0
0
0
1
1
0
0
0
1
0
1
3
2
0
1
0
1
1
0
0
1
0
2
0
1
0
0
0
0
0
0
3
1
0
2
0
0
3
0
0
0
1
0
0
0
0
0
0
0
0
1
0
0
0
1
0
0
0
0
2
0
0
0
0
0
0
0
1
0
0
0
1
0
0
1
0
0
0
0
0
0
0
0
1
1
0
0
2
0
0
0
0
0
0
0
0
0
1
0
0
2
0
0
0
1
0
0
0
0
1
0
1
1
0
0
0
0
0
0
0
0
0
0
0
0
0
2
0
0
0
0
1
0
1
1
0
0
1
0
2
0
1
0
1
0
0
0
0
0
1
0
0
0
1
0
0
0
0
0
1
0
0
0
0
0
0
0
0
0
0
0
2
0
0
0
1
1
0
0
0
0
0
0
0
0
0
1
1
1
1
1
0
0
0
0
0
0
0
0
0
0
1
0
0
1
0
0
0
2
0
0
0
1
0
0
0
0
0
0
0
0
0
0
1
0
0
0
0
0
1
0
1
0
0
0
0
1
0
1
0
0
0
0
1
0
0
0
0
0
2
2
0
2
0
0
1
2
0
0
0
1
0
0
0
0
0
0
0
0
1
1
1
0
0
0
1
0
0
1
0
0
0
0
0
1
0
1
0
0
1
2
0
2
0
0
0
0
0
0
0
0
0
1
2
0
0
0
0
0
2
0
0
0
0
0
0
0
0
0
1
1
0
1
1
0
0
0
2
0
0
1
0
1
0
0
0
0
0
0
0
0
0
1
0
0
1
0
0
0
0
0
1
0
0
0
0
0
0
0
0
1
0
0
0
1
1
0
1
0
2
0
2
0
0
1
2
4
2
1
6
8
5
5
2
3
2
0
1
1
0
0
0
1
0
0
0
0
0
1
0
0
0
0
0
1
0
0
0
0
0
0
0
0
0
0
1
0
1
0
1
0
0
1
0
2
1
0
1
0
1
0
0
0
0
0
1
1
0
0
0
0
0
1
0
0
1
0
0
0
2
2
0
0
0
0
0
1
0
0
0
0
0
0
0
1
0
1
0
1
0
0
0
0
1
0
0
0
0
0
0
1
1
0
0
0
0
0
1
0
1
0
0
0
0
0
0
0
0
0
0
1
0
1
0
0
0
1
0
0
1
0
0
0
0
1
0
0
0
0
1
0
0
0
0
1
0
0
0
0
0
0
1
0
0
0
0
0
0
0
0
0
0
1
0
0
0
0
0
0
1
0
0
1
0
1
0
0
0
0
1
0
0
0
0
1
1
1
0
0
0
2
0
2
0
0
0
1
0
0
0
0
0
0
1
0
0
0
0
0
0
0
0
3
2
0
0
0
0
1
0
1
4
0
0
0
1
0
0
0
0
0
0
0
0
0
1
0
0
0
0
1
0
0
0
0
0
0
0
0
0
0
0
0
0
1
2
2
0
0
0
0
0
0
0
0
0
2
0
0
0
0
0
0
1
0
0
0
1
0
0
0
0
1
0
1
0
0
0
0
1
1
0
0
0
0
0
0
0
0
0
2
0
0
0
0
0
0
0
0
0
0
1
0
1
1
0
0
0
1
0
0
0
0
0
0
2
1
0
0
0
0
0
0
0
0
1
0
0
0
0
1
0
1
0
0
1
0
0
0
0
0
0
0
0
0
0
0
0
0
1
0
0
1
1
0
0
0
0
0
0
0
0
0
0
0
0
3
0
0
0
0
1
0
0
0
1
0
0
0
0
0
1
1
0
0
0
1
0
1
0
0
0
0
0
0
0
0
0
0
1
0
0
0
1
0
1
1
0
0
0
0
0
0
0
0
1
0
0
0
0
0
0
0
0
0
0
1
0
0
0
0
1
1
1
0
0
1
0
0
0
1
0
1
0
0
0
0
0
1
0
1
0
0
0
0
0
0
1
0
1
0
0
0
0
0
0
0
1
0
1
0
0
0
0
0
1
0
0
0
2
0
0
0
0
0
1
1
0
0
0
1
0
1
0
1
0
2
0
0
1
0
1
0
0
0
0
0
1
0
1
1
0
1
0
0
1
0
1
0
0
1
0
0
0
0
0
0
0
1
0
0
0
1
1
0
0
1
0
0
1
0
0
0
0
0
0
0
0
0
0
0
1
0
0
0
1
0
0
0
0
0
0
0
0
0
0
0
1
0
1
1
1
0
0
0
1
0
1
1
0
0
0
0
0
0
0
0
0
1
1
0
1
0
0
0
1
0
0
1
0
0
0
0
0
0
0
0
0
0
0
0
0
0
2
0
0
0
0
0
0
0
1
0
1
0
0
0
0
0
0
0
0
1
0
0
1
0
0
0
1
0
0
0
0
0
0
0
0
1
0
1
0
0
0
0
1
0
0
0
0
0
1
0
0
1
0
0
0
0
0
1
0
0
2
0
1
0
1
0
1
0
0
1
0
0
0
0
0
0
2
0
0
0
0
0
2
0
0
0
0
0
1
0
1
0
0
0
0
0
0
0
0
1
0
0
0
0
0
0
0
0
1
0
1
0
0
0
0
0
0
0
0
0
0
0
0
0
0
0
0
0
0
0
0
0
0
1
0
0
0
0
0
0
1
0
0
0
0
0
1
0
1
0
0
1
0
0
0
0
0
1
0
1
0
0
0
0
0
0
0
0
0
0
0
0
1
0
0
0
0
0
0
0
0
1
0
1
0
1
0
1
0
1
0
0
0
0
1
0
1
1
0
0
0
0
0
0
2
1
0
0
0
1
2
0
0
1
0
2
3
0
0
0
0
0
0
0
0
0
0
0
0
0
0
0
0
0
2
1
0
0
1
0
0
0
0
0
0
1
0
1
1
1
0
1
3
0
1
2
3
0
0
0
0
0
0
1
0
0
0
0
2
0
0
0
0
0
1
0
1
1
0
0
0
0
1
0
1
0
0
0
0
0
0
0
1
0
2
1
0
1
0
0
0
0
0
0
0
0
1
0
0
0
0
1
0
0
1
0
0
1
0
0
1
0
0
1
0
0
0
0
0
0
0
1
1
0
2
0
0
0
0
0
1
0
0
0
1
0
0
0
0
0
0
0
1
0
0
2
0
0
0
1
0
1
0
0
0
0
1
0
1
0
0
0
0
0
0
0
0
0
0
0
0
0
0
0
1
0
0
0
0
0
0
0
0
0
0
1
0
2
0
1
2
0
0
0
0
0
0
0
0
0
1
0
0
0
0
0
0
0
1
0
1
0
0
0
0
1
0
0
0
0
1
1
1
0
0
0
0
0
0
0
0
0
1
0
1
0
0
0
0
0
0
0
0
1
0
0
0
1
0
0
0
0
0
0
0
0
0
0
0
0
2
0
0
0
0
1
1
0
0
0
0
0
0
0
0
0
1
0
0
0
0
0
0
0
0
0
0
0
0
1
0
0
0
1
0
1
0
0
1
0
0
0
1
1
1
0
2
3
0
1
0
1
0
0
0
0
0
0
1
0
0
0
0
0
0
0
0
0
0
0
0
0
2
1
0
0
0
0
0
0
1
1
0
1
0
0
0
1
0
0
0
0
0
0
0
0
0
0
0
2
0
0
0
0
0
0
0
1
0
0
0
0
0
0
1
0
0
2
1
0
0
1
0
0
1
1
1
1
0
0
0
0
2
0
0
0
0
0
0
0
0
0
0
0
0
0
0
0
0
0
0
0
0
1
0
1
0
0
0
0
1
0
0
1
0
0
0
0
0
0
1
0
0
1
0
1
0
0
0
0
0
0
1
0
0
0
0
0
0
0
0
0
0
1
1
0
0
0
0
1
0
1
2
1
0
0
0
0
1
0
1
0
0
0
0
0
0
0
0
0
0
0
0
1
0
0
0
0
0
0
1
1
1
0
0
0
1
0
0
0
1
0
0
0
0
0
0
1
1
0
0
1
0
0
0
0
1
0
1
0
0
0
0
0
0
0
1
0
0
0
0
1
0
1
1
0
0
0
0
0
1
0
0
2
0
0
0
0
0
1
0
0
0
0
0
0
0
1
1
0
0
0
0
0
0
0
0
0
0
0
0
0
0
2
0
0
1
0
0
0
0
0
0
0
0
0
1
0
0
1
0
0
0
0
0
2
0
0
0
0
0
0
0
0
0
1
0
0
0
0
1
0
1
0
0
1
0
1
0
0
0
1
1
0
0
1
1
0
0
0
0
0
0
1
0
0
1
1
0
0
0
0
0
0
0
1
0
1
0
0
0
1
0
0
0
0
0
0
0
0
0
0
0
2
0
1
1
0
0
1
0
0
0
0
1
1
0
0
1
0
0
0
1
0
0
0
0
1
0
0
0
0
0
1
2
1
0
1
0
0
1
0
1
0
0
0
0
0
0
1
0
1
1
0
0
0
0
0
0
0
0
0
1
0
0
1
0
1
0
0
0
0
1
0
1
0
0
0
0
0
1
0
0
0
0
1
0
0
1
1
1
0
1
1
0
0
0
1
1
1
0
0
2
1
0
0
1
0
0
2
1
1
0
1
0
0
1
0
1
0
0
0
0
0
0
0
0
0
0
0
0
0
0
0
0
0
0
0
0
0
0
0
0
0
0
0
0
0
0
0
1
0
0
1
0
0
2
1
0
0
0
0
1
0
0
0
0
0
0
0
0
0
0
0
0
0
0
0
1
0
0
0
0
0
0
0
0
0
0
0
0
0
0
0
0
0
0
0
0
1
0
0
0
0
0
0
0
0
0
0
0
0
0
0
0
0
0
0
0
1
0
0
0
0
1
0
0
0
0
0
0
0
0
0
0
0
0
0
0
0
0
0
0
0
0
0
0
0
0
0
0
0
1
0
1
0
0
0
0
0
0
0
0
0
0
0
0
0
0
1
2
0
0
0
0
0
0
1
0
0
0
0
0
0
0
0
0
0
0
0
0
0
0
0
0
0
0
1
0
0
1
0
0
0
2
0
0
1
0
0
0
0
0
0
0
0
0
0
0
0
0
0
0
0
1
1
0
0
1
0
0
0
1
0
0
0
0
0
0
0
0
1
0
0
0
0
0
0
0
0
0
0
0
0
0
0
0
0
0
0
0
0
0
0
0
0
0
1
0
0
0
0
0
0
0
0
0
0
0
0
0
0
0
0
0
0
0
0
0
0
0
0
0
0
0
0
0
0
0
0
0
0
0
0
0
0
0
0
0
0
0
0
0
0
0
0
0
0
0
0
0
0
0
0
0
0
0
0
0
0
0
0
0
0
0
0
0
0
0
0
0
0
0
0
0
0
0
0
0
0
0
1
0
0
0
0
0
0
0
0
0
0
0
1
0
0
0
0
0
0
0
0
0
1
0
0
0
0
0
0
0
0
0
0
0
0
0
0
0
0
0
0
0
0
0
0
0
0
0
0
0
0
0
0
0
0
0
0
0
0
1
0
0
0
0
0
0
0
0
0
0
0
0
0
0
1
0
0
0
0
0
0
0
0
0
0
0
0
0
0
0
0
0
0
0
0
0
0
0
0
0
0
0
0
0
0
0
0
0
0
1
0
0
0
0
0
0
0
0
0
0
0
0
0
0
0
0
0
0
2
0
0
0
0
0
0
0
0
0
0
0
0
0
0
0
0
0
0
0
0
0
0
0
0
0
0
0
0
0
0
0
0
0
0
0
0
0
0
0
0
0
0
0
0
0
0
0
0
0
0
0
0
0
0
0
0
0
0
0
1
0
0
1
0
0
0
1
0
0
0
0
0
0
0
1
0
0
0
0
0
0
0
0
0
0
0
0
0
0
0
0
0
0
0
0
0
0
0
1
0
0
0
0
0
0
1
0
1
1
1
0
0
0
1
4
6
3
6
2
6
4
4
4
7
4
3
5
4
0
0
0
0
0
0
0
0
0
0
0
0
0
0
0
0
0
0
0
0
0
0
0
0
0
0
0
0
0
0
0
0
0
0
0
0
0
0
0
0
0
0
0
0
0
0
0
0
0
0
0
0
0
0
0
0
0
0
0
0
0
0
0
0
0
0
0
0
0
0
0
0
0
0
0
0
0
0
0
0
0
0
0
0
0
0
0
0
0
0
0
0
0
0
0
0
0
0
0
0
0
0
0
0
0
0
0
0
0
0
0
0
0
0
0
0
0
0
0
0
0
0
0
0
0
0
0
0
0
0
0
0
0
0
0
0
0
0
0
0
0
0
0
0
0
0
0
0
0
0
0
0
0
0
0
0
0
0
0
0
0
0
0
0
0
0
0
0
0
0
0
0
0
0
0
0
0
0
0
0
0
0
0
0
0
0
0
0
0
0
0
0
0
0
0
0
0
0
0
0
0
0
0
0
0
0
0
0
0
0
0
0
0
0
0
0
0
0
0
0
0
0
0
0
0
0
0
0
0
0
0
0
0
0
0
0
0
0
0
0
0
0
0
0
0
0
0
0
0
0
0
0
0
0
0
0
0
0
0
0
0
0
0
0
0
0
0
0
0
0
0
0
0
0
0
0
0
0
0
0
0
0
0
0
0
0
0
0
0
0
0
0
0
0
0
0
0
0
0
0
0
0
0
0
0
0
0
0
0
0
0
0
0
0
0
0
0
0
0
0
0
0
0
0
0
0
0
0
0
0
0
0
0
0
0
0
0
0
0
0
0
0
0
0
0
0
0
0
0
0
0
0
0
0
0
0
0
0
0
1
0
0
0
0
0
0
0
0
0
0
0
0
0
0
0
0
0
0
0
0
1
0
0
0
0
0
0
0
0
0
0
0
0
0
0
0
0
0
0
0
0
0
0
0
0
0
0
0
0
0
0
0
0
0
0
0
0
0
0
0
0
0
0
0
0
0
0
0
0
0
0
0
0
0
0
0
0
0
0
0
0
0
0
0
0
0
0
0
0
0
0
0
0
0
0
0
0
0
0
0
0
0
0
0
0
0
0
0
0
0
0
0
0
0
0
0
0
0
0
0
0
0
0
0
0
1
0
0
0
0
0
0
0
0
0
0
0
0
0
0
0
0
0
0
0
0
0
0
0
0
0
0
0
0
0
0
0
0
0
0
0
0
0
0
0
0
0
0
0
0
0
0
0
0
0
0
0
0
0
0
0
0
0
0
0
0
0
0
0
0
0
0
0
0
0
0
0
0
0
0
0
0
0
0
0
0
0
0
0
0
0
0
0
0
0
0
0
0
0
0
0
0
0
0
0
0
0
0
0
0
0
0
0
0
0
0
0
0
0
0
0
0
0
0
0
0
0
0
0
0
0
0
0
0
0
0
0
0
0
0
0
0
0
0
0
0
0
0
0
0
0
0
0
0
0
0
0
0
0
0
0
0
0
0
0
0
0
0
0
0
0
0
0
0
0
0
0
0
0
0
0
0
0
0
0
0
0
0
0
0
0
0
0
0
0
0
0
0
0
0
0
0
0
0
0
0
0
0
0
0
0
0
0
0
0
0
0
0
0
0
0
0
0
0
0
0
0
0
0
0
0
0
0
0
0
0
0
0
0
0
0
0
0
0
0
0
0
0
0
0
0
0
0
0
0
0
0
0
0
0
0
0
0
0
0
0
0
0
0
0
0
0
0
0
0
0
0
0
0
0
0
0
0
0
0
0
0
0
0
0
0
0
0
0
0
0
0
0
0
0
0
0
0
0
0
0
0
0
0
0
0
0
0
0
0
0
0
0
0
0
0
0
0
0
0
0
0
0
0
0
0
0
0
0
0
0
0
0
0
0
0
0
0
0
0
0
0
0
0
0
0
0
0
0
0
0
0
0
0
0
0
0
0
0
0
0
0
0
0
0
0
0
0
0
0
0
0
0
0
0
0
0
0
0
0
0
0
0
0
0
0
0
0
0
0
0
0
0
0
0
0
0
0
0
0
0
0
0
0
0
0
0
0
0
0
0
0
0
0
0
0
0
0
0
0
0
0
0
0
0
0
0
0
0
0
0
0
0
0
0
0
0
0
0
0
0
0
0
0
0
0
0
0
0
0
0
0
0
0
0
0
0
0
0
0
0
0
0
0
0
0
0
0
0
0
0
0
0
0
0
0
0
0
0
0
0
0
0
0
0
0
0
0
0
0
0
0
0
0
0
0
0
0
0
0
0
0
0
0
0
0
0
0
0
0
1
0
0
0
0
0
0
0
0
0
0
0
0
0
0
0
0
0
0
0
0
0
0
0
0
0
0
0
0
0
0
0
0
0
0
0
0
0
0
0
0
0
0
0
0
0
0
0
0
0
0
0
0
0
0
0
0
0
0
0
0
0
0
0
0
0
0
0
0
0
0
0
0
0
0
0
0
0
0
0
0
0
0
0
0
0
0
0
0
0
0
0
0
0
0
0
0
0
0
0
0
0
0
0
0
0
0
0
0
0
0
0
0
0
0
0
0
0
0
0
0
0
0
0
0
0
0
0
0
0
0
0
0
0
0
0
0
0
0
0
0
0
0
0
0
0
0
0
0
0
0
0
0
0
0
0
0
0
0
0
0
0
0
0
0
0
0
0
0
0
0
0
0
0
0
0
0
0
0
0
0
0
0
0
0
0
0
0
0
0
0
0
0
0
0
0
0
0
0
0
0
0
0
0
0
0
0
0
0
0
0
0
0
0
0
0
0
0
0
0
0
0
0
0
0
0
0
0
0
0
0
0
0
0
0
0
0
0
0
0
0
0
0
0
0
0
0
0
0
0
0
0
0
0
0
0
0
0
0
0
0
0
0
0
0
0
0
0
0
0
0
0
0
0
0
0
0
0
0
0
0
0
0
0
0
0
0
0
0
0
0
0
0
0
0
0
0
0
0
0
0
0
0
0
0
0
0
0
0
0
0
0
0
0
0
0
0
0
0
0
0
0
0
0
0
0
0
0
0
0
0
0
0
0
0
0
0
0
0
0
0
0
0
0
0
0
0
0
0
0
0
0
0
0
0
0
1
0
0
0
0
0
0
0
0
0
0
0
0
0
0
0
0
0
0
0
0
1
2
2
1
2
2
2
1
0
1
2
0
2
1
2
2
2
2
0
0
0
1
1
0
1
1
1
1
2
2
2
1
1
1
2
1
0
1
1
2
1
2
4
1
1
3
1
4
1
1
1
3
1
0
2
0
0
0
2
3
1
1
1
0
1
0
1
1
3
0
4
1
2
3
2
1
3
1
4
0
1
0
0
1
0
2
0
3
0
2
0
0
2
1
2
1
1
3
4
2
5
1
0
0
2
2
0
4
1
0
1
2
1
2
0
0
0
2
0
3
0
0
1
2
1
2
3
1
