0
0
0
0
0
0
1
0
0
0
0
0
0
0
0
0
0
0
0
0
0
0
0
0
0
0
0
0
0
0
0
0
0
0
0
0
0
0
0
0
0
0
0
0
0
0
0
0
0
2
3
1
4
9
16
41
57
63
74
63
61
43
42
50
44
39
67
59
76
80
97
88
81
93
77
80
70
68
64
61
71
89
73
80
82
90
101
107
101
104
95
96
82
84
72
81
80
82
90
104
117
124
137
110
105
105
98
91
95
95
87
116
107
97
119
99
109
124
98
92
98
106
93
109
93
87
99
97
113
104
118
108
130
121
122
122
128
122
97
122
100
122
106
120
118
121
121
139
126
137
121
125
115
121
127
122
126
135
107
117
105
147
118
125
121
133
115
119
143
127
114
105
129
131
125
118
130
104
107
137
130
123
126
127
131
141
131
125
138
128
145
129
135
152
123
131
126
110
115
137
129
143
127
133
121
128
125
134
136
124
119
133
134
127
120
121
141
146
141
126
120
138
119
144
142
124
127
139
130
120
125
127
131
122
133
152
120
170
143
142
175
148
132
145
137
125
117
134
129
124
128
139
125
117
120
108
115
113
113
127
134
109
132
131
107
131
114
123
134
124
121
139
138
122
117
116
137
113
121
121
123
103
125
132
123
99
135
112
132
142
134
115
123
112
135
114
92
118
127
146
104
118
132
96
121
128
107
123
110
112
108
116
141
116
109
121
116
121
102
110
98
125
118
122
108
93
106
133
142
127
125
112
117
119
117
120
120
113
110
107
103
95
116
120
128
126
131
112
90
117
132
118
138
123
110
116
105
138
123
125
149
124
145
139
146
145
139
155
177
153
150
150
172
173
150
155
159
155
149
133
140
147
137
145
155
141
138
105
144
123
124
143
118
143
110
101
113
102
122
114
110
103
97
100
117
111
108
101
130
87
106
100
78
110
93
80
73
90
67
89
85
81
94
82
102
87
78
73
75
90
78
94
77
73
90
73
85
84
85
91
88
60
80
73
69
99
81
85
87
70
72
62
69
79
67
75
86
82
67
67
67
83
68
83
86
90
68
85
62
81
68
76
89
75
66
79
61
88
78
82
71
59
81
65
78
76
57
87
80
71
67
87
72
65
64
73
81
94
68
92
69
67
69
75
78
61
66
70
64
59
56
67
76
73
77
63
73
68
72
74
71
65
61
79
63
66
69
57
48
72
59
52
72
59
65
58
69
51
84
83
86
82
80
94
91
66
73
67
75
62
61
54
60
54
58
62
44
52
49
53
56
66
63
52
55
49
62
54
52
56
46
51
56
61
48
64
49
47
52
41
47
53
52
48
41
49
46
66
46
52
45
47
49
54
48
55
48
45
53
45
55
59
47
60
55
56
51
44
29
43
40
44
46
33
47
40
43
38
51
49
52
46
61
54
41
41
43
48
37
42
43
56
58
37
36
47
37
44
49
46
40
39
52
56
39
47
37
37
45
45
52
49
46
36
45
48
40
43
52
37
40
43
48
39
46
35
52
51
44
49
39
43
39
39
42
32
37
42
46
46
40
38
38
45
45
57
43
51
49
58
66
49
38
47
45
41
38
47
39
53
52
55
40
43
45
30
32
36
36
40
43
41
39
45
43
40
28
48
35
53
48
40
34
37
46
49
40
31
42
53
41
36
40
51
44
29
39
35
38
44
30
30
45
55
40
39
48
35
29
43
40
36
45
35
42
41
40
51
38
42
51
40
38
53
41
33
46
43
35
31
35
34
37
31
41
39
45
33
43
35
28
37
35
38
35
37
43
34
45
29
40
40
41
44
48
35
38
57
38
41
41
33
37
33
34
34
39
25
45
28
27
29
23
42
32
28
36
29
29
20
32
30
32
28
19
34
27
39
25
30
37
26
39
39
25
50
42
46
35
37
32
28
34
30
27
23
21
24
24
30
26
26
16
22
25
30
17
20
25
24
29
30
28
29
27
23
29
23
19
32
20
36
24
23
19
28
18
35
21
21
18
21
20
23
30
32
26
33
23
20
21
18
20
15
23
28
29
18
18
19
15
18
20
20
20
27
21
32
20
18
20
20
13
23
17
21
17
22
20
23
18
17
23
25
25
18
27
20
18
20
13
22
15
15
29
24
21
19
18
22
23
17
11
22
13
26
18
25
18
21
21
18
22
15
22
27
21
18
22
17
23
23
20
24
22
20
20
16
24
20
27
19
21
22
20
22
26
19
16
16
25
16
22
18
29
16
20
13
21
21
19
18
18
18
21
22
19
21
24
31
14
9
17
22
14
22
22
13
23
21
17
13
20
21
20
19
21
21
19
18
20
13
22
36
11
16
22
16
24
9
13
13
15
20
23
18
16
22
20
10
12
14
16
26
18
13
24
26
10
13
17
10
21
9
20
19
21
13
14
16
23
9
22
17
9
17
23
12
28
18
18
12
23
21
22
21
17
14
9
14
15
12
8
19
21
8
17
29
15
13
17
18
20
17
15
16
16
13
16
17
14
19
19
15
13
13
17
13
17
17
26
14
17
18
15
20
17
22
17
13
20
22
19
13
20
19
15
16
15
17
15
20
20
16
20
17
15
14
18
11
15
19
21
10
13
11
11
19
17
20
19
11
15
20
13
13
18
20
22
20
17
14
13
20
21
18
15
17
13
11
16
15
22
17
12
12
22
20
23
16
19
17
17
17
17
13
19
19
14
16
25
24
18
15
15
17
18
28
15
22
22
27
14
16
20
14
15
23
18
18
15
13
19
6
18
23
15
22
15
13
19
25
21
18
25
18
23
17
27
24
24
37
32
23
36
34
56
56
84
117
132
159
257
303
383
425
450
470
475
393
343
267
217
144
96
62
38
26
18
19
18
15
7
7
9
6
15
11
6
14
15
14
13
13
9
8
9
7
10
11
9
9
10
11
10
12
7
6
8
11
5
10
11
12
9
10
12
16
10
14
6
10
13
9
12
11
13
14
12
8
16
10
17
6
12
15
9
13
13
10
10
5
15
8
7
9
10
2
8
8
12
12
5
5
5
9
20
12
11
10
5
9
8
12
10
14
7
11
11
16
14
9
5
10
7
11
8
11
4
13
13
8
9
12
10
8
7
6
7
8
13
9
11
10
12
11
18
9
7
8
8
9
10
12
12
8
6
13
10
17
7
7
12
9
11
11
9
9
6
8
7
17
6
15
5
10
3
8
13
7
4
6
9
8
9
11
8
15
11
12
6
9
9
7
17
12
13
17
12
10
13
18
26
23
24
20
21
17
17
16
17
14
11
9
8
9
6
7
8
6
12
11
8
12
4
7
9
6
7
6
8
11
5
8
14
3
8
9
7
6
13
6
10
7
7
6
5
11
14
5
13
9
9
8
3
12
8
9
6
9
10
14
7
13
7
9
11
16
18
12
22
18
27
34
27
29
21
13
14
11
10
11
7
7
11
7
8
9
8
9
5
10
10
11
6
7
11
7
7
7
10
9
14
12
7
12
7
4
7
6
7
10
8
8
6
11
9
12
8
9
2
7
9
6
8
9
15
9
6
14
9
13
4
5
9
6
7
14
10
7
7
7
11
6
7
5
5
8
7
12
16
10
6
12
5
3
7
7
6
7
5
11
2
10
4
7
5
11
9
10
12
19
9
13
7
9
10
10
5
7
10
7
12
10
6
12
12
6
5
7
10
10
9
6
14
6
6
8
4
5
10
12
9
7
10
5
7
9
10
12
7
10
9
13
8
7
7
6
15
7
8
13
15
10
10
4
10
6
10
6
9
9
4
12
9
8
12
8
13
7
7
8
8
13
21
10
3
4
9
2
7
10
11
11
9
8
9
11
9
8
7
9
6
5
9
4
10
11
7
7
7
11
7
10
6
9
8
12
10
7
6
7
12
6
5
4
11
7
7
11
9
6
5
8
7
9
6
8
8
8
5
9
7
5
8
13
15
6
5
2
10
17
10
0
7
11
9
5
9
5
8
8
4
6
12
1
14
9
5
5
9
7
7
5
10
8
10
9
8
7
6
6
5
16
9
3
10
4
7
13
8
9
3
6
12
6
10
8
7
4
6
14
10
9
12
8
7
10
8
6
10
11
7
6
17
9
14
9
16
10
12
13
9
4
10
6
10
7
7
9
5
7
7
13
11
6
8
7
16
5
8
10
15
10
8
13
9
3
9
9
11
9
8
7
6
10
9
11
12
10
7
5
13
18
8
9
8
8
4
7
7
10
9
12
13
11
11
5
10
5
6
12
11
11
12
10
4
8
10
9
12
4
9
6
10
9
9
7
6
6
6
7
11
11
2
6
8
7
9
14
13
16
7
8
8
5
11
10
10
9
10
6
6
10
15
8
8
14
4
8
7
4
7
7
9
3
10
10
11
8
6
8
11
12
4
9
9
8
12
7
12
6
6
5
6
11
8
5
8
7
9
9
9
5
15
13
15
5
6
8
15
8
10
11
10
8
7
6
5
7
12
13
7
11
6
8
5
10
2
12
8
16
9
8
8
2
9
5
1
6
6
8
8
15
7
4
5
9
5
9
5
10
7
11
12
7
6
10
7
9
8
7
10
11
10
5
5
7
7
12
7
10
7
6
5
10
10
9
13
8
4
7
4
12
6
4
11
5
6
10
3
9
9
11
3
5
6
7
6
6
4
4
9
8
13
13
6
9
10
12
4
12
3
10
4
6
8
5
7
8
8
9
9
7
12
9
12
11
6
3
8
7
5
14
9
13
6
6
7
12
13
9
9
5
7
9
6
11
6
10
10
14
8
1
9
9
3
9
7
6
9
7
10
8
5
8
4
5
5
6
8
2
8
8
7
10
2
10
12
7
2
9
14
7
7
8
6
5
5
7
16
7
6
9
10
8
6
12
10
4
10
9
4
12
12
9
10
8
5
7
9
8
9
7
8
10
3
5
8
8
5
11
2
3
10
11
13
9
13
7
9
6
14
10
11
9
6
6
5
5
6
12
10
7
8
9
8
11
10
8
7
7
6
8
7
9
8
13
2
11
10
12
9
10
12
8
7
6
10
11
10
10
6
5
11
9
7
10
8
11
6
10
5
9
10
10
10
11
6
4
7
10
8
6
10
5
6
5
11
9
9
13
6
5
13
13
15
8
3
12
6
10
12
11
9
12
10
6
7
8
6
13
11
7
10
5
7
7
12
11
12
13
21
16
19
22
13
10
13
12
9
10
13
10
10
9
5
6
8
10
6
5
8
11
10
9
5
6
14
9
9
6
8
6
6
3
7
8
9
10
6
6
9
8
13
6
14
13
8
14
6
12
6
5
5
11
6
9
12
10
13
13
9
4
12
9
9
6
9
9
9
10
9
7
9
12
5
4
16
9
6
6
8
12
10
9
10
5
7
15
8
14
4
10
5
6
6
10
7
10
13
15
7
4
13
11
9
11
7
11
18
6
15
7
12
11
15
9
9
10
10
7
9
7
7
6
12
6
11
9
5
8
9
8
10
9
9
10
9
6
19
10
15
12
12
14
11
17
9
14
6
18
21
24
12
16
9
9
11
9
8
7
14
13
8
12
9
6
7
10
6
14
7
8
8
17
11
7
9
8
6
9
5
16
6
10
7
10
3
19
9
7
10
14
10
15
10
10
16
10
9
6
12
4
14
12
11
11
5
6
4
11
12
9
5
10
18
14
11
6
2
14
12
9
11
8
11
9
10
8
7
15
12
13
11
12
8
7
14
4
6
10
13
10
12
5
12
12
19
9
10
17
8
12
6
10
7
12
9
4
9
16
15
12
8
20
10
5
13
13
8
10
15
12
11
13
10
7
10
6
20
10
5
12
12
9
8
8
11
9
6
13
11
9
14
10
12
7
15
10
11
14
6
9
9
7
5
5
10
8
7
15
5
11
7
12
5
12
12
13
13
7
10
14
20
11
11
10
10
11
14
5
9
15
9
12
8
17
4
10
11
11
9
14
7
8
12
12
13
11
11
15
13
13
9
11
17
11
13
11
4
7
12
12
12
12
10
11
13
12
11
4
18
6
8
12
9
10
9
9
12
6
12
7
11
8
7
11
7
3
4
12
9
6
7
16
5
11
8
9
11
8
7
10
7
5
6
7
11
13
11
10
10
7
10
8
5
7
10
9
8
6
8
3
5
4
9
4
9
9
12
5
8
7
8
9
12
10
6
7
6
6
8
11
10
7
7
11
7
4
7
8
7
5
4
3
9
4
4
5
5
9
13
10
9
7
6
8
6
5
6
6
10
1
7
4
10
10
5
7
6
7
3
5
5
12
9
5
4
6
5
6
5
9
4
4
4
13
10
7
10
7
10
12
6
7
6
6
5
6
8
5
8
6
7
7
11
6
9
6
7
7
6
8
6
9
8
7
10
8
8
3
7
3
8
2
10
8
6
6
6
12
8
10
15
7
9
13
12
4
6
3
7
5
11
4
5
4
4
10
4
15
8
1
5
4
3
8
3
2
7
7
12
1
3
5
8
2
3
10
7
6
7
12
4
5
7
5
7
7
4
7
7
6
5
7
8
9
5
5
9
6
6
3
4
8
6
5
4
5
5
3
3
7
5
6
3
2
7
5
8
7
5
6
4
6
8
1
3
3
5
8
6
5
5
7
5
2
7
4
4
7
3
5
5
6
8
4
5
5
5
9
4
4
4
0
5
6
3
2
5
4
7
4
1
2
9
5
2
4
8
7
6
2
6
5
9
1
3
5
3
7
4
6
4
1
6
2
0
4
0
2
2
5
5
10
8
1
4
2
2
3
3
1
4
3
1
4
3
1
3
6
4
4
4
8
6
5
1
4
5
4
3
6
2
3
3
2
3
6
3
3
5
2
3
4
2
4
2
3
3
4
6
1
4
6
4
0
4
2
4
5
8
5
3
3
3
4
6
2
4
4
3
5
6
6
6
5
4
5
5
4
4
2
5
1
3
5
1
1
4
4
7
6
2
3
5
4
4
3
5
7
3
2
5
3
1
4
4
3
3
4
5
1
3
1
3
4
3
6
6
5
3
5
2
9
3
1
1
3
5
4
4
4
2
5
4
0
2
3
3
2
4
2
5
3
8
1
6
1
2
5
1
4
7
1
2
5
1
10
2
8
6
6
3
4
3
5
4
3
5
4
2
3
3
4
4
2
6
7
3
4
3
2
2
3
7
3
7
5
3
6
3
2
5
3
3
3
4
5
2
2
3
6
3
4
2
3
4
6
2
4
3
2
7
1
2
8
6
3
3
4
4
1
4
3
3
5
2
2
5
4
7
2
3
2
7
4
3
3
3
6
6
18
19
26
48
61
101
103
139
216
240
253
240
248
203
138
103
73
33
15
7
5
3
0
3
5
3
3
2
0
2
2
2
3
4
0
1
2
1
3
5
0
1
0
1
2
0
0
1
1
1
1
0
0
3
1
0
4
1
2
0
0
2
2
0
2
1
1
1
0
0
1
0
5
2
0
0
2
2
0
0
4
4
0
1
3
7
0
1
3
0
2
0
0
1
0
1
0
1
6
2
2
1
0
2
1
2
1
0
0
0
4
0
4
2
1
1
1
2
1
1
2
4
1
3
2
2
1
1
1
2
0
1
1
2
4
0
1
1
2
2
1
0
0
0
2
0
2
1
2
0
0
2
1
0
1
0
0
1
1
2
2
1
1
0
0
2
1
3
2
1
0
0
1
3
1
3
2
0
3
0
1
0
1
0
1
0
0
1
0
1
2
1
3
1
0
1
0
1
1
0
0
0
0
1
0
2
3
0
0
2
0
2
1
0
2
1
2
0
0
1
1
3
1
1
0
0
0
0
1
2
1
3
1
0
1
1
1
1
0
0
0
0
1
1
2
1
0
1
1
2
0
0
2
1
0
1
1
1
3
0
1
3
0
0
2
0
0
1
0
1
1
1
0
0
0
1
3
2
0
4
3
3
2
1
1
2
1
1
1
2
0
2
2
1
2
1
0
2
1
1
0
2
2
0
0
1
0
0
0
1
1
0
3
0
3
0
0
0
1
0
1
1
0
2
2
0
0
0
0
3
0
1
0
0
1
1
2
0
1
2
2
0
0
1
5
1
2
0
1
0
1
1
1
1
3
3
1
2
0
1
2
0
2
0
2
1
1
1
0
1
0
1
0
0
1
1
0
1
0
1
0
0
1
1
0
0
1
1
1
0
1
1
1
2
0
2
3
1
0
0
0
3
0
1
2
0
0
0
2
1
1
2
1
0
0
0
1
0
0
0
0
0
1
1
1
0
1
0
1
1
2
1
0
2
1
1
0
1
3
3
0
0
0
0
0
1
0
1
2
1
2
0
1
0
2
0
0
0
0
1
1
0
1
2
2
0
3
2
1
0
0
0
1
1
0
0
1
0
0
2
0
2
4
3
4
9
19
22
28
23
38
40
45
58
36
33
26
17
14
3
3
2
0
0
1
0
0
1
0
0
0
0
0
0
0
1
0
1
3
0
1
0
0
0
0
0
1
1
1
1
0
1
1
0
1
1
0
0
0
0
0
1
0
0
0
0
0
0
0
1
0
0
0
1
2
0
0
0
0
1
0
1
0
0
1
0
1
0
1
0
0
0
3
0
0
1
0
2
1
1
0
0
0
0
0
0
1
0
0
1
0
2
1
0
0
0
0
1
2
2
0
0
0
0
0
0
1
0
0
1
0
2
0
1
1
0
1
0
2
1
1
2
0
1
0
0
1
2
1
0
0
1
0
1
1
1
0
0
0
1
1
0
0
0
0
0
0
0
0
0
0
0
1
0
0
0
0
0
1
0
0
2
1
0
0
2
0
0
0
1
0
0
1
0
0
1
1
1
1
2
1
1
1
0
1
1
0
0
1
1
0
0
0
0
1
0
0
0
2
0
0
1
1
0
0
0
1
0
0
1
0
0
0
0
0
2
0
0
0
0
0
0
0
0
1
0
0
0
0
0
2
1
0
0
1
0
0
1
1
3
0
0
1
1
0
1
0
2
1
0
1
0
3
2
0
1
0
0
0
0
0
0
2
0
0
0
0
1
1
0
0
0
1
1
2
0
0
0
1
0
0
0
0
0
0
0
0
1
0
0
0
0
0
1
1
1
1
0
1
0
3
0
2
0
0
0
0
0
0
1
0
0
0
0
0
0
0
2
2
0
1
2
2
0
2
0
2
3
0
1
1
2
2
2
2
2
2
0
1
0
0
1
1
1
0
1
1
0
2
0
0
1
0
2
0
1
0
0
0
0
1
0
0
0
0
0
0
0
0
0
0
0
1
0
1
1
1
1
0
0
0
0
0
0
0
0
0
0
0
0
0
0
0
0
0
0
0
0
1
2
0
0
0
2
1
1
1
0
0
0
1
2
0
1
1
0
1
2
1
1
0
0
1
1
0
0
0
0
1
1
1
0
0
0
1
0
0
0
0
0
0
1
1
0
0
0
0
1
0
0
0
0
0
0
0
0
0
0
1
0
0
0
1
0
0
0
1
0
0
0
0
0
0
1
0
1
1
0
0
0
0
0
0
1
0
0
0
0
1
0
0
0
0
1
0
0
0
0
0
1
0
2
1
0
0
1
1
0
2
1
0
1
0
0
1
1
1
0
1
0
2
0
0
0
0
0
0
0
0
0
0
1
0
0
0
0
0
0
0
0
0
0
0
0
0
0
1
0
0
0
1
0
0
0
0
0
0
0
1
1
0
0
0
0
0
0
1
0
0
2
0
0
0
0
0
0
0
0
0
0
0
0
0
1
2
0
0
2
0
2
0
1
0
0
0
0
0
0
0
0
0
0
0
0
1
1
0
0
0
0
0
0
1
0
0
0
0
0
1
0
2
0
0
0
0
0
0
0
0
0
0
0
0
1
0
1
0
1
1
0
2
1
0
1
0
1
0
0
0
0
0
0
0
0
1
0
0
0
0
0
1
1
0
1
0
0
0
0
0
0
0
2
0
0
0
1
1
0
0
0
0
0
0
0
0
1
1
1
3
0
1
1
1
0
0
1
2
0
1
0
1
0
0
0
0
0
0
1
0
1
0
0
0
0
1
1
0
0
1
0
0
0
1
1
0
1
1
0
0
0
0
0
0
1
0
0
0
2
0
0
0
0
0
1
0
0
0
1
0
0
0
0
0
1
0
0
0
0
0
0
2
0
0
0
0
0
0
0
0
1
2
2
3
1
2
2
2
1
2
5
2
3
1
1
2
0
0
0
0
0
0
0
0
1
1
0
0
0
0
0
2
0
0
0
1
1
1
0
0
0
0
0
1
1
0
0
0
0
0
0
0
0
1
1
0
0
0
0
0
0
0
0
0
0
0
1
0
0
0
0
0
1
0
0
0
0
1
1
0
0
0
0
1
1
1
1
0
1
0
0
0
0
0
0
0
0
1
0
1
0
0
0
0
0
0
0
0
0
0
0
0
0
1
0
0
0
0
0
1
1
1
0
1
0
1
0
0
0
0
0
2
0
0
0
0
0
0
0
0
0
0
1
0
0
0
0
0
0
0
0
0
0
0
0
0
0
0
0
2
0
0
0
1
1
1
0
0
0
0
1
0
0
0
0
0
0
1
0
0
0
0
0
1
0
0
1
1
0
0
0
0
0
2
0
1
0
0
0
0
0
0
0
0
0
0
0
0
0
0
0
1
0
0
0
1
0
0
0
0
3
0
2
1
2
3
1
0
0
0
0
0
0
0
1
0
0
0
0
1
0
0
0
0
0
1
0
0
1
0
1
0
0
1
0
0
1
0
0
0
0
0
0
0
0
0
0
1
1
0
0
0
0
0
1
2
0
0
0
0
0
1
0
0
0
0
0
0
0
0
0
0
0
0
0
0
1
1
0
0
2
0
0
0
0
0
0
1
0
0
0
0
1
1
0
0
0
0
0
0
0
0
0
0
0
2
1
0
1
1
0
1
1
0
1
0
0
0
0
0
1
0
0
0
0
0
0
0
0
0
0
2
1
1
0
1
0
1
0
0
1
1
0
0
0
1
0
1
0
1
0
0
0
0
0
0
0
0
0
0
1
0
0
0
1
0
2
0
1
1
0
0
0
0
0
0
0
0
0
2
0
0
0
2
0
0
0
0
0
1
0
0
0
1
0
0
1
0
0
0
0
1
0
1
1
0
0
2
0
0
0
0
0
2
1
0
1
0
0
1
0
0
0
0
1
0
0
0
0
0
0
3
0
0
1
1
1
0
0
0
0
1
0
0
0
0
0
0
0
0
0
0
0
1
0
1
2
1
0
0
0
0
0
0
2
0
1
0
0
0
0
0
0
0
0
0
1
0
1
0
1
0
0
1
0
1
0
1
0
0
0
0
0
0
0
2
0
0
0
0
1
0
0
0
0
0
0
0
0
0
0
0
0
0
2
0
0
1
0
0
0
0
0
0
0
0
0
0
0
1
0
0
0
0
0
1
0
0
1
0
0
0
0
0
0
1
0
0
0
0
0
0
1
0
0
0
0
0
0
0
1
0
1
0
0
1
0
0
0
1
1
0
0
0
0
0
2
0
1
0
0
2
0
0
0
0
1
0
0
0
0
0
0
0
0
0
0
0
0
0
0
0
0
0
0
0
0
0
1
0
1
0
0
0
0
0
0
0
1
0
0
0
0
1
0
0
0
0
0
0
0
1
0
1
0
0
0
0
2
0
1
0
0
0
0
1
1
0
0
0
0
0
0
0
0
1
0
0
0
0
2
0
0
0
0
0
0
0
0
0
0
0
0
0
0
0
0
0
0
0
0
0
0
0
0
0
0
0
0
0
0
0
0
0
0
2
0
0
1
0
0
0
0
0
0
0
0
0
0
0
0
0
1
0
0
0
0
0
0
0
0
0
0
0
1
0
0
0
0
1
0
0
0
0
0
0
0
0
0
0
1
1
0
0
0
0
0
1
0
0
1
1
0
0
0
0
0
1
0
1
0
0
0
2
0
0
0
0
0
0
0
0
0
0
0
1
1
0
0
1
0
0
0
1
0
2
0
0
0
0
0
0
0
0
0
0
1
0
0
0
0
0
0
0
0
0
0
0
0
1
0
0
0
0
1
0
0
0
0
0
0
1
0
1
0
0
1
1
0
0
0
0
0
0
0
0
0
0
0
0
0
0
0
1
0
0
0
1
0
0
1
0
1
0
0
1
0
2
0
0
0
0
2
2
1
0
2
0
1
1
0
0
0
0
0
0
0
0
0
0
0
1
0
0
0
0
0
0
0
0
0
0
0
0
0
1
1
0
0
1
0
0
1
0
1
1
0
0
0
0
0
0
0
1
0
0
1
0
0
1
0
0
0
0
0
0
1
0
0
0
0
0
0
0
0
0
1
0
0
1
0
0
0
0
0
1
0
0
0
0
0
0
1
0
0
0
0
0
0
0
0
0
0
0
0
0
0
0
0
0
1
0
0
0
0
2
0
0
0
0
0
0
2
1
0
0
1
0
0
0
0
1
0
0
0
0
0
1
0
0
1
0
0
0
0
0
0
0
0
0
0
1
1
0
0
0
0
1
0
0
0
0
0
0
1
0
0
0
0
1
0
0
0
0
0
0
0
0
0
1
1
1
0
0
0
0
0
0
0
0
0
0
0
0
1
0
0
0
1
0
0
0
1
1
1
0
0
0
1
0
0
0
0
0
0
0
0
1
0
1
0
0
0
1
0
0
0
0
0
0
0
0
0
2
0
0
0
0
0
0
0
0
0
0
0
0
0
0
2
0
0
0
0
1
0
1
0
1
2
2
1
3
2
1
2
2
1
1
0
0
1
1
0
2
1
0
0
0
0
1
1
1
1
1
0
0
0
0
0
0
0
0
1
0
1
1
0
0
1
0
0
0
1
0
1
0
2
0
1
0
0
0
0
1
0
0
0
0
0
0
1
1
0
1
0
0
1
0
0
1
0
0
0
0
0
0
1
1
0
0
0
1
0
0
1
0
0
0
0
0
0
0
0
2
0
0
1
1
1
0
0
0
0
0
0
0
0
0
0
1
1
0
0
0
2
0
0
0
0
0
0
0
0
1
0
0
0
0
0
0
0
0
2
0
0
0
0
0
0
0
0
0
0
0
0
0
0
1
1
0
1
0
1
1
1
2
0
1
0
1
0
0
0
0
0
0
0
0
1
0
2
0
0
0
1
1
0
0
1
1
0
0
0
0
0
0
1
0
0
0
1
0
0
1
1
0
0
0
0
0
0
0
0
0
2
0
0
0
0
1
0
0
0
0
0
0
1
0
0
1
0
1
1
0
0
0
1
0
0
0
0
0
0
0
1
1
0
0
0
0
0
0
0
0
0
1
0
0
1
0
0
1
0
0
0
1
0
0
0
0
0
2
0
0
0
1
0
0
0
1
1
0
1
0
0
1
0
0
1
0
0
0
0
2
0
1
0
1
0
0
0
0
0
0
0
1
0
1
0
0
0
1
0
0
1
0
0
0
0
0
1
0
0
0
1
0
0
0
0
0
0
1
1
1
1
1
0
0
0
2
0
0
0
1
0
0
0
1
0
1
0
3
0
0
0
0
0
0
0
1
0
0
2
0
0
1
0
0
0
0
0
1
0
0
0
0
0
1
0
0
0
0
0
0
0
0
0
1
1
0
0
1
0
0
0
0
0
0
1
0
2
0
0
0
0
0
0
0
2
0
0
0
1
1
0
0
0
0
1
0
1
1
0
0
1
0
0
0
0
0
0
0
2
1
0
0
1
0
1
1
0
0
0
0
1
0
0
1
0
1
0
0
0
0
0
1
0
0
0
0
0
0
0
0
1
0
0
0
1
0
0
0
0
0
1
1
0
0
1
0
0
1
0
1
0
0
0
0
1
0
0
1
0
1
0
0
0
0
0
1
0
0
0
0
0
0
0
0
1
0
0
0
2
0
0
0
1
0
0
0
0
1
0
0
0
0
0
0
0
0
0
0
0
1
1
1
0
0
0
0
0
0
0
0
0
0
0
0
0
0
1
0
1
0
0
1
0
0
0
0
0
0
0
0
0
0
0
0
0
0
0
0
1
0
0
0
0
1
1
0
0
0
0
0
0
0
0
0
0
0
1
0
0
0
0
0
0
1
0
0
0
0
0
0
0
0
0
1
0
0
0
0
0
0
0
0
0
1
0
0
0
0
1
0
1
0
1
0
0
0
0
0
0
0
0
0
1
0
0
0
0
1
0
0
0
1
0
0
1
0
0
0
0
0
0
0
0
0
0
1
0
0
0
0
0
0
0
0
0
0
0
0
1
0
0
0
0
0
0
0
0
0
0
0
1
0
0
2
0
0
0
0
0
0
1
0
0
0
0
1
0
1
0
0
1
0
1
0
0
0
0
0
1
0
0
0
0
0
0
1
0
0
0
0
0
0
0
0
0
0
0
0
0
0
0
0
0
1
0
1
0
0
0
0
0
0
0
0
0
0
0
0
0
0
0
0
0
0
0
0
0
0
0
0
0
0
0
2
0
0
2
0
0
0
0
0
0
0
0
0
0
0
0
0
0
0
0
0
0
0
0
0
1
0
0
0
0
0
0
0
0
0
0
0
0
1
0
0
0
0
0
0
0
0
0
0
0
0
0
0
0
0
0
0
0
0
0
1
0
0
0
0
0
0
0
0
0
0
0
0
0
0
0
0
0
0
0
0
0
0
0
0
0
0
0
0
0
0
0
0
0
0
0
0
0
0
0
0
0
0
0
1
0
0
0
0
0
0
0
0
0
0
0
0
0
0
0
0
0
0
0
0
0
0
0
0
0
0
0
0
1
0
0
0
0
0
0
0
0
0
0
0
0
0
0
0
0
1
0
0
0
0
0
1
0
0
0
0
0
0
0
0
0
0
0
0
0
0
0
0
0
0
0
0
0
0
0
0
0
0
0
0
0
0
0
0
0
0
0
0
0
0
0
0
0
0
0
1
0
0
1
0
0
0
0
0
0
0
0
0
0
0
0
0
0
0
0
0
0
0
0
0
0
0
1
0
0
0
0
0
0
0
0
0
0
0
0
0
0
0
0
0
0
0
0
0
0
0
0
0
0
0
0
0
0
0
0
0
0
0
0
0
0
0
0
0
0
0
0
0
0
1
0
0
0
0
1
0
0
0
0
0
0
0
0
0
0
0
0
0
0
0
1
4
0
0
5
5
7
6
2
10
6
9
6
7
6
3
3
3
3
1
0
0
0
0
0
0
0
0
0
0
0
0
0
0
0
0
0
0
0
0
0
0
0
0
0
0
0
0
0
0
0
0
0
0
0
0
0
0
0
0
0
0
0
0
0
0
0
0
0
0
0
0
0
0
0
0
0
0
0
0
0
0
0
0
0
0
0
0
0
0
0
0
0
0
0
0
0
0
0
0
0
0
0
0
0
0
0
0
0
0
0
0
0
0
0
0
0
0
0
0
0
0
0
0
0
0
0
0
0
0
0
0
0
0
0
0
0
0
0
0
0
0
0
0
0
0
0
0
0
0
0
0
0
0
0
0
0
0
0
0
0
0
0
0
0
0
0
0
0
0
0
0
0
0
0
0
0
0
0
0
0
0
0
0
0
0
0
0
0
0
0
0
0
0
0
0
0
0
0
0
0
0
0
0
0
0
0
0
1
0
0
0
0
0
0
0
0
0
0
0
0
0
0
0
0
0
0
0
0
0
0
0
0
0
0
0
0
0
0
0
0
0
0
0
0
0
0
0
0
0
0
0
0
0
0
0
0
0
0
0
0
0
0
0
0
0
0
0
0
0
0
0
0
0
0
0
0
0
0
0
0
0
0
0
0
0
0
0
0
0
0
0
0
0
0
0
0
0
0
0
0
0
0
0
0
0
0
0
0
0
0
0
0
0
0
1
0
0
0
0
0
0
0
0
0
0
0
0
0
0
0
0
0
0
0
0
0
0
0
0
0
0
0
0
0
0
0
0
0
0
0
0
0
0
0
0
0
0
0
0
0
0
0
0
0
0
0
0
0
0
0
0
0
0
0
0
0
0
0
0
0
0
0
0
0
0
0
0
0
0
0
0
0
0
0
0
0
0
0
0
0
0
0
0
0
0
0
0
0
0
0
0
0
0
0
0
0
0
0
0
0
0
0
0
0
0
0
0
0
0
0
0
0
0
0
0
0
0
0
0
0
0
0
0
0
0
0
0
0
0
0
0
0
0
0
0
0
0
0
0
0
0
0
0
0
0
0
0
0
0
0
0
0
0
0
0
0
0
0
0
0
0
0
0
0
0
0
0
0
0
0
0
0
0
0
0
0
0
0
0
0
0
0
0
0
0
0
0
0
0
0
0
0
0
0
0
0
0
0
0
0
0
0
0
0
0
0
0
0
0
0
0
0
0
0
0
0
0
0
0
0
0
0
0
0
0
0
0
0
0
0
0
0
0
0
0
0
0
0
0
0
0
0
0
0
0
0
0
0
0
0
0
0
0
0
0
0
0
0
0
0
0
0
0
0
0
0
0
0
0
0
0
0
0
0
0
0
0
0
0
0
0
0
0
0
0
0
0
0
0
0
0
0
0
0
0
0
0
0
0
0
0
0
0
0
0
0
0
0
0
0
0
0
0
0
0
0
0
0
0
0
0
0
0
0
0
0
0
0
0
0
0
0
0
0
0
0
0
0
0
0
0
0
0
0
0
0
0
0
0
0
0
0
0
0
0
0
0
0
0
0
0
0
0
0
0
0
0
0
0
0
0
0
0
0
0
0
0
0
0
0
0
0
0
0
0
0
0
0
0
0
0
0
0
0
0
0
0
0
0
0
0
0
0
0
0
0
0
0
0
0
0
0
0
0
0
0
0
0
0
0
0
0
0
0
0
0
0
0
0
0
0
0
0
0
0
0
0
0
0
0
0
0
0
0
0
0
0
0
0
0
0
0
0
0
0
0
0
0
0
0
0
0
0
0
0
0
0
0
0
0
0
0
0
0
0
0
0
0
0
0
0
0
0
0
0
0
0
0
0
0
0
0
0
0
0
0
0
0
0
0
0
0
0
0
0
0
0
0
0
0
0
0
0
0
0
0
0
0
0
0
0
0
0
0
0
0
0
0
0
0
0
0
0
0
0
0
0
0
0
0
0
0
0
0
0
0
0
0
0
0
0
0
0
0
0
0
0
0
0
0
0
0
0
0
0
0
0
0
0
0
0
0
0
0
0
0
0
0
0
0
0
0
0
0
0
0
0
0
0
0
0
0
0
0
0
0
0
0
0
0
0
0
0
0
0
0
0
0
0
0
0
0
0
0
0
0
0
0
0
0
0
0
0
0
0
0
0
0
0
0
0
0
0
0
0
0
0
0
0
0
0
0
0
1
0
0
0
0
0
0
0
0
0
0
0
0
0
0
0
0
0
0
0
0
0
0
0
0
0
0
0
0
0
0
0
0
0
0
0
0
0
0
0
0
0
0
0
0
0
0
0
0
0
0
0
0
0
0
0
0
0
0
0
0
0
0
0
0
0
0
0
0
0
0
0
0
0
0
0
0
0
0
0
0
0
0
0
0
0
0
0
0
0
0
0
0
0
0
0
0
0
0
0
0
0
0
0
0
0
0
0
0
0
0
0
0
0
0
0
0
0
0
0
0
0
0
0
0
0
0
0
0
0
0
0
0
0
0
0
0
0
0
0
0
0
0
0
0
0
0
0
0
0
0
0
0
0
0
0
0
0
0
0
0
0
0
0
0
0
0
0
0
0
0
0
0
0
0
0
0
0
0
0
0
0
0
0
0
0
0
0
0
0
0
0
0
0
0
0
0
0
0
0
0
0
0
0
0
0
0
0
0
0
0
0
0
0
0
0
0
0
0
0
0
0
0
0
0
0
0
0
0
0
0
0
0
0
0
0
0
0
0
0
0
0
0
0
0
0
0
0
0
0
0
0
0
0
0
0
0
0
0
0
0
0
0
0
0
0
0
0
0
0
0
0
0
0
0
0
0
0
0
0
0
0
0
0
0
0
0
0
0
0
0
0
0
0
0
0
0
0
0
0
0
0
0
0
0
0
0
0
0
0
0
0
0
0
0
0
0
0
0
0
0
0
0
0
0
0
0
0
0
0
0
0
0
0
0
0
0
0
0
0
0
0
0
0
0
0
0
0
0
0
0
1
0
0
0
0
0
0
0
0
0
0
0
0
0
0
0
0
0
0
0
0
0
0
0
0
0
0
0
0
0
0
0
0
0
0
0
0
0
0
0
0
0
0
0
0
0
0
0
0
0
0
0
0
0
0
0
0
0
0
0
0
0
0
0
0
0
0
0
0
0
0
0
0
0
0
1
3
1
0
3
0
1
1
1
1
2
2
3
0
1
0
1
4
0
1
0
1
1
1
2
1
2
3
2
1
2
2
1
0
3
0
3
0
0
1
1
0
3
2
1
1
1
0
2
1
1
4
3
0
0
1
2
3
3
1
2
1
0
1
1
2
1
1
1
2
1
4
0
1
2
3
2
4
2
0
0
2
0
1
1
0
1
5
1
4
0
1
3
3
2
2
0
1
0
3
2
2
2
1
2
0
0
3
0
0
1
1
2
2
0
1
1
4
2
2
1
0
0
4
2
2
1
0