0
0
0
0
0
0
0
0
0
0
0
0
0
0
0
0
0
0
0
0
0
0
0
0
0
0
0
0
0
0
0
0
0
0
0
0
0
0
0
0
0
0
0
0
0
0
0
1
1
1
1
1
6
8
14
32
70
68
67
62
62
62
89
53
71
68
78
81
102
88
101
111
116
92
100
84
96
89
88
89
106
88
96
98
117
134
134
124
115
126
124
118
107
118
108
122
121
136
117
146
139
148
143
158
163
147
140
134
132
114
122
142
139
145
124
127
147
160
139
127
146
131
152
131
125
144
133
137
136
135
159
124
159
138
134
147
139
144
165
136
149
154
126
136
152
169
159
148
159
139
155
175
162
147
157
162
152
146
150
147
141
153
174
182
155
159
145
142
157
161
149
167
166
145
157
170
152
141
163
168
161
152
145
152
153
187
133
137
157
170
136
165
148
164
181
166
151
150
196
156
157
161
155
145
169
141
164
167
171
161
147
149
156
168
185
155
157
149
167
159
185
144
175
159
166
147
170
183
163
170
180
157
144
170
187
168
172
201
168
134
202
175
167
154
135
160
176
165
156
168
169
161
170
171
173
152
166
170
166
142
186
141
158
161
149
141
144
148
160
162
150
168
154
140
148
167
177
168
120
158
165
144
153
159
148
162
149
187
153
148
145
145
163
126
174
147
148
176
164
177
140
132
150
128
134
154
156
160
155
160
148
168
131
136
144
164
164
140
141
159
134
155
147
120
151
160
136
139
155
152
137
155
158
135
150
144
144
152
142
160
141
141
157
155
141
153
138
151
160
155
142
130
151
131
158
137
178
146
160
143
125
186
175
197
177
157
206
171
180
191
178
169
201
198
200
198
192
213
196
185
181
166
211
176
152
194
174
166
163
159
160
183
172
161
143
152
137
159
164
151
168
158
144
155
136
156
156
137
134
138
124
124
131
136
144
136
116
125
156
123
122
135
131
119
108
142
98
115
126
119
121
114
125
118
137
110
138
117
110
100
111
138
115
108
99
130
104
92
121
111
128
127
113
110
95
103
127
107
113
120
108
98
135
114
106
124
125
103
110
91
84
109
86
80
99
113
108
103
114
111
112
92
135
114
116
112
114
115
117
111
127
113
94
103
85
108
115
91
106
109
97
111
104
110
110
100
104
105
95
87
116
101
98
89
90
103
98
104
86
105
96
78
96
85
101
95
91
112
96
91
103
89
101
100
79
107
112
96
116
117
112
124
152
131
129
98
100
98
118
99
94
94
108
100
80
88
95
85
89
95
92
75
83
81
90
91
90
96
97
71
87
83
77
77
75
78
92
80
109
78
92
75
101
76
96
85
73
82
96
93
81
88
94
82
79
72
84
73
86
82
80
85
91
94
72
68
78
74
83
104
75
72
80
90
84
97
74
75
76
73
95
89
87
99
86
88
63
78
72
87
102
85
86
78
76
86
81
82
88
94
73
83
90
77
79
77
83
79
91
95
84
80
87
82
84
68
85
68
84
77
74
74
75
81
92
81
75
55
76
84
76
99
74
73
69
89
92
73
87
82
92
85
80
74
115
84
78
110
96
91
100
103
76
96
81
92
68
83
89
90
85
62
73
88
95
57
102
70
90
61
82
102
67
83
77
98
95
71
79
82
82
81
76
80
82
80
87
85
75
82
92
71
88
94
82
81
68
88
90
78
61
79
70
90
79
90
85
85
81
71
87
81
77
81
81
95
84
81
79
106
73
65
67
75
67
85
78
77
90
84
86
69
103
82
82
99
78
86
79
87
93
91
92
87
81
90
87
78
66
80
68
64
84
70
71
84
92
85
87
78
82
80
88
86
79
68
83
91
68
63
56
61
52
51
68
50
46
52
60
56
48
73
62
45
47
52
64
66
59
55
67
72
63
70
76
86
72
81
75
64
53
48
51
56
55
58
44
48
56
59
39
52
45
53
53
48
57
57
41
42
46
42
52
48
48
60
47
51
46
40
52
55
42
53
46
39
42
42
44
37
42
42
50
39
40
41
48
48
41
36
42
48
41
46
41
36
36
35
52
28
55
49
51
37
35
35
32
45
47
38
39
37
45
44
31
41
45
45
25
35
38
41
44
36
37
42
30
40
36
32
32
34
34
37
35
31
28
38
40
32
30
41
40
37
34
29
34
39
30
28
27
27
30
41
26
38
41
44
45
37
37
36
31
32
42
37
38
24
45
33
38
32
28
30
30
32
28
46
27
32
31
25
37
28
32
34
31
26
39
31
32
25
30
29
38
30
29
34
39
32
33
34
46
35
29
50
27
36
28
34
36
28
29
36
32
32
25
38
30
27
27
22
31
38
38
22
29
22
38
31
36
26
25
40
42
28
34
33
29
38
32
28
22
34
39
37
34
31
16
35
31
32
22
31
38
40
29
33
25
28
43
31
28
35
28
31
33
30
33
33
42
27
30
27
22
38
22
30
17
29
41
35
26
36
28
40
22
25
20
38
21
31
30
25
28
24
29
25
28
35
29
26
23
26
36
28
30
23
38
34
26
47
29
27
21
19
27
25
42
30
30
28
23
28
31
33
30
35
23
29
28
20
19
26
18
23
26
29
32
32
25
24
31
26
30
32
30
27
36
28
30
34
36
30
35
33
31
39
39
23
29
40
28
25
32
26
24
37
29
30
38
38
31
24
27
30
29
33
39
38
38
37
28
34
29
30
37
44
31
29
38
51
29
29
30
42
34
37
41
23
29
52
29
32
39
30
32
28
35
35
34
30
34
50
37
38
33
32
30
36
32
21
34
34
36
38
44
42
35
28
40
33
49
47
53
68
76
109
184
235
331
466
596
822
1017
1200
1385
1459
1468
1327
1157
934
713
498
375
223
136
77
44
34
24
12
20
17
13
17
14
10
15
14
18
12
11
13
15
19
10
17
14
12
11
17
17
20
9
13
19
11
15
16
20
13
10
11
12
11
20
14
19
12
14
16
18
19
17
12
14
14
5
7
13
10
17
9
10
16
18
12
21
19
12
8
12
12
15
22
11
16
6
21
10
16
13
10
12
13
16
11
11
22
13
16
14
12
13
13
9
9
12
18
15
10
13
13
15
17
13
13
15
12
18
14
19
9
12
16
12
12
10
15
13
11
11
11
14
20
13
11
13
11
13
17
13
12
18
10
16
12
9
5
15
14
20
16
17
19
11
9
19
23
10
15
9
15
17
11
12
8
12
11
8
14
18
16
17
12
21
9
10
14
16
23
12
16
13
12
18
12
18
21
22
21
26
28
26
41
27
22
17
13
17
9
19
10
19
17
16
16
14
17
19
15
12
11
19
13
13
12
22
14
10
16
18
7
13
19
7
9
20
14
17
12
19
17
16
14
11
18
13
17
17
9
10
11
12
13
14
11
12
18
13
18
12
12
15
17
12
23
23
22
26
39
40
33
25
29
15
18
23
21
14
17
16
14
16
16
13
23
11
14
11
15
19
14
17
10
10
18
10
12
14
9
14
17
14
14
12
8
14
12
13
15
13
16
13
10
11
14
15
14
14
11
12
11
13
9
15
13
16
9
14
9
16
17
12
16
18
7
18
14
5
13
12
13
11
12
13
8
16
15
12
12
5
10
8
14
18
17
18
8
14
11
12
14
16
10
13
14
13
13
16
9
13
17
8
10
11
13
14
11
17
16
12
18
10
15
14
11
14
11
8
10
11
16
9
14
8
8
10
11
15
17
9
13
16
9
16
9
14
16
6
14
11
17
18
11
15
13
15
15
20
9
10
14
11
8
5
15
16
9
15
7
13
16
11
13
16
12
10
14
18
18
10
12
14
16
14
13
18
19
9
16
11
13
11
12
9
11
16
12
8
9
12
8
14
14
15
20
13
13
17
13
12
12
11
14
22
11
20
11
13
10
20
14
11
7
11
17
16
8
12
11
17
10
11
8
13
13
14
14
15
11
7
15
22
17
20
11
14
21
9
15
7
12
15
12
16
16
11
16
17
17
8
15
8
16
19
6
9
9
9
15
17
15
8
13
11
16
21
16
12
11
18
11
11
9
18
9
18
19
14
9
14
15
12
11
10
11
11
14
17
17
9
17
15
12
11
15
9
11
6
9
8
16
17
11
16
20
19
11
14
11
11
20
15
12
18
13
17
9
14
22
15
16
14
13
15
7
7
12
9
15
15
15
9
16
10
8
16
16
11
6
14
14
13
7
13
15
14
10
10
10
17
15
8
8
7
17
13
15
13
19
21
13
16
18
18
9
15
16
15
12
11
24
17
17
13
18
16
16
12
21
11
13
13
13
5
14
11
14
14
17
12
11
10
11
15
12
10
14
15
14
11
21
10
10
16
11
11
12
15
13
17
10
9
14
14
12
15
16
11
7
11
21
14
13
12
16
15
19
13
12
17
10
13
15
6
16
10
13
9
17
14
13
9
10
10
9
13
13
10
9
13
8
6
19
20
12
15
16
17
12
12
7
7
13
9
12
10
9
17
9
16
16
5
15
13
9
12
27
18
11
13
17
16
11
14
11
17
17
12
14
13
10
17
13
10
19
15
8
14
11
15
11
15
11
8
9
15
14
10
9
12
14
12
7
20
10
16
12
16
19
6
6
23
16
15
14
16
10
6
12
6
15
5
10
16
12
12
11
17
16
13
11
20
16
22
16
18
22
12
11
6
8
14
24
17
12
11
12
13
19
12
10
11
15
10
17
16
10
16
13
6
5
8
6
12
13
20
15
9
17
6
11
14
16
15
11
16
13
17
23
9
10
15
15
15
16
16
14
14
16
18
13
14
15
14
22
11
13
7
15
16
14
15
9
19
14
20
10
17
12
11
20
6
10
15
9
8
15
14
12
9
10
13
12
11
14
17
7
16
16
14
13
9
19
15
7
12
12
16
20
14
9
15
14
11
15
5
18
6
11
9
9
22
10
12
12
16
18
19
10
14
20
18
12
9
6
18
11
15
13
8
16
23
11
10
19
13
13
15
9
10
10
7
14
11
14
12
15
16
8
16
15
17
11
11
10
14
16
12
16
6
13
12
18
11
25
5
14
18
14
18
8
17
10
18
12
10
15
14
16
14
16
15
21
16
17
19
14
15
16
18
16
19
10
18
10
15
14
14
12
9
9
18
12
10
11
10
15
11
8
16
18
14
15
22
15
13
13
11
9
16
21
14
19
22
19
13
22
15
16
23
32
39
19
28
18
16
22
19
21
15
20
12
20
17
11
19
14
15
14
14
13
17
11
20
16
19
22
12
13
15
10
17
10
18
12
7
18
12
14
17
18
11
15
17
15
10
15
11
14
11
10
12
14
17
24
11
21
18
15
22
21
21
12
18
16
13
20
17
9
14
16
22
16
11
13
18
15
17
12
12
14
19
10
15
17
19
14
20
13
18
15
19
18
18
16
19
10
17
20
10
18
21
23
14
15
15
22
15
19
14
19
17
15
13
11
22
20
15
10
15
16
20
14
19
16
16
12
14
15
17
26
17
18
22
12
17
14
16
10
16
19
22
20
17
17
20
28
15
14
24
27
25
20
14
11
13
21
21
18
20
22
13
18
18
22
19
18
22
12
17
11
10
19
20
19
14
14
13
17
19
16
14
23
18
15
17
12
13
21
17
17
18
12
12
11
18
17
19
11
23
13
25
17
15
16
25
28
22
18
15
14
20
16
19
17
15
12
16
24
16
28
30
14
18
19
22
13
14
22
21
23
17
22
21
20
23
15
20
15
12
19
21
16
13
15
11
14
25
19
18
14
21
21
9
16
18
18
15
20
18
12
14
17
18
19
16
27
21
16
17
17
22
13
17
22
17
20
15
16
22
27
15
26
14
16
24
21
22
24
26
24
27
12
21
16
23
21
20
14
16
18
23
14
23
17
26
21
21
18
21
25
23
13
28
17
18
21
23
26
20
14
21
21
15
22
27
32
14
23
14
12
15
20
21
15
23
29
27
13
19
15
16
20
21
32
23
32
27
15
16
18
20
23
23
32
19
14
17
21
21
33
18
14
19
22
17
11
21
18
17
24
19
19
21
26
22
23
23
18
22
15
18
18
21
17
19
12
21
17
14
16
20
19
11
21
8
19
17
11
12
21
14
19
13
10
11
6
10
14
9
14
9
12
11
13
10
11
13
11
16
14
15
12
10
14
14
8
15
7
10
16
11
13
17
12
15
4
11
10
5
10
4
15
7
12
12
19
11
10
10
11
15
12
16
12
9
11
14
17
12
10
11
10
10
12
13
15
10
9
11
15
20
7
22
7
16
6
9
10
10
16
11
17
6
17
11
11
12
14
8
3
7
10
10
11
9
5
8
11
7
15
13
17
12
8
11
15
12
12
8
7
10
14
10
9
6
17
4
15
9
16
5
8
7
9
7
9
8
7
7
14
9
9
7
16
6
15
12
11
12
6
15
15
16
6
8
10
7
10
11
8
10
12
7
14
11
8
12
10
10
12
5
7
15
13
9
5
13
8
8
10
13
12
8
6
3
8
9
10
15
12
5
8
10
11
6
7
8
5
12
7
9
6
8
7
4
5
6
8
11
8
16
9
9
8
10
9
11
9
7
5
4
4
8
10
8
5
9
8
6
10
5
8
8
3
6
6
8
6
9
11
4
6
7
10
10
4
7
5
8
8
7
6
8
4
6
6
10
5
3
15
9
6
9
3
6
6
4
10
8
8
5
4
10
4
3
4
8
5
6
9
9
6
7
6
6
6
7
7
8
9
3
4
5
7
5
6
5
8
4
3
9
6
6
6
13
4
4
5
4
5
5
10
4
7
4
6
2
6
5
6
4
6
8
5
7
2
9
7
9
1
6
4
3
4
5
5
9
5
5
7
5
8
8
7
4
6
5
2
3
5
1
4
4
4
10
5
2
7
6
5
2
3
5
3
4
8
3
3
3
4
4
3
7
7
6
6
3
2
11
1
8
4
7
3
3
5
2
3
2
2
2
6
4
4
4
3
8
6
10
8
5
4
6
5
7
4
7
6
4
2
2
8
2
1
6
7
7
6
6
6
1
2
4
6
6
6
8
8
6
4
4
4
6
4
2
6
0
6
7
5
4
1
9
2
2
6
6
4
4
5
9
4
6
3
3
4
5
5
7
5
6
4
10
8
2
5
5
3
0
1
5
3
6
4
4
1
4
6
3
1
1
6
3
4
2
4
9
3
3
1
1
3
4
7
2
5
3
4
3
4
3
3
2
4
2
4
1
3
3
2
5
4
2
3
1
1
1
2
5
2
3
6
8
5
2
4
5
2
5
2
3
1
4
5
4
3
4
4
9
13
20
41
66
97
134
205
273
374
499
535
643
567
493
353
295
154
109
47
20
6
9
3
9
2
5
4
0
1
1
1
2
4
1
1
2
2
2
1
5
1
2
1
3
2
3
2
2
2
0
3
2
0
2
1
1
2
1
4
1
1
2
2
1
4
1
1
2
2
2
1
2
2
1
3
1
1
1
0
1
1
2
0
2
0
2
0
1
0
1
0
4
1
0
2
0
3
3
3
2
3
2
1
0
1
3
1
0
1
1
0
3
2
1
4
2
0
0
0
4
1
2
3
4
1
2
2
4
1
1
0
0
1
1
1
2
0
0
1
1
0
1
1
0
1
3
1
3
1
0
1
0
1
1
0
1
0
0
2
1
0
0
0
1
0
2
2
2
2
3
3
2
1
1
1
0
3
4
1
1
2
0
0
0
4
0
0
2
0
0
0
1
1
0
2
1
2
0
1
0
0
0
1
1
2
0
0
2
2
0
0
3
0
2
2
0
4
1
1
1
1
1
3
1
1
1
2
0
0
1
0
1
0
1
0
1
1
0
0
2
0
2
0
0
0
3
1
2
1
0
1
2
0
1
2
1
1
2
1
1
1
1
1
1
0
1
1
0
0
0
0
0
1
1
3
0
3
2
4
1
1
4
2
1
1
0
0
0
1
0
1
1
4
1
3
0
0
1
1
0
2
1
0
2
1
1
1
1
0
0
0
0
0
1
2
2
0
1
0
1
1
0
0
0
0
1
1
1
2
0
1
0
0
1
0
1
3
0
4
2
2
2
0
2
1
1
0
1
2
1
0
2
0
0
0
1
0
1
1
3
1
0
1
1
3
4
3
0
1
0
0
0
1
0
0
1
1
0
1
1
0
1
1
1
2
1
0
1
2
2
3
1
0
1
0
0
0
1
2
1
1
1
0
1
1
1
0
1
0
1
0
1
0
0
2
0
0
0
0
1
0
1
0
3
2
0
0
1
2
0
0
1
1
0
0
0
1
1
0
1
0
0
1
0
4
2
1
1
1
1
0
0
3
2
1
1
2
1
0
1
0
2
0
1
1
1
2
1
0
0
1
0
0
1
3
0
4
0
1
0
3
0
2
4
3
12
20
11
39
20
42
38
43
54
46
53
24
32
19
6
4
3
0
1
1
0
0
3
0
1
1
0
0
0
1
0
0
0
0
0
0
0
0
0
1
2
2
2
0
0
1
0
0
2
0
1
0
0
2
2
1
2
1
0
0
0
0
1
0
1
0
1
0
0
1
0
0
0
1
2
0
0
1
0
0
0
1
0
3
0
0
1
1
2
0
0
0
1
1
1
0
1
0
0
1
2
2
1
0
0
0
1
0
1
1
0
0
1
0
0
1
0
0
1
1
1
0
0
0
1
0
0
1
1
0
0
0
0
3
1
0
0
1
0
3
1
0
0
1
0
1
1
0
0
0
0
0
0
0
0
1
0
0
0
0
1
0
1
0
0
0
2
0
0
0
1
1
1
0
1
0
0
3
0
0
0
1
2
1
0
0
0
0
0
1
1
0
0
0
1
2
1
0
1
0
1
1
0
1
2
2
0
1
1
0
0
2
0
0
2
1
0
0
0
0
0
0
0
0
1
0
2
1
0
0
0
0
0
0
0
0
0
0
1
0
0
0
0
2
0
0
0
0
0
0
1
0
0
0
0
0
0
0
0
2
1
0
1
0
1
0
2
0
1
0
0
0
0
1
1
0
0
0
1
0
0
0
1
1
0
1
0
1
1
0
1
0
0
0
0
0
1
0
0
2
0
0
0
0
0
0
0
1
0
0
0
0
1
1
0
1
0
1
2
1
2
0
1
1
1
0
1
1
1
0
0
0
2
0
2
1
0
0
0
0
0
2
0
0
0
0
1
2
1
0
2
0
0
3
2
0
0
0
0
0
0
0
0
0
1
0
0
1
0
0
0
0
1
0
0
0
1
1
1
0
1
0
0
1
2
0
0
0
1
0
1
1
1
1
0
0
0
0
0
1
0
2
0
1
0
0
1
0
0
0
0
0
1
1
0
1
0
2
0
0
0
0
2
2
0
1
0
0
0
3
1
0
1
1
0
0
2
1
1
0
1
0
1
1
1
0
0
0
1
0
0
0
0
0
1
0
0
0
1
1
0
1
0
1
0
1
0
1
0
1
1
0
0
0
0
0
0
0
0
0
0
0
0
1
0
1
0
0
0
0
0
2
0
0
1
1
0
0
1
1
0
0
0
0
0
0
1
0
0
0
1
1
0
0
1
0
0
0
0
0
0
1
1
0
1
0
2
2
0
0
1
0
3
1
0
0
0
2
0
0
1
0
0
0
0
0
0
0
0
0
0
0
1
2
0
0
0
0
0
1
0
2
0
0
0
0
1
0
0
0
1
0
1
0
0
1
1
0
1
0
0
1
0
0
0
0
2
0
0
0
0
0
0
0
0
0
0
0
0
0
0
0
1
0
0
0
0
0
0
0
0
0
0
0
2
0
1
0
0
1
0
0
2
0
0
0
0
0
0
1
0
0
0
0
0
1
2
0
0
2
0
1
0
1
0
0
1
2
2
0
0
0
0
0
0
0
0
0
1
1
1
0
0
0
0
1
0
1
1
0
1
1
1
0
1
0
0
0
1
0
0
0
1
1
0
0
0
0
0
0
0
1
0
2
1
2
0
1
0
2
1
0
1
3
2
1
2
0
0
1
0
0
0
0
0
0
2
2
1
0
0
1
0
0
0
0
0
0
1
0
0
0
0
0
0
0
0
0
1
0
0
0
0
1
0
0
0
0
0
0
0
1
0
0
0
0
0
0
2
0
1
0
0
0
0
0
0
0
0
0
1
1
0
0
0
0
0
0
0
0
0
0
0
1
1
1
0
2
1
1
2
1
4
2
1
2
2
3
2
1
1
0
1
0
1
0
0
0
0
0
0
0
0
0
0
0
0
1
0
0
0
0
0
0
0
0
0
0
0
0
0
1
1
0
0
0
0
0
0
1
0
0
0
0
0
1
0
1
0
1
0
1
0
0
0
0
1
1
0
0
0
1
0
2
0
0
1
2
2
0
0
0
1
0
0
1
0
1
0
0
0
1
1
0
1
1
0
0
1
0
0
0
0
0
0
0
0
0
0
0
0
0
0
0
0
0
0
0
1
0
0
0
1
1
0
0
1
0
0
1
2
0
0
0
0
0
1
0
0
0
0
0
0
0
1
0
0
1
0
1
1
1
2
0
0
1
0
0
0
1
0
2
0
1
0
0
0
0
0
0
0
0
0
0
0
0
0
0
0
0
1
1
2
0
0
1
0
0
0
1
1
1
0
2
0
0
0
1
0
1
0
0
0
0
0
0
1
0
0
2
1
0
0
0
0
2
1
0
0
1
3
0
1
1
0
0
0
0
0
0
1
0
0
0
0
0
0
1
1
0
2
0
0
0
1
0
1
2
0
0
1
0
0
0
0
1
0
0
0
0
0
0
0
1
0
0
0
1
1
1
1
1
0
0
0
1
1
0
0
0
0
0
0
0
0
0
0
1
1
0
0
0
0
0
0
1
0
0
0
0
2
0
1
0
0
0
0
0
1
0
0
0
1
0
1
1
0
0
2
0
0
1
0
0
1
1
1
1
3
0
1
1
0
1
1
0
0
0
0
0
1
0
0
0
0
0
0
1
0
2
0
0
0
0
0
0
0
0
0
0
0
0
0
0
1
0
1
0
1
0
0
0
0
0
0
0
1
0
0
0
0
0
0
0
1
0
1
0
1
0
1
0
0
0
0
0
1
0
2
1
0
0
2
0
0
2
0
1
0
0
0
1
0
0
0
0
0
0
0
0
1
0
0
0
0
0
0
1
0
0
0
0
1
0
0
0
1
0
0
0
2
0
0
0
0
0
0
0
0
1
0
1
0
0
0
0
0
2
0
1
1
0
0
1
1
0
0
0
0
1
1
1
0
0
1
1
0
0
0
1
0
0
0
0
0
1
0
0
0
0
0
0
0
1
0
1
0
0
0
0
0
1
1
0
0
0
0
0
0
0
0
0
0
0
0
0
0
0
1
0
2
1
0
0
0
0
0
1
0
0
1
0
0
0
0
0
0
0
0
0
0
0
0
0
1
0
0
0
1
0
1
0
0
1
0
1
0
0
0
0
0
0
0
0
0
0
0
0
0
0
2
1
0
0
0
2
0
0
0
0
0
0
0
0
1
1
0
1
0
0
0
1
1
0
0
0
0
0
0
0
0
0
1
1
1
0
1
0
0
0
1
1
1
0
0
0
0
0
0
0
0
0
0
0
0
0
0
0
0
0
1
0
0
0
1
0
0
1
0
0
0
0
0
0
0
0
0
1
0
0
0
0
0
0
1
1
1
0
0
0
0
0
0
0
1
1
1
0
1
0
0
0
0
0
1
1
1
0
2
0
0
0
0
0
0
0
0
0
0
0
0
2
1
0
0
0
0
2
0
0
0
0
0
1
0
1
0
0
0
0
0
0
0
0
0
0
1
0
0
0
0
0
0
0
0
0
0
0
1
1
0
0
0
0
0
1
0
1
0
0
0
0
0
0
0
0
0
0
0
1
0
0
1
0
0
1
0
0
0
0
0
0
1
0
1
1
0
1
0
0
1
1
0
0
0
0
0
0
0
0
0
0
0
0
0
0
3
0
0
0
1
0
0
1
0
0
0
1
0
0
0
0
0
0
0
0
0
0
0
0
0
0
0
0
0
0
0
1
1
0
0
0
1
1
0
0
1
2
0
0
0
0
0
1
0
0
1
0
0
0
1
0
2
1
0
1
0
0
0
0
1
0
1
0
0
1
0
0
0
2
0
0
0
2
0
0
0
2
0
1
1
1
0
0
0
2
1
0
0
0
3
3
0
0
2
2
1
0
0
0
1
0
0
0
0
0
1
0
0
0
0
0
0
0
0
0
1
0
0
0
0
0
0
2
1
1
1
0
1
0
1
2
1
0
0
1
1
0
0
0
0
0
0
0
0
0
0
0
0
0
1
0
0
0
0
0
0
0
0
0
1
0
0
0
0
0
0
0
0
1
0
0
1
0
0
0
2
0
0
0
0
0
0
0
0
0
1
0
0
0
1
0
0
0
0
1
0
2
0
1
0
0
0
0
1
0
0
0
0
0
0
0
0
2
0
0
0
2
4
0
1
0
0
0
2
0
0
0
0
0
1
0
0
0
0
0
0
1
0
0
0
0
0
0
0
0
2
0
0
0
0
0
0
1
0
0
0
0
0
0
0
0
0
0
0
0
0
0
0
0
0
0
0
1
0
0
0
0
0
0
2
0
0
0
0
0
0
0
1
0
0
0
1
0
0
0
0
0
0
0
0
0
0
1
0
1
0
0
0
0
0
0
0
1
0
1
0
0
0
0
0
0
0
0
0
1
1
0
0
0
0
0
0
1
1
0
0
0
0
1
0
0
1
1
0
0
0
1
0
1
2
1
0
1
0
1
0
0
1
0
0
0
0
0
0
0
0
0
1
0
0
0
0
0
0
0
0
1
0
0
0
0
1
0
0
0
0
0
0
0
0
0
0
1
0
0
2
0
0
0
0
0
0
0
0
0
1
0
0
0
0
0
0
0
0
0
0
0
1
0
1
0
0
0
2
0
0
1
0
0
0
0
2
0
1
0
0
0
1
0
1
2
1
1
1
1
0
1
1
1
0
1
0
0
0
2
0
0
1
0
0
1
0
0
0
1
0
1
0
0
0
0
0
1
1
0
0
0
0
0
0
0
0
0
3
0
0
0
0
0
0
0
0
1
0
0
1
0
0
0
0
0
0
1
1
0
0
1
2
0
0
0
0
1
1
0
1
0
1
0
0
0
1
0
0
1
1
0
0
0
0
0
0
0
0
1
2
0
0
0
0
0
1
0
0
0
0
1
0
0
0
1
0
1
0
1
0
0
0
0
0
1
0
0
0
0
0
0
1
0
0
0
0
0
0
0
1
1
1
0
0
0
0
2
0
0
1
0
0
0
0
0
0
0
0
0
0
0
1
1
0
0
0
0
2
0
1
0
0
1
1
1
0
1
0
0
0
0
0
0
0
0
1
0
0
0
1
1
0
0
0
0
0
0
0
2
0
0
0
2
0
0
1
1
0
0
1
1
0
2
1
0
0
1
0
0
0
0
1
0
0
0
0
1
1
0
0
0
1
0
0
0
1
1
0
0
0
0
0
1
0
0
0
0
0
0
1
1
1
0
0
0
0
0
0
0
0
1
0
1
0
0
1
0
1
0
1
0
0
1
0
0
0
1
0
1
0
0
0
0
0
1
0
0
0
0
1
0
1
1
0
0
0
0
0
0
0
0
0
1
0
0
0
0
0
0
1
0
1
0
1
0
1
1
0
1
0
0
0
1
0
0
0
0
0
0
0
1
0
0
0
0
0
1
0
0
1
3
0
0
1
0
0
0
0
0
1
0
0
0
1
1
1
1
0
0
1
0
1
0
0
0
0
0
0
0
0
1
0
0
0
0
0
1
1
1
1
0
1
0
0
0
1
0
0
1
1
0
1
0
0
1
0
1
0
0
0
0
0
0
0
1
0
0
0
0
0
0
0
0
0
0
0
0
0
0
1
1
1
0
0
0
0
0
0
0
0
0
0
0
0
0
0
0
0
0
1
1
0
1
0
1
0
1
0
0
0
1
1
0
1
0
1
0
0
0
0
1
1
2
0
0
0
0
0
0
0
0
1
0
0
0
0
0
0
1
0
0
1
0
0
2
0
0
0
0
1
0
1
0
0
0
1
0
0
0
0
0
0
0
0
0
0
0
0
0
0
0
0
0
0
0
1
0
1
0
0
0
0
1
0
0
0
1
0
0
0
0
0
0
1
0
0
0
0
0
0
0
0
0
0
0
0
0
0
0
1
0
0
0
0
0
0
0
0
0
0
0
0
0
0
0
0
0
0
0
1
0
0
0
0
0
0
0
0
0
0
0
0
0
0
0
0
0
0
0
0
0
0
0
0
0
0
0
0
0
0
0
0
0
0
0
0
0
0
0
0
0
0
0
0
0
0
0
0
0
0
0
0
1
0
0
0
0
0
0
0
0
0
1
0
0
0
0
0
0
0
0
0
0
0
0
0
0
0
0
0
0
0
0
0
0
1
1
0
0
0
0
0
0
0
0
0
0
0
0
0
0
0
0
0
0
0
0
0
0
0
0
0
0
1
0
0
0
0
0
0
0
0
0
0
0
1
0
0
0
0
0
0
0
0
0
0
0
0
0
0
1
0
0
0
0
0
0
0
0
0
0
0
1
0
0
0
0
0
0
0
0
0
0
1
0
0
0
0
0
0
0
0
0
0
0
0
0
0
0
0
0
0
1
0
0
0
0
0
0
0
0
0
0
1
0
0
0
0
0
0
0
0
0
0
0
0
0
0
0
0
0
0
0
0
0
0
0
0
0
0
0
0
1
0
0
0
0
0
0
0
0
0
0
0
0
0
0
0
0
0
0
0
0
0
0
0
0
0
0
0
0
0
0
0
0
0
0
0
0
0
0
0
0
1
0
0
0
0
0
0
0
0
0
0
0
0
0
0
0
0
0
0
0
0
0
0
0
0
0
0
0
0
0
0
0
0
0
0
0
0
0
0
0
0
0
0
0
0
0
0
0
0
0
0
0
0
0
0
0
0
0
0
0
0
0
0
0
0
0
0
0
0
0
0
0
0
0
0
0
0
0
0
0
0
0
0
0
0
0
0
0
0
0
1
0
0
0
0
0
0
0
0
0
0
0
1
0
0
1
0
0
0
0
0
0
0
0
0
0
0
0
0
0
0
0
0
0
0
1
1
1
1
0
4
3
7
3
8
5
2
7
11
4
6
11
3
3
2
0
1
0
0
1
0
0
0
0
1
0
0
0
0
0
0
0
0
0
0
0
0
0
0
0
0
0
0
0
0
0
0
0
0
0
0
0
0
0
0
0
0
0
0
0
0
0
0
0
0
0
0
0
0
0
0
0
0
0
0
0
0
0
0
0
0
0
0
0
0
0
0
0
0
0
0
0
0
0
0
0
0
0
0
0
0
0
0
0
0
0
0
0
0
0
0
0
0
0
0
0
0
0
0
0
0
0
0
0
0
0
0
0
0
0
0
0
0
0
0
0
0
0
0
0
0
0
0
0
0
0
0
0
0
0
0
0
0
0
0
0
0
0
0
0
0
0
0
0
0
0
0
0
0
0
0
0
0
0
0
0
0
0
0
0
0
0
0
0
0
0
0
0
0
0
0
0
0
0
0
0
0
0
0
0
0
0
0
0
0
0
0
0
0
0
0
0
0
0
0
0
0
0
0
0
0
0
0
0
0
0
0
0
0
0
0
0
0
0
0
0
0
0
0
0
0
0
0
0
0
0
0
0
0
0
0
0
0
0
0
0
0
0
0
0
0
0
0
0
0
0
0
0
0
0
0
0
0
0
0
0
0
0
0
0
0
0
0
0
0
0
0
0
0
0
0
0
0
0
0
0
0
0
0
0
0
0
0
0
0
0
0
0
0
0
0
0
0
0
0
0
0
0
0
0
0
0
0
0
0
0
0
1
0
0
0
0
0
0
0
0
0
0
0
0
0
0
0
0
0
0
0
0
0
0
0
0
0
0
0
0
0
0
0
0
0
0
0
0
0
0
0
0
0
0
0
0
0
0
0
0
0
0
0
0
0
0
0
0
0
0
0
1
0
0
0
0
0
0
0
0
0
0
0
0
0
0
0
0
0
1
0
0
0
0
0
0
0
0
0
0
0
0
0
0
0
0
0
0
0
0
0
0
0
0
0
0
0
0
0
0
0
0
0
0
0
0
0
0
0
0
0
0
0
0
0
0
0
0
0
0
0
0
0
0
0
0
0
0
1
0
0
0
0
0
0
0
0
0
0
0
0
0
0
0
0
0
0
0
0
0
0
0
0
0
0
0
0
0
0
0
0
0
0
0
0
0
0
0
0
0
0
0
0
0
0
0
0
0
0
0
0
0
0
0
0
0
0
0
0
0
0
0
0
0
0
0
0
0
0
0
0
0
0
0
0
0
0
0
0
0
0
0
0
0
0
0
0
0
0
0
0
0
0
0
0
0
0
0
0
0
0
0
0
0
0
0
0
0
0
0
0
0
0
0
0
0
0
0
0
0
0
0
0
0
0
0
0
0
0
0
0
0
0
0
0
0
0
0
0
0
0
0
0
0
0
0
0
0
0
0
0
0
0
0
0
0
0
0
0
0
0
0
0
0
0
0
0
0
0
0
0
0
0
0
0
0
0
0
0
0
0
0
0
0
0
0
0
0
0
0
0
0
0
0
0
0
0
0
0
0
0
0
0
0
0
0
0
0
0
0
0
0
0
0
0
0
0
0
0
0
0
0
0
0
0
0
0
0
0
0
0
0
0
0
0
0
0
0
1
0
0
0
0
0
0
0
0
0
0
0
0
0
0
0
0
0
0
0
0
0
0
0
0
0
0
0
0
0
0
0
0
0
0
0
0
0
0
0
0
0
0
0
0
0
0
0
0
0
0
0
0
0
0
0
0
0
0
0
0
0
0
0
0
0
0
0
0
0
0
0
0
0
1
0
0
0
0
0
0
0
0
0
0
0
0
0
0
0
0
0
0
0
0
0
0
0
0
0
0
0
0
0
0
0
0
0
0
0
0
0
0
0
0
0
0
0
0
0
0
0
0
0
0
0
0
0
0
0
0
0
0
0
0
0
0
0
0
0
0
0
0
0
0
0
0
0
0
0
0
0
0
0
0
0
0
0
0
0
0
0
0
0
0
0
0
0
0
0
0
0
0
0
0
0
0
0
0
0
0
0
0
0
0
0
0
0
0
0
0
0
0
0
0
0
0
0
0
0
0
0
0
0
0
0
0
0
0
0
0
0
0
0
0
0
0
0
0
0
0
0
0
0
0
0
0
0
0
0
0
0
0
0
0
0
0
0
0
0
0
0
0
0
0
0
0
0
0
0
0
0
0
0
0
0
0
0
0
0
0
0
0
0
0
0
0
0
0
0
0
0
0
0
0
0
0
0
0
0
0
0
0
0
0
0
0
0
0
0
0
0
0
0
0
0
0
0
0
0
0
0
0
0
0
0
0
0
0
0
0
0
0
0
0
0
0
0
0
0
0
0
0
0
0
0
0
0
1
0
0
0
0
0
0
0
0
0
0
0
0
0
0
0
0
0
0
0
0
0
0
0
0
0
0
0
0
0
0
0
0
0
0
0
0
0
0
0
0
0
0
0
0
0
0
0
0
0
0
0
0
0
0
0
0
0
0
0
0
0
0
0
0
0
0
0
0
0
0
0
0
0
0
0
0
0
0
0
0
0
0
0
0
0
0
0
0
0
0
0
0
0
0
0
0
0
0
0
0
0
0
0
0
0
0
0
0
0
0
0
0
0
0
0
0
0
0
0
0
0
0
0
0
0
0
0
0
0
0
0
0
0
0
0
0
0
0
0
0
0
0
0
0
0
0
0
0
0
0
0
0
0
0
0
0
0
0
0
0
0
0
0
0
0
0
0
0
0
0
0
0
0
0
0
0
0
0
0
0
0
0
0
0
0
0
0
0
0
0
0
0
0
0
0
0
0
0
0
0
0
0
0
0
0
0
0
0
0
0
0
0
0
0
0
0
1
0
0
0
0
0
0
0
0
0
0
0
0
0
0
0
0
0
0
0
0
0
0
0
0
0
0
0
0
0
0
0
0
0
0
0
0
0
0
0
0
0
0
0
0
0
1
0
0
0
0
0
0
0
0
0
0
0
0
0
0
0
0
0
0
0
0
0
0
0
0
0
0
0
0
0
0
0
0
0
0
0
0
0
0
0
0
0
0
0
0
0
0
0
0
0
0
0
0
0
0
0
0
0
0
0
0
0
0
0
0
0
0
0
0
0
0
0
0
0
0
0
0
0
0
0
0
0
0
0
0
0
0
0
0
0
0
0
3
0
2
1
2
3
1
2
2
1
3
2
1
3
2
4
4
0
2
1
1
1
1
1
3
2
0
2
1
2
0
1
2
0
1
1
1
1
2
1
5
1
0
2
2
2
3
1
3
1
0
2
1
3
2
2
2
0
2
2
2
0
1
0
0
2
0
0
2
3
0
0
2
5
1
1
1
2
0
1
3
0
0
3
0
0
4
1
3
1
0
1
0
1
1
2
1
2
4
1
0
1
2
0
1
2
1
4
1
3
1
1
1
4
1
1
2
1
3
0
3
1
1
0
2
1
2