0
0
0
0
0
0
0
0
0
0
0
0
0
0
0
0
0
0
0
0
0
0
0
0
0
0
0
0
0
0
0
0
0
0
0
0
0
0
0
0
0
0
0
0
0
0
0
0
0
0
0
2
4
9
14
47
70
66
51
58
59
57
46
36
51
48
60
69
61
72
110
92
121
82
82
68
77
61
70
72
64
64
73
80
94
105
116
110
92
79
83
101
100
80
90
75
100
119
111
106
115
140
135
124
130
127
98
116
121
84
87
116
110
115
120
121
133
124
132
118
105
104
114
114
119
117
120
139
112
127
134
121
121
133
142
142
119
110
117
134
101
119
123
135
127
136
134
121
116
129
151
141
134
137
144
148
124
138
146
130
141
146
140
152
137
111
136
133
144
131
126
133
134
124
146
149
142
129
129
161
136
137
134
145
136
145
149
141
131
124
147
144
136
117
147
156
130
143
138
134
120
119
142
141
128
150
146
148
138
148
147
138
135
162
152
141
132
128
131
127
111
148
130
149
149
151
113
141
141
127
123
134
149
129
147
119
159
170
152
157
137
132
156
153
147
140
126
128
132
131
138
134
136
131
135
125
119
145
136
127
156
117
125
135
115
129
134
130
131
121
140
137
141
131
120
126
125
112
122
142
128
143
129
120
128
114
135
140
118
141
128
140
118
125
139
143
111
109
128
128
122
125
143
140
133
133
123
144
128
122
117
126
107
134
122
117
137
129
120
144
125
126
128
105
133
130
122
137
136
111
120
121
129
126
118
134
104
116
124
139
119
128
130
126
109
136
121
132
115
137
127
126
155
151
115
116
142
122
130
158
157
125
148
163
144
130
160
158
149
162
162
180
162
169
185
159
170
129
151
154
157
158
142
182
134
159
143
154
124
126
140
133
131
155
146
148
139
131
129
134
117
129
135
121
105
112
140
96
126
97
111
96
107
97
114
90
110
94
96
105
91
105
96
92
87
86
82
89
92
97
97
88
74
92
77
91
85
82
97
101
92
107
84
85
104
84
63
73
77
73
74
85
82
84
71
89
96
83
85
86
85
75
86
86
87
91
80
77
80
85
81
82
87
69
85
74
72
80
86
95
86
87
78
82
96
70
73
84
82
98
88
99
87
69
79
87
77
74
89
80
102
80
70
78
67
85
67
79
81
83
72
72
79
58
81
75
83
90
77
78
71
67
76
84
70
79
66
68
59
73
71
53
68
62
82
84
82
86
90
96
100
105
90
106
98
97
71
81
67
77
70
68
69
84
50
59
73
45
49
49
59
52
62
47
57
49
76
52
51
54
53
63
63
58
54
66
64
63
60
69
54
60
69
64
57
59
52
49
47
50
47
73
52
51
61
65
61
69
58
54
51
48
56
51
53
64
59
54
54
56
54
60
37
54
50
62
49
45
57
59
53
54
60
60
65
54
63
55
54
64
67
55
61
53
38
48
55
48
47
59
50
52
55
51
55
65
44
51
58
50
54
51
68
57
50
51
51
59
56
40
45
50
40
44
76
55
55
54
49
68
57
38
44
46
43
59
49
56
41
40
54
46
50
54
50
44
64
68
56
56
50
52
52
57
51
46
48
56
49
51
60
54
51
60
42
46
55
49
57
60
48
47
55
47
46
49
48
43
58
52
52
43
57
50
44
57
43
37
53
44
57
47
53
53
37
59
51
51
40
34
41
55
50
39
49
42
53
49
54
43
48
51
56
56
49
51
43
48
38
48
55
61
37
52
57
40
50
41
51
51
58
52
43
51
53
49
52
55
32
53
47
59
48
51
48
48
60
55
43
43
41
39
50
59
42
42
56
50
49
47
49
59
53
50
47
43
47
41
40
34
43
43
30
47
34
41
32
36
42
47
33
25
33
40
30
44
32
41
33
37
28
36
45
45
56
50
51
51
54
45
30
39
34
42
40
41
39
44
31
41
40
29
31
36
32
35
39
42
42
31
36
31
24
23
25
27
28
34
38
31
38
38
35
28
26
22
35
30
29
37
30
32
35
26
34
30
20
32
29
29
35
26
31
29
27
25
29
26
22
22
34
17
33
26
28
24
23
28
33
31
25
22
26
27
25
27
31
30
20
30
24
17
26
29
30
19
21
24
27
27
29
20
26
21
30
25
29
30
24
18
24
30
27
23
20
31
21
31
28
20
21
20
27
32
31
25
25
22
26
23
33
22
20
24
25
22
23
18
28
17
22
23
24
20
21
16
28
24
25
12
19
14
29
18
22
30
21
25
18
20
20
22
21
25
25
29
16
26
23
22
23
27
17
22
31
24
15
23
25
19
33
27
27
22
24
23
30
26
14
26
22
17
19
27
20
20
24
21
22
30
22
24
23
15
22
24
22
29
26
18
22
14
18
25
20
17
20
22
30
21
15
11
20
26
14
16
17
22
23
29
18
14
16
15
15
20
12
16
25
19
20
22
23
26
26
13
22
13
23
19
23
25
16
26
16
23
20
20
25
19
22
24
17
23
21
28
17
18
18
19
24
23
23
14
25
33
18
23
16
14
23
22
19
21
16
22
24
19
17
17
16
23
23
21
20
29
30
19
24
23
19
18
18
18
16
24
16
19
22
20
22
19
23
18
19
16
16
13
26
20
11
26
23
16
13
23
13
14
15
21
19
19
17
18
24
22
17
26
21
31
30
14
20
17
14
12
14
15
20
18
19
12
24
23
18
20
23
14
19
27
23
18
26
17
15
16
21
20
17
26
26
18
21
21
21
15
18
25
22
21
21
26
18
27
21
26
21
18
18
22
21
27
32
25
22
17
27
18
23
22
14
26
33
31
21
32
37
50
70
100
150
194
307
339
518
592
650
737
733
595
549
507
352
237
181
71
69
41
22
17
10
13
12
11
20
11
9
19
16
10
13
15
15
11
6
13
9
6
13
10
18
8
12
7
13
7
11
14
14
11
8
7
13
11
12
15
14
13
9
13
12
8
19
5
8
17
12
11
13
18
12
11
8
13
9
9
13
8
17
15
7
11
10
9
11
12
10
8
7
16
11
11
7
17
11
14
10
10
10
9
6
15
14
10
5
15
11
13
8
8
13
8
11
7
11
10
14
10
10
13
14
12
8
7
10
5
12
11
9
15
15
11
7
10
12
10
11
15
13
14
7
7
8
20
12
18
13
11
12
11
7
11
15
13
5
14
10
13
16
12
3
13
12
8
13
3
6
8
13
4
13
11
15
9
16
9
7
3
10
10
12
8
13
10
3
8
6
13
15
13
14
18
21
22
32
24
17
16
13
17
9
12
15
6
9
12
16
16
11
11
9
6
4
12
8
9
17
11
11
11
13
9
11
13
11
11
12
6
11
13
7
12
8
9
11
12
12
5
8
6
9
12
15
7
12
12
6
7
12
4
15
8
13
11
18
9
18
13
18
18
23
31
30
30
25
13
15
16
6
8
8
10
14
5
14
14
6
13
5
10
6
11
12
7
5
8
13
6
10
8
8
10
16
9
11
10
9
6
11
11
9
5
11
10
12
6
7
2
7
11
7
9
18
10
13
14
14
12
10
10
13
12
3
9
12
8
13
7
14
12
9
10
10
10
10
10
8
7
12
7
6
9
11
10
3
10
5
9
7
9
9
11
7
12
10
10
6
10
2
8
7
8
8
8
9
7
13
6
12
15
9
15
10
8
5
8
9
7
8
15
12
9
9
8
11
9
14
12
10
8
10
13
9
11
10
10
14
7
8
9
9
7
9
9
11
11
14
11
10
9
11
5
4
7
9
8
8
9
4
6
7
9
8
9
8
8
10
7
12
13
5
6
12
14
11
12
6
8
8
8
7
11
8
5
4
8
11
6
9
10
7
11
11
9
12
10
10
9
7
7
13
9
11
11
13
9
16
12
13
5
11
13
12
10
13
5
7
7
10
4
8
13
9
8
12
10
11
11
4
13
8
12
13
9
8
7
13
8
11
9
12
12
14
13
12
7
9
8
11
5
10
15
10
11
6
8
10
7
10
9
11
7
10
9
7
13
7
11
12
8
9
7
6
6
10
11
11
11
4
10
11
12
9
7
15
10
9
17
9
9
20
6
7
7
12
8
10
13
12
9
14
16
14
7
12
9
12
8
14
9
9
6
10
11
8
13
7
7
5
14
10
10
6
4
7
11
4
6
12
13
10
9
12
15
6
14
10
11
8
7
6
9
13
12
9
8
5
14
11
7
13
10
6
9
12
7
8
8
8
11
8
9
5
8
9
11
9
11
10
12
7
9
6
5
15
6
7
13
6
5
15
14
9
11
9
6
13
5
13
12
6
10
13
7
10
8
8
9
8
10
10
8
13
11
16
5
10
6
7
11
13
14
11
17
11
7
11
10
13
14
13
14
8
12
18
9
15
6
15
15
9
8
6
11
2
8
12
11
11
10
6
7
11
5
8
5
17
12
12
9
7
5
6
9
8
8
10
8
14
9
12
7
10
7
14
8
8
3
11
10
11
7
6
7
13
3
11
5
8
14
11
14
11
9
12
13
10
8
8
5
9
15
9
6
7
6
10
14
4
13
9
6
8
6
10
12
15
10
9
10
13
15
9
17
6
9
12
11
10
6
15
8
4
12
10
18
9
8
6
13
11
11
13
6
13
5
10
4
8
10
10
9
10
11
12
12
9
10
8
8
10
10
6
8
12
12
8
17
12
6
7
6
10
11
5
8
6
13
9
6
8
8
12
8
7
9
10
13
11
12
4
13
7
17
10
9
11
15
8
5
10
10
8
13
6
8
6
6
5
10
12
14
9
15
7
8
7
9
10
11
10
6
9
15
11
11
9
8
8
10
12
11
13
9
12
7
13
7
11
10
9
10
10
8
5
9
11
11
8
12
12
13
9
10
8
10
12
5
7
9
17
12
11
13
13
8
14
13
15
4
16
7
12
12
13
3
12
6
7
13
9
4
13
11
12
12
5
10
4
5
6
14
13
10
5
5
11
12
9
8
9
7
7
12
9
7
12
13
12
12
10
15
8
6
9
11
8
13
9
10
11
7
12
11
11
6
3
15
6
11
9
13
8
4
5
7
5
13
7
10
12
9
7
10
16
10
11
14
10
13
5
10
7
4
9
11
16
14
9
13
7
14
15
12
6
7
9
13
9
11
9
10
13
8
9
7
9
8
11
6
13
14
9
8
4
11
12
14
14
10
12
20
20
25
31
12
17
8
15
6
10
9
14
5
14
11
12
11
15
8
11
4
15
10
10
11
8
7
13
7
8
14
13
10
13
3
12
9
13
12
7
12
6
13
15
10
7
13
15
9
4
8
19
5
13
8
12
8
13
16
12
9
15
7
12
16
5
6
10
12
6
13
11
15
8
6
10
6
12
14
9
10
12
14
3
10
12
7
11
9
7
11
11
9
10
12
14
9
7
14
8
17
14
15
14
9
7
12
10
8
15
8
12
15
14
13
8
7
13
11
13
9
10
15
8
15
6
12
13
11
11
14
16
14
8
8
5
5
11
14
8
22
8
16
10
16
9
13
10
9
13
15
17
19
19
25
10
15
12
13
7
11
13
14
9
3
12
8
7
14
7
9
7
16
8
10
5
12
5
15
4
7
5
14
11
9
12
17
5
13
7
13
10
11
4
12
12
12
21
8
10
7
10
17
13
13
15
7
11
16
10
7
9
12
7
9
6
18
10
10
15
13
5
9
9
8
11
13
10
18
13
8
8
10
8
6
13
17
19
16
14
18
11
13
12
12
13
10
11
16
9
8
12
17
13
17
19
16
6
12
8
14
9
15
9
12
12
18
10
15
9
10
15
12
12
10
10
14
11
12
13
16
8
16
11
11
13
10
9
12
11
16
13
14
14
10
11
13
10
11
13
11
11
16
15
10
17
14
9
10
15
18
10
10
11
14
21
14
13
9
15
9
12
16
14
9
17
17
15
8
10
11
12
12
12
26
12
15
13
8
10
14
12
15
11
13
10
12
11
10
10
11
14
17
14
18
11
7
13
15
10
19
12
11
12
14
15
9
11
10
15
3
11
14
8
15
13
13
14
8
10
16
14
13
9
9
11
11
4
13
15
13
14
5
14
15
9
6
7
6
12
8
14
7
12
11
13
10
11
11
13
7
9
8
9
12
13
8
11
12
13
4
9
10
8
10
5
11
9
7
8
11
6
7
5
7
7
12
10
11
12
11
6
6
9
5
11
7
8
8
9
9
14
4
7
7
4
6
7
7
7
12
9
10
7
7
7
7
6
6
5
11
5
12
7
8
11
13
10
6
8
4
4
6
7
9
8
10
3
11
4
5
4
12
7
6
13
5
10
5
8
8
8
10
9
9
2
6
4
5
5
6
5
9
7
6
5
14
5
5
7
6
7
8
4
5
5
7
5
4
6
13
9
8
6
5
4
11
6
4
10
7
9
8
11
12
12
7
11
8
11
5
4
10
7
7
5
7
9
6
7
4
5
8
3
12
6
5
5
5
11
4
3
6
6
5
10
5
7
4
5
8
8
4
7
9
8
7
9
4
6
2
2
9
4
9
4
7
5
10
3
4
8
7
8
7
7
6
7
3
11
7
4
5
16
3
3
2
8
6
5
7
6
9
3
11
8
3
1
8
6
5
6
7
8
4
7
2
6
4
4
6
6
4
8
8
4
4
3
6
5
8
4
7
7
5
5
4
4
8
8
7
3
8
2
2
3
4
6
7
4
9
3
3
3
3
3
5
3
5
5
5
3
9
4
11
6
6
6
3
3
8
7
3
2
5
5
3
6
0
3
6
2
6
11
5
2
2
3
3
2
6
4
3
5
5
2
1
7
6
3
4
6
0
3
3
2
3
3
3
8
2
7
8
4
3
2
2
3
3
8
4
4
2
6
1
3
2
3
4
2
7
9
3
4
10
3
2
2
9
5
0
3
4
7
3
6
9
6
5
2
4
1
3
4
2
4
1
5
1
3
2
3
5
3
3
5
4
2
4
0
3
5
2
7
6
2
6
1
2
8
7
1
4
4
3
1
4
2
5
3
1
2
7
9
3
4
5
4
4
3
5
3
5
4
7
3
4
4
6
5
2
7
7
4
4
2
2
1
8
5
1
3
2
6
3
4
8
4
6
6
4
3
7
6
6
2
7
4
6
4
4
1
4
3
3
0
2
3
4
2
4
1
7
4
2
6
3
5
6
6
5
8
3
1
1
3
2
1
6
6
3
6
2
5
5
1
3
3
3
2
1
4
7
6
4
2
2
4
3
0
2
4
0
4
2
6
2
2
2
1
4
3
3
5
3
3
4
6
2
8
2
5
2
5
17
28
36
67
104
183
236
313
363
379
360
309
230
182
107
58
25
24
4
6
1
3
2
3
6
2
0
1
4
1
3
3
2
4
1
0
2
0
1
0
0
1
5
1
1
3
0
3
4
1
1
2
1
1
2
1
2
1
2
1
1
1
1
1
3
3
1
1
0
2
1
1
1
3
1
1
2
1
0
3
2
1
1
1
0
0
0
3
1
4
1
2
1
1
2
0
1
0
2
2
0
1
1
4
2
1
1
2
0
1
2
1
1
1
0
2
1
1
3
0
1
0
1
1
2
0
0
1
1
0
1
2
1
0
2
2
1
1
3
2
5
1
2
1
2
0
1
3
3
0
1
0
0
1
1
2
1
0
0
2
1
2
0
1
0
0
1
0
2
0
0
2
1
2
1
1
3
1
2
1
0
0
2
0
1
1
0
0
2
0
0
1
0
1
0
0
0
0
1
0
0
0
0
1
2
2
2
1
0
0
1
0
3
3
3
2
1
0
3
1
1
1
0
1
1
1
2
0
0
2
3
1
0
1
0
0
0
1
0
0
1
0
2
0
1
0
0
0
1
2
1
1
0
2
2
1
0
1
0
0
1
1
2
1
1
0
2
2
3
0
0
2
2
3
2
3
5
2
3
3
0
1
1
1
0
0
0
1
0
1
1
0
1
1
2
3
0
1
1
2
1
0
0
1
0
1
1
0
0
3
2
0
0
0
1
1
2
0
0
1
3
0
0
2
2
0
0
0
2
0
2
1
1
0
1
0
1
3
1
1
0
3
1
2
0
1
1
1
1
2
0
2
3
1
2
5
2
3
2
2
1
1
1
0
0
1
0
1
1
1
0
3
3
2
0
1
1
1
2
0
2
1
0
1
0
0
1
0
1
1
0
2
1
1
1
1
2
2
1
0
0
0
2
0
1
0
1
2
1
0
2
0
2
1
1
2
1
0
1
1
0
0
2
1
2
1
1
2
0
1
0
0
1
1
2
0
0
1
0
1
2
0
0
0
2
0
1
1
1
2
1
0
0
1
0
2
0
0
1
0
0
1
1
0
1
1
0
1
0
2
0
0
0
2
1
2
1
1
2
1
1
0
6
8
5
6
25
33
39
39
57
61
44
43
29
18
13
5
3
3
1
0
1
1
1
0
0
0
3
0
0
1
1
0
1
1
0
0
0
1
0
0
0
1
0
1
1
2
2
0
1
0
0
1
0
0
1
0
1
2
1
1
2
0
0
0
0
0
0
0
0
0
1
0
0
1
2
0
0
0
1
0
0
0
0
0
1
1
0
0
1
1
1
1
0
1
0
0
0
1
0
1
0
0
0
0
0
2
0
1
0
1
1
0
1
0
1
2
1
0
0
0
1
0
0
0
1
0
1
3
0
1
3
1
1
1
0
1
1
2
1
1
0
0
2
0
2
0
1
3
0
2
0
0
1
0
0
1
0
0
0
0
0
1
0
0
1
0
0
1
0
0
2
0
0
2
0
0
1
1
0
0
1
0
0
1
0
1
1
1
0
0
0
1
0
1
1
0
1
1
1
1
1
1
0
0
0
1
0
0
0
0
0
1
0
0
1
1
1
0
0
0
2
1
1
1
0
0
0
1
0
0
0
0
0
0
0
0
1
0
1
1
0
1
1
1
1
0
0
0
0
0
4
0
0
0
0
1
1
1
1
0
1
0
0
0
1
0
0
0
0
0
0
1
1
0
0
1
0
1
0
1
0
0
0
0
0
0
0
0
0
0
0
0
0
1
0
0
0
0
0
1
0
0
0
1
0
1
1
0
0
0
1
0
0
0
0
0
0
0
1
0
1
2
0
1
0
0
3
1
1
1
1
1
0
0
3
1
0
1
3
0
0
2
1
1
1
4
1
2
3
2
1
3
0
2
3
1
2
1
1
0
0
1
0
0
1
1
0
1
1
1
0
1
0
0
0
1
1
0
0
0
0
0
0
0
0
0
1
1
0
1
1
0
0
0
0
1
0
1
1
0
1
0
0
0
0
0
0
1
1
0
0
0
0
0
1
0
0
1
0
1
0
0
1
1
1
0
0
0
0
2
0
0
0
0
0
0
0
0
1
0
0
1
2
0
0
0
1
1
3
2
0
1
0
0
0
0
1
0
0
0
1
0
0
0
0
0
1
1
0
0
0
0
2
0
0
0
0
0
1
0
0
1
0
0
0
1
0
0
0
0
0
0
2
0
0
1
0
0
0
0
0
1
0
0
0
0
0
0
0
1
1
0
0
2
0
0
0
0
1
0
0
1
1
0
0
0
0
1
1
0
0
1
0
0
0
1
1
1
0
0
0
0
0
0
0
0
2
0
0
0
1
2
0
0
0
1
0
0
2
0
0
0
0
0
0
0
0
0
0
1
0
1
0
1
2
0
0
0
0
0
0
1
0
0
0
0
0
0
0
1
0
0
0
0
1
0
0
0
0
1
0
1
0
0
1
0
0
0
0
0
0
0
2
1
2
0
0
0
0
1
0
0
0
0
1
0
0
0
0
0
0
0
0
0
0
0
1
0
0
0
0
1
1
2
0
0
0
1
1
0
1
0
0
2
0
0
1
0
1
1
0
0
0
0
2
0
0
0
1
1
0
1
0
0
0
0
0
1
1
0
0
1
0
0
0
1
1
0
0
1
0
0
0
0
1
0
0
1
0
0
0
0
1
5
0
3
0
0
1
0
0
0
0
0
2
0
0
0
0
0
1
2
0
0
0
0
0
1
0
0
1
0
0
1
0
0
1
0
0
0
0
0
0
0
0
0
1
0
0
1
0
1
1
0
0
1
0
1
0
0
0
0
1
0
0
0
1
2
1
0
0
0
0
0
0
0
0
3
0
0
0
0
1
0
0
0
1
0
3
1
1
3
4
2
8
7
8
6
3
2
0
1
1
2
0
0
0
0
0
0
0
0
0
0
0
0
1
0
0
0
1
0
0
0
0
0
0
1
0
0
0
0
0
0
0
0
0
0
0
0
1
0
0
0
0
1
0
0
0
1
0
1
0
0
1
0
0
0
0
0
0
0
0
0
1
0
0
1
0
0
0
0
0
0
1
0
1
1
0
0
2
0
0
0
1
0
1
0
0
0
0
0
0
0
0
0
0
0
0
0
1
0
0
0
0
0
0
0
0
0
1
1
0
0
0
0
0
1
0
1
0
1
1
0
0
1
0
0
0
0
0
0
0
0
0
0
1
1
0
0
0
0
0
0
1
0
0
1
0
0
0
0
0
0
1
0
0
0
0
1
1
0
0
2
0
0
0
0
0
0
0
0
0
1
0
0
0
0
0
0
1
0
0
0
0
2
1
0
0
1
0
0
1
0
0
0
1
0
1
0
0
0
0
0
1
0
0
0
0
0
2
0
1
0
1
1
0
1
0
0
1
0
1
0
0
0
1
1
0
0
0
0
0
0
0
0
0
0
0
0
0
1
0
0
0
0
0
0
2
0
1
0
0
0
0
1
0
0
0
0
1
1
1
0
1
0
0
0
0
2
0
0
0
1
1
0
0
0
0
0
0
0
0
0
2
1
1
0
0
0
0
1
0
1
0
0
0
0
1
0
0
0
0
0
0
0
0
1
0
0
0
0
0
0
0
0
0
1
0
0
0
0
0
0
0
0
0
0
0
1
0
0
1
0
0
0
0
0
0
0
0
0
0
0
0
0
0
0
2
1
0
0
0
0
0
0
0
0
0
0
0
0
1
0
0
0
0
0
1
0
0
0
0
0
0
0
0
0
0
0
0
0
0
0
0
0
0
0
0
0
1
0
0
2
0
0
0
0
0
0
0
0
1
0
0
0
0
2
0
2
0
1
0
0
0
1
1
0
0
0
1
0
0
0
0
0
0
0
0
0
0
0
1
1
1
0
0
2
0
0
1
2
1
0
0
0
0
0
0
0
0
0
0
0
1
1
0
0
0
1
1
0
0
0
0
1
0
0
0
0
0
0
1
0
1
0
1
0
1
0
0
1
2
0
0
0
0
0
0
0
0
0
0
1
0
0
0
0
0
0
0
0
0
0
0
0
0
0
0
0
0
0
0
0
1
0
0
0
0
0
0
0
0
0
0
0
0
1
0
1
0
0
0
0
0
3
0
1
1
0
0
1
0
0
0
1
0
0
1
0
0
0
0
2
0
1
0
0
1
1
1
0
0
0
0
0
2
0
1
0
0
0
0
0
2
0
0
0
0
0
1
0
0
0
0
0
0
0
0
0
0
1
0
1
0
0
0
0
0
0
3
0
0
0
1
0
1
0
0
0
1
0
2
0
0
1
0
0
0
0
0
0
0
2
0
0
0
0
0
1
1
0
1
1
0
0
0
0
0
0
0
1
0
0
0
0
1
0
0
0
0
0
0
0
0
0
0
0
1
0
0
1
0
0
0
0
0
0
0
0
0
1
0
1
0
0
1
1
0
0
1
0
0
0
0
0
0
1
1
0
0
1
0
0
1
1
1
1
0
0
1
1
0
0
0
0
0
1
0
0
1
0
0
0
0
0
0
0
0
0
0
1
0
0
0
0
1
0
0
0
1
0
2
0
0
0
0
0
0
0
0
1
0
0
0
1
1
0
0
0
0
0
0
0
0
0
0
0
0
1
0
0
0
1
0
0
0
0
1
0
1
0
1
0
0
0
0
0
0
0
1
1
0
0
1
2
1
0
0
0
1
0
0
1
0
0
0
0
0
0
1
0
0
0
2
0
0
0
1
0
0
0
0
0
0
1
0
0
0
0
0
0
0
0
0
0
0
0
0
0
1
0
0
0
0
0
0
0
0
0
0
0
1
0
0
0
0
0
0
0
0
0
1
1
0
0
1
1
0
0
0
0
2
1
1
3
0
0
1
2
2
2
5
1
0
0
0
0
0
0
1
0
1
1
1
0
1
0
0
0
0
1
0
0
0
0
0
0
0
1
1
1
0
0
0
0
0
1
0
0
2
0
0
1
0
0
0
0
1
0
0
0
0
0
0
1
0
1
0
0
0
0
0
0
1
1
0
0
1
1
0
0
1
1
1
0
0
0
0
0
0
0
0
0
0
0
0
0
1
0
0
0
0
0
0
0
0
0
0
0
0
1
0
0
0
1
0
0
0
0
0
0
0
1
0
0
0
0
0
0
0
0
0
0
1
0
0
0
0
0
1
0
0
0
0
0
1
0
0
1
0
0
0
0
0
1
0
0
0
0
0
0
0
0
0
0
0
1
0
0
0
1
0
0
0
0
1
0
0
0
0
0
0
0
1
1
2
0
0
0
1
0
0
0
0
0
0
0
0
0
0
1
0
2
2
0
0
1
0
0
0
0
0
0
0
1
0
0
0
0
1
1
0
0
0
0
1
0
0
0
1
1
0
1
0
0
1
0
0
0
0
0
0
0
0
1
0
0
0
0
0
0
0
0
0
0
1
0
0
0
0
0
1
0
0
0
1
1
1
2
0
3
0
1
1
2
1
0
0
0
0
0
0
0
0
0
0
0
0
0
0
0
1
0
1
0
0
0
1
0
0
0
0
0
0
0
0
0
1
0
0
0
0
0
0
0
0
0
0
0
0
0
0
0
1
1
1
0
0
0
0
0
0
1
1
1
0
1
0
1
0
1
0
0
0
0
0
0
0
0
1
0
1
1
0
2
0
1
1
1
0
0
0
0
1
1
0
0
0
0
0
1
0
0
0
1
0
2
0
0
2
0
0
0
1
0
0
0
0
0
0
0
0
0
1
0
0
0
0
0
0
0
0
0
0
0
0
1
0
0
3
0
0
1
0
0
0
1
1
1
0
0
0
1
0
0
0
0
0
0
0
0
0
0
1
1
0
0
1
0
0
0
0
0
1
0
0
0
0
0
0
0
0
0
0
0
0
1
0
1
2
0
0
0
0
0
1
0
0
2
0
0
0
0
2
1
0
2
0
0
0
0
0
0
0
0
0
0
0
0
0
0
0
1
0
0
0
0
0
0
1
0
0
0
1
2
0
0
1
0
1
1
1
0
1
0
0
0
0
0
1
1
0
0
1
0
0
0
0
0
1
0
0
0
0
1
1
0
0
0
0
0
0
0
0
0
0
0
2
0
0
0
3
0
0
0
0
2
0
1
1
0
0
0
1
0
0
0
0
1
1
1
1
2
0
0
1
0
0
0
0
0
0
2
0
0
0
0
0
0
0
0
0
2
1
0
1
0
0
0
1
1
1
0
0
0
0
0
0
1
0
0
0
0
0
0
0
1
2
0
0
1
0
0
0
0
2
0
0
0
0
0
1
0
0
0
0
0
0
0
0
0
0
1
0
0
0
0
0
1
0
0
1
1
0
0
0
1
1
1
0
0
0
0
0
0
2
0
0
0
0
0
0
1
0
0
0
0
1
0
0
1
0
1
1
0
0
0
0
1
0
1
0
0
0
0
1
0
0
0
0
1
0
0
0
1
1
1
1
0
0
2
0
0
0
0
0
0
0
0
1
0
1
0
1
0
0
1
0
2
1
0
0
1
1
1
0
0
0
0
0
0
0
0
0
0
0
0
0
0
0
1
0
2
0
0
1
0
0
0
0
0
0
1
0
0
0
0
1
0
0
0
0
0
2
0
0
1
0
0
0
0
2
0
0
0
0
0
1
0
0
0
0
0
0
0
0
1
0
1
0
0
0
0
0
0
0
0
0
0
2
0
0
0
0
0
0
0
0
0
0
1
0
0
0
0
0
0
0
0
1
1
0
0
0
1
0
0
0
0
1
0
0
0
0
0
0
1
0
0
0
0
0
0
0
1
1
0
0
1
0
0
0
0
0
0
0
1
0
0
0
0
0
0
1
0
0
1
0
0
0
0
0
0
0
0
0
0
0
0
0
0
0
0
0
0
0
0
1
1
1
1
0
0
0
0
0
0
1
0
0
0
0
0
0
0
0
0
0
0
0
0
0
0
0
0
0
0
0
0
0
0
0
0
0
0
0
0
0
0
0
0
0
1
0
0
0
0
0
0
0
1
1
2
0
0
0
0
0
1
0
0
0
0
0
0
0
0
0
1
0
0
0
1
0
0
0
0
0
0
0
0
0
0
1
0
0
0
0
0
0
0
0
0
2
0
0
0
0
0
0
1
0
0
0
0
0
0
0
0
0
0
0
0
0
0
0
0
0
0
0
0
0
0
0
0
0
0
0
0
0
0
0
0
0
0
0
0
0
0
0
0
0
0
0
0
0
0
0
0
0
0
0
0
0
0
1
0
0
0
0
0
0
0
0
0
0
0
0
0
0
0
0
1
0
0
0
0
0
0
0
0
0
0
0
0
0
0
0
1
1
0
0
0
0
0
0
0
0
0
0
0
0
0
0
0
0
0
0
0
0
0
0
0
0
0
0
0
0
0
0
0
0
0
0
0
0
0
0
0
0
0
0
0
0
0
0
0
0
0
0
0
0
0
0
0
0
0
1
1
1
0
0
0
0
0
0
0
0
0
0
1
0
0
0
0
0
0
0
0
0
0
0
0
0
0
0
0
0
0
0
0
0
0
0
0
0
0
0
0
0
0
0
0
0
0
0
0
1
0
0
0
0
0
0
0
0
0
0
0
0
0
0
0
0
0
0
0
0
0
0
0
0
1
0
0
0
1
0
0
0
0
0
0
0
0
0
0
0
0
0
0
0
0
0
0
0
1
0
0
0
0
0
0
0
0
0
0
0
0
0
0
0
0
0
0
0
0
0
0
0
0
0
0
0
0
0
0
0
0
0
0
0
0
1
0
0
0
0
0
0
0
0
0
0
0
0
0
0
0
0
0
0
0
0
0
0
0
0
0
0
0
0
0
0
0
0
0
0
1
1
1
5
1
5
3
9
5
15
2
4
13
9
4
4
0
0
2
0
1
0
0
0
0
0
0
0
0
0
0
0
0
0
0
0
0
0
0
0
0
0
0
0
0
0
0
0
0
0
0
0
0
0
0
0
0
0
0
0
0
0
0
0
0
0
0
0
0
0
0
0
0
0
0
0
0
0
0
0
0
0
0
0
0
0
0
0
0
0
0
0
0
0
0
0
0
0
0
0
0
0
0
0
0
0
0
0
0
0
0
0
0
0
0
0
0
0
0
0
0
0
0
0
0
0
0
0
0
0
0
0
0
0
0
0
0
0
0
0
0
0
0
0
0
0
0
0
0
0
0
0
0
0
0
0
0
0
0
0
0
0
0
0
0
0
0
0
0
0
0
0
0
0
0
0
0
0
0
0
0
0
0
0
0
0
0
0
0
0
0
0
0
0
0
0
0
0
0
0
0
0
0
0
0
0
0
0
0
0
0
0
0
0
0
0
0
0
0
0
0
0
0
0
0
0
0
0
0
0
0
0
0
0
0
0
0
0
1
0
0
0
0
0
0
0
0
0
0
0
0
0
0
0
0
0
0
0
0
0
0
0
0
0
0
0
0
0
0
0
0
0
0
0
0
0
0
0
0
0
0
0
0
0
0
0
0
0
0
0
0
0
0
0
0
0
0
0
0
0
0
0
0
0
0
0
0
0
0
0
0
0
0
0
0
0
0
0
0
0
0
0
0
0
0
0
0
0
0
0
0
0
0
0
0
0
0
0
0
0
0
0
0
0
0
0
0
0
0
0
0
0
0
0
0
0
0
0
0
0
0
0
0
0
0
0
0
0
0
0
0
0
0
0
0
0
0
0
0
0
0
0
0
0
0
0
0
0
0
0
0
0
0
0
0
0
0
0
0
0
0
0
0
0
0
0
0
0
0
0
0
0
0
0
0
0
0
0
0
0
0
0
0
0
0
0
0
0
0
0
0
0
0
0
0
0
0
0
0
0
0
0
0
0
0
0
0
0
0
0
0
0
0
0
0
0
0
0
0
0
0
0
0
0
0
0
0
0
0
0
0
0
0
0
0
0
0
0
0
0
0
0
0
0
0
0
0
0
0
0
0
0
0
0
0
0
0
0
0
0
0
0
0
0
0
0
0
0
0
0
0
0
0
0
1
0
0
0
0
0
0
0
0
0
0
0
0
0
0
0
0
0
0
0
0
0
0
0
0
0
0
0
0
0
0
0
0
0
0
0
0
0
0
0
0
0
0
0
1
0
0
0
0
0
0
0
0
0
0
0
0
0
0
0
0
0
0
0
0
0
0
0
0
0
0
0
0
0
0
0
0
0
0
0
0
0
0
0
0
0
0
0
0
0
0
0
0
0
0
0
0
0
0
0
0
0
0
0
0
0
0
0
0
0
0
0
0
0
0
0
0
0
0
0
0
0
0
0
0
0
0
0
0
0
0
0
0
0
0
0
0
0
0
0
0
0
0
0
0
0
0
0
0
0
0
0
0
0
0
0
0
0
0
0
0
0
0
0
0
0
0
0
0
0
0
0
0
0
0
0
0
0
0
0
0
0
0
0
0
0
0
0
0
0
0
0
0
0
0
0
0
0
0
0
0
0
0
0
0
0
0
0
0
0
0
0
0
0
0
0
0
0
0
0
0
0
0
0
0
0
0
0
0
0
0
0
0
0
0
0
0
0
0
0
0
0
0
0
0
0
0
0
0
0
0
0
0
0
0
0
0
0
0
0
0
0
0
0
0
0
0
0
0
0
0
0
0
0
0
0
0
0
0
0
0
0
0
0
0
0
0
0
0
0
0
0
0
0
0
0
0
0
0
0
0
0
0
0
0
0
0
0
0
0
0
0
0
0
0
0
0
0
0
0
0
0
0
0
0
0
0
0
0
0
0
0
0
0
0
0
0
0
0
0
0
0
0
0
0
0
0
0
0
0
0
0
0
0
0
0
0
0
0
0
0
0
0
0
0
0
0
0
0
0
0
0
0
0
0
0
0
0
0
0
0
0
0
0
0
0
0
0
0
0
0
0
0
0
0
0
0
0
0
0
0
0
0
0
0
0
0
0
0
0
0
0
0
0
0
0
0
0
0
0
0
0
0
0
0
0
0
0
0
0
0
0
0
0
0
0
0
0
0
0
0
0
0
0
0
0
0
0
0
0
0
0
0
0
0
0
0
0
0
0
0
0
0
0
0
0
0
0
0
0
0
0
0
0
0
0
0
0
0
0
0
0
0
0
0
0
0
0
0
0
0
0
0
0
0
0
0
0
0
0
0
0
0
0
0
0
0
0
0
0
0
0
0
0
0
0
0
0
0
0
0
0
0
0
0
0
0
0
0
0
0
0
0
0
0
0
0
0
0
0
0
0
0
0
0
0
0
0
0
0
0
0
0
0
0
0
0
0
0
0
0
0
0
0
0
0
0
0
0
0
0
0
0
0
0
0
0
0
0
0
0
0
0
0
0
1
0
0
0
0
0
0
0
0
0
0
0
0
0
0
0
0
0
0
0
0
0
0
0
0
0
0
0
0
0
0
0
0
0
0
0
0
0
0
0
0
0
0
0
0
0
0
0
0
0
0
0
0
0
0
0
0
0
0
0
0
0
0
0
0
0
0
0
0
0
0
0
0
0
0
0
0
0
0
0
0
0
0
0
0
0
0
0
0
0
0
0
0
0
0
0
0
0
0
0
0
0
0
0
0
0
0
0
0
0
0
0
0
0
0
0
0
0
0
0
0
0
0
0
0
0
0
0
0
0
0
0
0
0
0
0
0
0
0
0
0
0
0
0
0
0
0
0
0
0
0
0
0
1
0
0
0
0
0
0
0
0
0
0
0
0
0
0
0
0
0
0
0
0
0
0
0
0
0
0
0
0
0
0
0
0
0
0
0
0
0
0
0
0
0
0
0
0
0
0
0
0
0
0
0
0
0
0
0
1
0
0
0
0
0
0
0
0
0
0
0
0
0
0
0
0
0
0
0
0
0
0
0
0
0
0
0
0
0
0
0
0
0
0
0
0
0
0
0
0
0
0
0
0
0
0
0
0
0
0
0
0
0
0
0
0
0
0
0
0
0
0
0
0
0
0
0
0
0
0
0
0
0
0
0
0
0
0
0
0
1
1
1
4
2
1
1
2
2
2
1
2
2
0
2
0
0
3
1
0
2
2
2
0
1
1
1
1
0
2
1
1
2
0
2
2
2
3
2
0
2
1
0
3
0
1
0
3
2
3
0
0
3
3
1
3
4
1
1
2
2
1
3
2
2
4
0
2
1
3
1
0
5
6
1
2
4
0
2
2
0
2
2
1
0
1
1
0
0
1
1
3
0
1
2
2
3
1
0
2
1
2
1
2
1
3
1
1
1
2
1
0
1
0
0
3
3
0
1
3
2
1
1
1
1
2
1