0
0
0
0
0
0
0
0
0
0
0
0
0
0
0
0
0
0
0
0
0
0
0
0
0
0
0
0
0
0
0
0
0
0
0
0
0
0
0
0
0
0
0
0
0
0
0
0
0
0
3
3
14
13
24
42
54
72
66
67
74
83
77
60
59
81
78
92
91
93
92
122
105
104
110
118
105
78
113
104
105
117
98
112
124
115
130
132
137
146
132
119
134
131
112
131
142
162
118
139
139
161
165
183
163
165
154
142
181
163
159
139
134
145
139
142
132
172
156
147
153
133
151
135
154
156
170
167
139
154
174
167
177
178
150
166
157
172
161
152
137
187
183
155
147
158
193
154
166
185
170
169
187
169
162
167
136
177
178
174
192
174
159
148
171
162
207
151
184
174
164
162
167
166
168
169
167
167
180
168
158
172
171
155
164
185
161
159
154
143
180
186
187
191
192
198
178
183
160
156
178
150
166
181
178
180
203
171
179
188
183
197
183
180
168
178
175
162
162
172
199
193
188
172
169
177
161
166
186
175
161
180
194
195
169
162
158
175
187
172
184
198
173
183
167
179
193
201
167
189
150
162
175
178
171
149
159
178
203
160
176
151
182
185
157
186
192
160
193
151
179
165
176
180
145
146
215
153
151
174
154
181
176
152
167
189
144
159
153
154
171
172
175
189
172
171
152
178
162
176
143
162
162
163
174
162
174
162
174
179
176
164
160
167
142
165
176
179
165
163
158
145
167
143
164
148
145
178
165
147
159
172
188
133
169
168
154
156
148
161
177
143
161
147
172
153
146
165
179
172
149
164
181
181
187
163
163
191
165
174
169
176
204
203
173
180
209
195
201
223
236
220
201
207
210
171
198
198
193
209
192
205
205
232
216
203
199
163
180
175
142
178
155
174
164
163
173
170
148
162
166
170
180
173
167
162
145
165
154
153
139
171
159
130
151
153
168
143
128
172
152
158
154
128
123
153
138
133
135
135
141
126
112
122
124
130
116
125
125
126
146
129
122
128
134
128
145
133
135
132
118
117
142
122
116
130
123
121
154
104
135
145
114
134
120
136
115
129
123
117
115
126
147
108
150
143
128
122
119
136
132
126
136
125
116
135
114
123
145
124
140
117
123
118
119
121
119
134
153
136
118
141
132
124
124
112
131
112
95
127
151
107
122
121
106
132
124
114
112
111
119
109
108
103
102
128
116
117
101
107
103
129
112
131
114
117
128
128
142
141
132
150
145
136
141
135
119
118
120
123
124
109
127
95
104
95
108
110
101
93
92
105
109
94
106
118
106
111
93
91
111
92
115
98
103
109
110
82
103
116
102
105
110
109
112
100
106
103
110
111
107
110
107
110
91
89
99
111
92
103
86
114
107
106
105
102
95
108
117
113
93
102
102
89
86
108
101
99
88
103
125
100
92
116
123
95
96
85
87
99
122
98
90
101
114
94
90
106
100
127
97
108
107
93
93
88
88
94
108
105
106
98
86
98
75
90
115
103
94
106
102
95
108
101
101
98
97
92
93
104
89
119
114
100
116
116
92
117
108
95
105
92
108
113
96
108
111
95
109
122
127
91
113
102
91
93
100
101
102
112
111
96
94
96
102
91
93
101
94
98
95
94
90
104
80
99
99
98
109
100
101
91
111
101
101
103
95
102
82
96
98
115
105
106
109
105
92
100
110
101
95
92
93
129
97
108
86
119
112
98
107
85
106
96
110
113
93
114
109
129
97
95
105
79
93
100
91
94
118
105
103
111
110
100
87
106
112
117
94
111
116
120
109
103
96
103
101
113
101
107
95
100
87
99
91
101
100
91
93
100
87
84
86
99
93
85
86
69
91
95
93
82
75
83
78
82
68
67
75
74
65
63
76
57
78
68
83
94
66
77
81
79
75
91
75
92
83
80
81
70
80
65
48
60
59
56
65
79
75
54
73
59
67
74
57
63
53
59
53
56
50
53
64
51
62
62
50
63
48
50
52
69
64
53
64
54
51
57
55
56
60
46
54
49
51
73
55
63
49
49
65
42
43
46
52
57
50
51
53
54
55
40
48
55
51
48
55
52
58
52
42
47
51
46
45
48
46
61
50
47
42
43
48
41
48
40
54
42
47
46
64
57
37
44
48
56
48
48
36
48
41
44
51
46
52
64
52
42
43
36
41
47
49
45
48
39
43
24
46
41
41
49
39
37
41
39
29
39
47
41
24
41
47
38
42
41
39
41
26
28
43
27
41
40
31
36
36
42
51
39
34
40
38
33
42
34
34
35
38
41
38
35
35
32
37
39
39
41
38
38
39
49
45
40
33
39
36
33
37
41
32
30
41
32
37
40
35
41
41
35
46
46
31
32
30
26
17
41
26
41
41
45
29
35
44
28
37
33
31
34
29
33
29
36
44
35
34
40
27
30
30
38
39
34
28
31
29
38
30
34
36
27
33
40
38
28
46
39
49
22
26
32
27
30
32
44
35
44
48
35
40
30
29
44
46
41
49
38
32
39
31
45
39
27
40
32
48
27
26
27
32
39
34
38
33
35
43
31
34
35
34
21
36
32
39
33
45
43
39
29
38
36
34
32
37
45
37
35
33
20
35
33
30
41
32
39
32
40
36
25
42
32
30
37
35
37
40
38
45
32
33
52
43
38
49
36
39
42
35
37
36
37
44
37
38
39
31
41
40
39
41
38
40
35
28
35
39
34
36
40
44
45
42
47
35
41
36
41
49
42
40
33
43
41
48
34
39
32
39
34
42
37
36
32
46
25
41
44
47
39
39
33
38
39
41
43
43
39
35
48
42
66
50
61
60
92
114
178
276
384
539
770
984
1247
1600
1834
1972
2032
2005
1794
1465
1202
856
623
411
254
148
99
58
48
38
32
17
28
15
24
17
26
14
22
7
16
5
19
12
14
14
13
20
13
20
12
24
16
15
15
12
14
16
11
25
12
13
17
14
25
17
19
15
11
18
17
12
17
21
14
15
17
16
14
22
13
16
6
23
19
14
17
13
18
21
12
16
12
18
22
22
14
16
16
22
16
20
20
15
21
16
17
14
22
19
15
18
17
8
14
11
13
11
18
24
11
15
17
17
14
15
10
20
17
15
21
21
15
18
18
21
16
18
12
26
19
19
15
10
7
14
19
13
12
18
17
20
15
17
14
13
17
16
13
17
14
15
14
17
17
9
17
23
18
11
16
18
17
22
22
10
15
18
12
15
11
15
22
14
19
13
23
14
15
25
9
9
15
15
11
19
18
19
13
29
18
37
23
29
25
18
26
20
25
10
16
18
18
10
16
18
9
16
21
18
17
13
12
16
8
11
21
17
25
24
21
20
13
17
15
14
11
26
12
16
13
13
17
13
12
12
16
14
21
19
8
5
8
14
10
14
12
19
9
10
11
6
18
21
18
16
23
26
26
30
28
36
28
32
30
13
32
21
14
14
14
17
14
19
9
12
20
22
14
16
14
12
16
17
15
18
14
22
16
14
20
16
18
16
19
21
21
22
13
18
10
16
10
9
14
21
14
21
18
17
21
15
16
17
16
17
14
14
15
14
11
16
19
16
8
19
14
14
11
17
19
9
17
14
15
12
12
14
11
13
8
9
18
11
14
11
22
15
17
10
13
10
14
10
17
10
11
22
17
10
15
19
13
21
21
13
15
14
17
12
16
13
14
10
8
14
13
16
12
16
15
14
18
20
14
15
13
16
16
17
21
11
18
11
9
14
14
16
19
12
14
24
18
16
17
13
17
10
18
14
15
7
14
14
16
18
8
11
15
24
17
14
23
20
10
12
15
9
19
16
20
12
18
18
16
20
16
18
12
15
16
15
21
10
16
18
14
16
13
14
11
21
12
19
23
21
13
19
17
15
12
17
12
10
14
16
16
16
24
22
10
15
12
14
20
10
15
17
16
13
17
15
16
20
10
17
18
18
15
17
16
15
14
10
13
13
14
13
9
14
11
16
12
13
19
21
13
8
14
14
13
16
21
17
12
15
23
13
20
21
9
17
14
26
19
10
10
15
9
14
5
17
5
13
19
19
14
18
21
13
24
14
20
21
16
15
16
24
11
15
11
10
10
11
18
18
12
10
10
8
11
22
13
14
15
23
14
24
17
18
15
9
14
15
17
17
18
15
17
18
14
12
14
17
18
22
18
15
12
14
20
19
21
13
14
16
16
14
14
15
17
19
18
14
15
14
9
18
21
12
12
11
15
18
10
15
17
11
12
17
11
13
13
18
20
19
17
10
15
10
12
22
14
13
17
15
13
16
22
19
20
13
15
14
19
4
14
13
17
14
17
19
12
20
14
13
22
18
12
11
8
17
16
13
13
17
16
20
31
20
15
15
12
25
22
16
19
20
15
8
12
13
18
25
14
20
16
28
13
11
12
10
13
14
24
17
25
21
22
10
17
21
14
19
17
14
14
18
20
22
20
14
16
16
16
23
16
18
18
12
12
19
13
17
10
14
14
19
24
19
10
26
17
16
17
22
18
19
13
22
20
19
18
18
25
16
16
11
11
18
16
15
15
15
19
14
12
9
14
16
13
19
12
19
15
26
16
20
19
13
15
18
12
16
14
12
15
23
16
9
13
14
12
20
12
14
10
15
24
11
12
21
16
13
15
17
16
23
16
14
20
18
21
15
15
20
16
19
18
15
12
13
12
19
12
17
19
20
10
17
18
11
12
18
12
13
12
14
18
19
15
13
12
14
21
22
14
18
19
20
17
15
20
16
16
18
19
16
10
18
16
13
27
18
13
15
20
18
16
18
20
20
19
10
13
20
19
25
19
18
18
21
13
15
17
18
22
13
17
12
19
15
13
18
11
19
17
22
13
26
15
25
17
13
10
19
14
20
18
15
14
20
24
15
19
20
18
22
20
20
22
16
16
17
24
23
14
11
18
16
10
19
12
15
16
10
10
13
19
12
20
23
26
11
13
18
14
13
16
10
12
22
20
22
24
18
14
14
8
19
25
19
19
24
24
14
15
21
17
15
11
24
19
16
18
18
22
18
12
13
19
17
18
16
21
17
18
23
31
15
13
22
14
20
15
16
12
13
15
14
11
10
12
14
16
18
14
18
12
11
17
13
17
14
13
7
17
10
20
23
17
25
19
16
17
17
24
17
17
18
23
12
25
16
13
15
9
11
17
20
23
18
13
10
19
13
20
19
25
20
30
31
31
26
27
32
20
20
24
16
19
22
18
13
22
14
16
18
22
23
19
18
18
10
24
11
17
15
11
17
12
18
24
17
16
19
16
20
19
14
16
17
17
21
19
22
24
18
20
18
19
18
17
20
18
13
19
22
22
17
27
17
11
22
24
18
19
15
18
27
20
16
19
24
21
17
23
23
22
25
18
13
20
13
23
27
23
24
22
14
18
15
20
26
20
16
24
19
14
21
14
17
24
16
18
22
16
20
18
14
20
17
19
20
22
21
26
17
12
13
20
10
19
18
14
15
19
14
23
16
13
20
14
25
23
25
18
22
22
23
20
16
22
17
26
25
22
22
19
26
16
33
26
25
23
23
26
20
24
25
24
24
21
23
18
15
21
16
14
20
23
26
22
19
24
21
22
23
12
23
23
25
19
22
15
24
14
25
17
28
12
25
24
23
21
23
15
23
23
17
24
20
22
22
24
21
23
18
20
19
22
23
24
19
22
19
23
18
22
21
17
27
20
26
23
21
22
18
21
24
34
23
22
25
32
17
21
27
21
32
26
17
22
30
17
23
15
23
22
20
20
23
22
18
26
29
27
24
20
37
31
21
27
17
17
22
17
26
21
32
21
20
19
32
19
27
25
22
32
25
27
32
26
20
14
30
20
20
19
26
15
24
17
33
23
22
26
25
24
29
28
26
28
33
23
23
18
22
24
20
23
25
20
29
18
18
32
18
21
30
27
20
24
26
28
26
25
31
25
26
21
28
22
24
35
25
24
17
20
20
24
27
21
23
28
26
25
23
21
32
21
19
27
30
25
22
22
24
22
27
23
21
26
22
21
21
17
20
36
26
33
21
23
30
27
22
28
24
22
36
27
19
31
27
18
19
25
14
22
24
25
16
31
14
18
16
24
25
14
16
24
26
18
20
22
14
17
22
18
14
25
14
21
16
12
15
24
14
18
15
16
14
16
13
10
10
12
23
15
11
13
12
24
13
14
18
16
12
19
18
21
16
16
10
7
12
20
13
10
10
15
20
10
11
18
20
15
15
16
16
16
17
15
15
14
11
21
11
15
17
15
14
20
14
19
16
11
18
11
12
12
15
12
9
19
19
15
12
6
17
17
14
14
13
16
7
16
18
12
11
9
13
12
18
20
15
12
10
15
7
13
12
20
12
15
10
13
12
15
13
13
16
8
9
12
12
13
11
15
19
9
16
8
12
11
11
15
12
22
19
17
13
14
16
14
17
11
17
15
15
7
10
15
12
3
12
11
10
12
7
14
9
12
12
12
8
12
12
11
4
10
10
12
5
16
6
10
14
5
11
9
8
5
6
10
19
11
6
6
7
10
10
9
8
8
15
12
13
12
10
9
9
9
14
9
4
12
7
7
5
11
9
9
6
5
10
5
7
5
6
3
15
6
7
6
10
5
3
7
6
9
9
13
5
7
11
8
10
11
2
8
4
7
6
10
3
6
2
11
9
9
2
7
11
5
8
5
3
7
11
11
1
12
4
7
3
6
1
4
7
9
3
8
6
5
9
3
7
9
5
9
8
7
4
7
7
6
1
7
6
3
4
8
10
6
5
7
5
1
5
10
3
8
8
7
5
8
8
3
5
8
6
6
3
5
6
5
2
2
6
2
7
10
7
8
7
6
3
9
2
4
7
4
8
2
7
6
5
3
4
3
4
6
8
8
11
5
0
2
5
3
8
11
6
7
7
6
3
7
5
7
5
7
5
5
8
6
7
5
2
7
2
6
4
6
6
5
4
4
3
3
3
7
4
8
4
4
3
6
9
8
4
5
7
3
4
3
6
4
4
6
6
3
12
7
6
3
5
4
3
3
4
5
6
5
6
1
6
4
4
3
5
2
2
5
8
8
4
8
6
2
5
6
5
10
3
4
2
9
3
5
3
9
5
5
5
3
8
1
6
7
5
8
3
8
8
3
4
3
3
1
6
5
4
5
8
7
7
10
6
4
3
3
1
3
3
1
3
1
6
2
6
6
6
2
2
4
6
3
2
6
4
5
2
2
5
5
5
3
4
0
5
4
2
3
4
4
4
7
5
4
3
5
5
3
4
3
3
3
3
5
6
4
9
5
4
8
1
4
5
6
20
26
38
73
112
149
219
317
394
517
647
732
678
673
563
430
284
165
114
54
19
14
3
4
5
2
6
2
3
1
1
2
3
3
5
0
2
2
3
2
1
0
0
0
0
1
2
3
2
2
5
1
3
1
3
0
1
0
3
1
1
2
1
0
1
0
2
3
1
2
1
3
0
2
1
0
2
0
2
2
3
2
0
2
6
1
3
0
2
3
1
0
1
1
2
1
0
1
3
0
0
3
1
1
1
0
1
1
1
1
1
0
2
2
1
1
0
1
2
1
2
0
2
1
2
1
0
3
0
2
1
1
3
2
1
3
4
0
0
2
1
1
3
1
1
2
1
1
0
1
2
0
1
0
2
1
1
0
1
2
0
3
1
0
4
2
1
2
1
1
0
1
1
0
1
1
3
4
2
0
1
2
0
1
4
1
2
4
1
1
0
2
1
1
4
0
2
1
1
3
3
1
2
1
0
0
0
1
2
0
0
3
1
2
1
1
2
2
0
4
1
1
3
3
1
0
1
0
2
0
2
2
0
0
1
1
0
2
3
0
1
1
2
0
0
2
0
1
1
0
4
0
3
1
0
1
2
0
2
0
2
0
1
0
2
1
0
1
1
1
3
3
2
2
1
6
2
2
2
1
0
1
2
0
1
0
1
1
1
0
1
1
1
1
0
1
0
0
1
2
0
2
2
1
0
6
1
2
1
0
0
0
0
0
0
2
1
0
1
1
0
1
0
0
0
0
0
0
5
1
0
1
1
1
0
0
2
1
0
2
0
3
0
0
0
1
0
1
0
0
0
0
4
0
1
2
3
1
2
1
0
2
1
0
0
0
2
2
0
0
0
0
0
1
1
1
0
2
1
0
1
1
0
2
0
1
2
3
0
2
2
0
0
1
2
0
1
1
0
1
1
1
1
0
0
0
1
0
0
0
0
1
2
0
1
0
1
1
1
0
0
1
2
2
2
1
0
1
0
0
0
1
2
1
0
0
1
2
1
0
2
1
0
1
2
1
1
0
1
1
1
0
1
1
1
3
2
2
2
2
0
0
0
0
0
1
0
2
0
2
0
1
0
0
0
0
1
1
2
0
1
2
1
3
9
6
9
16
20
22
30
36
37
60
38
32
47
34
18
15
8
6
3
1
1
0
1
1
0
0
1
0
0
1
1
0
2
1
1
0
0
1
0
0
0
2
0
2
2
1
0
1
0
0
1
0
1
1
1
0
0
2
1
0
1
0
0
1
1
0
1
0
2
0
0
1
0
0
1
1
0
0
0
2
1
1
3
1
0
1
0
0
0
0
0
0
0
0
0
1
2
0
0
0
0
0
0
0
1
0
0
0
2
0
2
0
0
0
0
0
0
1
1
0
1
1
1
0
1
1
0
1
1
0
1
1
2
1
2
4
1
0
1
1
0
0
0
0
1
0
2
0
0
0
1
0
0
0
0
1
0
1
0
0
1
0
0
0
0
0
2
2
0
1
1
0
0
0
0
0
0
0
0
0
3
0
0
1
1
0
1
0
0
0
1
2
0
0
1
0
1
0
2
1
0
0
2
1
0
1
1
0
1
1
0
1
0
3
1
1
0
0
0
0
0
0
1
2
0
1
0
0
0
1
0
1
1
1
0
0
1
0
0
0
0
0
1
0
0
1
0
0
1
1
0
0
0
1
0
0
3
0
0
0
0
0
0
0
0
1
1
0
0
2
0
0
1
1
0
0
0
0
2
1
0
0
0
1
3
1
1
0
2
0
0
2
0
2
0
0
1
0
0
1
0
1
1
0
0
0
0
0
0
1
1
0
0
0
0
0
1
1
1
0
1
2
0
2
2
0
0
1
0
0
0
0
0
1
1
2
1
1
2
0
3
1
3
1
2
0
0
1
0
1
4
0
0
2
2
2
1
0
1
0
0
2
0
0
1
0
0
0
1
0
0
0
1
1
1
0
0
0
1
0
0
1
0
0
0
0
0
0
2
0
1
1
0
1
0
0
0
0
0
1
0
1
1
0
1
1
1
1
3
0
0
0
0
0
2
0
1
0
0
0
1
1
1
2
1
0
0
2
0
0
0
0
0
0
0
1
0
0
1
0
0
0
0
0
1
2
0
0
0
0
1
0
0
0
0
0
0
1
0
0
1
0
1
1
1
1
2
0
2
0
0
2
0
0
0
0
1
0
1
0
1
0
0
0
2
0
0
1
0
0
1
0
0
0
0
0
0
0
0
1
1
1
0
0
2
1
0
0
1
2
1
0
0
0
0
0
0
1
1
0
0
1
0
0
2
1
0
0
0
1
0
1
1
0
0
1
0
0
0
1
1
0
1
0
0
1
1
0
1
0
0
0
0
0
1
1
0
1
0
0
1
1
1
0
0
0
0
1
1
0
0
0
0
0
0
1
1
0
0
0
0
0
1
1
0
0
0
0
1
1
0
0
1
0
1
0
1
1
0
0
0
2
0
0
0
2
0
0
0
0
2
0
0
0
0
1
1
0
0
0
0
0
0
0
0
0
0
0
0
1
0
0
0
0
0
0
0
3
1
1
0
1
0
0
0
1
1
0
1
0
1
0
1
1
0
0
0
0
0
0
0
1
0
1
0
0
2
0
1
0
0
1
0
0
1
0
1
0
0
1
0
1
1
1
0
0
0
0
1
2
0
0
0
1
1
1
0
0
1
0
1
2
0
2
2
0
1
2
0
1
0
0
0
0
1
0
1
0
0
0
0
0
0
0
0
0
1
1
0
0
1
1
0
1
0
0
0
0
0
0
0
0
0
2
0
0
1
0
0
0
0
0
0
0
0
0
1
0
0
0
1
0
0
0
0
1
0
0
1
1
0
0
1
1
1
0
0
0
2
1
0
1
0
1
0
2
0
0
2
5
2
3
5
1
9
1
2
1
2
3
3
1
1
0
0
1
0
0
0
0
1
0
1
0
0
0
0
0
0
0
0
0
0
0
0
0
0
0
0
0
0
0
0
0
1
0
0
0
0
0
0
0
0
0
0
0
1
0
0
1
0
0
0
0
1
1
0
1
0
1
2
0
0
0
0
0
0
0
0
0
0
0
1
0
0
1
0
0
0
0
0
0
0
0
0
0
0
0
0
1
0
0
0
0
0
0
0
1
0
0
1
0
0
0
0
0
1
0
1
0
0
0
2
0
0
0
0
1
0
0
0
0
0
0
0
1
0
0
0
0
0
0
1
0
0
0
0
0
1
0
0
0
0
0
0
0
1
0
0
0
1
0
0
0
0
0
1
0
0
0
0
0
0
0
2
1
0
0
1
0
0
1
0
0
0
0
1
0
1
0
0
0
0
1
0
0
1
0
1
0
0
0
1
0
0
0
0
1
0
0
0
0
0
1
0
0
0
1
0
0
0
0
0
0
0
0
1
0
0
0
1
0
0
0
0
0
0
0
0
0
0
1
0
0
0
0
0
0
2
0
0
0
0
0
0
0
0
0
0
0
0
0
0
0
0
1
0
0
1
0
0
0
0
2
0
1
2
1
1
0
0
0
0
0
0
0
0
0
1
0
0
0
0
2
1
0
0
0
0
0
0
0
0
2
0
0
0
0
0
1
0
0
0
1
0
1
1
0
0
1
0
2
0
1
0
0
0
0
0
0
0
0
0
0
1
0
1
2
1
0
2
1
0
0
0
0
0
0
1
0
0
0
0
0
0
0
0
0
0
1
1
1
1
1
0
0
1
2
0
0
0
0
0
0
0
0
0
0
1
0
0
0
0
0
0
0
0
0
0
0
0
2
1
0
1
0
1
2
0
0
2
1
0
0
0
0
0
0
0
1
0
0
0
0
0
0
0
0
0
0
1
0
0
1
0
0
0
1
0
0
0
1
1
1
0
0
0
0
1
0
0
0
1
0
1
0
1
0
0
0
0
0
0
1
1
1
0
0
0
0
0
0
0
0
1
0
1
0
0
1
0
0
1
0
0
1
0
0
0
0
0
0
0
0
0
1
1
0
0
0
0
1
1
0
1
0
1
0
0
0
0
0
0
0
0
0
0
0
1
0
0
0
0
0
0
0
0
0
0
1
1
0
0
1
0
0
0
0
0
0
0
0
1
0
2
0
0
0
0
2
0
0
1
0
1
1
1
0
0
0
0
0
0
0
0
2
0
0
0
0
0
0
0
0
0
0
1
0
0
0
0
1
0
0
0
0
1
0
1
2
0
0
1
0
0
0
0
0
0
0
0
0
0
0
0
0
0
0
1
0
0
0
0
0
0
0
0
0
0
0
0
2
0
0
0
0
0
1
1
1
0
0
0
0
1
0
0
0
0
0
0
0
0
0
0
0
0
0
0
0
0
0
0
0
0
1
0
0
0
0
0
0
0
0
0
0
1
1
0
1
0
0
0
0
0
0
0
0
0
0
0
0
0
0
1
0
0
0
0
0
0
0
0
0
0
0
0
0
0
1
0
0
0
0
0
0
1
0
0
0
0
0
0
0
0
1
1
2
0
0
0
0
0
0
0
0
2
0
1
0
1
0
0
0
0
0
1
1
0
0
0
0
1
0
1
1
0
0
0
0
0
0
0
0
0
0
0
0
1
0
0
0
0
1
0
0
0
0
0
0
0
1
0
0
0
0
0
0
0
0
1
0
0
0
0
0
1
0
0
0
0
0
0
0
0
1
1
0
0
0
0
0
0
0
1
1
0
0
0
2
0
0
0
0
0
1
0
0
0
0
1
2
0
0
0
1
0
0
0
0
0
0
0
0
0
0
1
0
1
0
1
0
0
1
0
0
0
0
0
1
0
0
0
0
0
1
0
0
0
0
0
0
0
0
0
0
0
0
1
0
0
1
1
0
1
0
0
1
0
0
1
0
1
0
0
0
1
1
2
2
2
0
1
1
0
0
1
1
0
0
1
0
0
1
1
0
0
0
0
0
0
0
0
0
0
0
0
0
0
0
0
0
0
0
0
0
0
1
0
0
2
0
1
0
1
0
0
0
0
0
0
0
0
0
0
0
0
0
0
0
1
0
0
1
1
0
0
0
0
0
1
0
0
1
0
2
0
1
0
0
0
0
0
0
0
1
0
2
0
0
0
0
0
0
0
0
0
1
0
0
0
0
0
0
0
2
1
0
0
0
1
1
0
0
0
0
0
0
0
0
1
0
0
0
0
1
0
0
1
0
0
0
1
1
0
1
0
1
0
0
1
0
0
1
0
1
0
0
0
0
0
0
0
0
1
1
1
0
0
0
0
0
0
0
0
0
0
0
1
0
0
0
0
0
0
0
0
0
0
1
1
0
0
0
0
0
0
1
1
0
0
0
0
2
1
0
0
1
0
0
0
0
0
0
0
0
0
0
0
0
0
0
0
0
1
0
0
0
0
0
0
0
0
0
0
0
0
1
2
0
0
1
0
0
0
0
0
0
1
0
1
0
1
0
0
0
0
2
0
0
0
1
0
0
1
1
0
0
2
1
2
0
3
1
0
0
0
0
1
1
0
0
0
0
0
1
0
0
0
0
0
0
1
0
0
0
0
0
0
0
0
0
0
0
1
0
0
0
0
0
0
0
0
0
0
1
1
1
0
0
0
0
0
0
0
0
0
0
0
0
1
0
1
2
0
1
0
1
1
0
0
0
0
0
0
0
0
0
0
0
0
1
0
0
1
1
2
0
0
0
0
1
0
0
0
0
0
0
0
0
0
0
0
0
1
0
1
0
0
0
0
0
1
0
0
0
0
0
0
0
0
0
0
1
0
0
0
2
0
0
0
0
0
0
0
1
1
0
0
0
0
1
0
0
0
0
0
0
0
0
0
0
1
1
0
0
0
0
0
1
0
1
0
0
0
0
0
0
0
0
2
0
1
0
0
0
0
2
1
0
0
0
0
0
0
1
0
0
0
1
0
0
0
1
0
0
0
0
2
0
0
0
0
0
0
0
0
0
0
1
0
2
0
0
0
0
1
0
1
0
0
0
1
0
0
0
0
0
0
1
0
0
0
1
1
0
0
1
0
1
0
1
0
0
0
0
0
1
0
0
1
0
1
1
0
0
0
0
0
0
0
0
1
1
0
0
0
1
0
0
0
0
0
0
0
0
0
1
1
0
0
0
0
0
0
0
0
0
0
0
0
1
0
0
1
0
0
0
0
1
1
0
0
0
1
0
0
0
0
0
0
1
0
1
0
0
0
1
0
0
0
0
0
0
0
0
0
0
1
0
2
1
1
1
1
0
0
0
0
0
1
0
0
1
0
0
1
2
0
1
0
0
0
0
0
0
1
1
1
0
0
0
0
0
0
1
0
0
1
0
0
0
0
1
0
1
0
0
0
0
0
1
1
0
0
0
0
1
1
0
0
2
0
0
0
0
0
0
0
0
0
0
0
1
0
1
2
0
0
0
0
0
0
1
0
0
1
0
0
0
0
0
0
0
0
0
0
0
1
1
0
0
0
1
0
1
0
1
0
1
0
0
0
0
0
1
0
1
0
1
0
0
0
0
1
0
0
0
0
0
0
0
1
0
0
0
0
0
2
0
1
0
0
0
0
0
0
1
0
0
0
2
1
0
0
0
0
0
0
0
1
0
0
1
0
1
0
0
1
0
1
1
0
0
0
0
0
0
0
0
0
0
0
0
0
1
1
0
0
0
1
0
3
0
0
0
0
0
0
1
0
0
0
0
0
0
0
0
0
0
1
0
1
0
1
0
0
0
0
0
0
0
0
1
0
0
1
0
2
0
0
0
0
0
0
1
0
1
0
0
0
1
1
0
0
0
1
0
0
0
1
0
0
0
0
0
0
0
0
0
0
0
0
0
0
0
0
0
0
0
0
0
0
0
0
0
0
0
0
0
0
0
1
0
0
0
0
0
0
2
0
0
0
0
1
0
0
0
0
0
2
1
0
0
0
0
0
0
0
0
0
1
0
1
1
0
1
0
0
0
0
0
1
0
0
0
0
0
0
0
0
0
0
0
0
0
0
1
0
0
0
1
0
0
0
0
1
0
0
1
0
0
0
0
0
0
0
0
0
1
0
0
0
0
0
0
0
0
0
0
0
0
0
0
0
0
0
0
0
0
0
0
0
0
0
0
0
0
0
0
0
0
0
0
0
0
0
0
0
0
0
0
0
1
0
0
0
0
0
0
0
0
0
0
0
0
0
0
0
0
0
0
0
0
0
1
0
0
0
0
0
0
0
0
0
0
1
0
0
0
0
0
0
0
0
0
0
0
0
0
0
0
0
0
0
0
0
0
0
0
0
0
0
0
1
0
0
0
0
0
1
0
0
0
0
0
0
0
0
0
0
0
0
0
0
0
0
0
0
0
0
0
0
0
0
0
0
1
0
0
0
0
0
0
0
0
0
0
0
0
0
0
0
0
0
0
0
0
0
0
0
1
0
0
0
0
0
0
0
0
0
0
0
0
0
0
0
0
1
0
0
0
0
0
0
0
0
0
0
0
0
0
0
0
0
0
0
0
0
0
1
0
0
0
0
0
0
0
1
0
0
0
0
0
0
0
1
0
0
0
0
0
0
0
0
0
0
0
0
0
0
0
0
0
0
0
0
0
0
1
0
0
0
0
0
0
0
0
0
0
0
0
0
0
0
0
0
0
0
0
0
0
0
0
0
0
0
0
0
0
0
0
0
0
1
0
0
0
0
0
0
0
0
0
0
0
0
0
0
0
0
0
0
0
0
0
0
0
0
0
0
0
0
0
0
0
0
0
0
0
0
0
0
0
0
0
0
0
0
0
0
0
0
0
0
0
1
0
0
0
0
0
0
0
0
0
0
0
0
0
0
0
0
0
0
0
0
0
0
0
0
0
0
0
0
0
0
0
0
2
3
3
4
2
1
5
6
9
9
5
7
9
7
2
3
4
2
2
2
0
1
0
0
0
0
0
0
0
0
0
0
0
0
0
0
0
0
0
0
0
0
0
0
0
0
0
0
0
0
0
0
0
0
0
0
0
0
0
0
0
0
0
0
0
0
0
0
0
0
0
0
0
0
0
0
0
0
0
0
0
0
0
0
0
0
0
0
0
0
0
0
0
0
0
0
0
0
0
0
0
0
0
0
0
0
0
0
0
0
0
0
0
0
0
0
0
0
0
0
0
0
0
0
0
0
0
0
0
0
0
0
0
0
0
0
0
0
0
0
0
0
0
0
0
0
0
0
0
0
0
0
0
0
0
0
0
0
0
0
0
0
0
0
0
0
0
0
0
0
0
0
0
0
0
0
0
0
0
0
0
0
0
0
0
0
0
0
0
0
0
0
0
0
0
0
0
0
0
0
0
0
0
0
0
0
0
0
0
0
0
0
0
0
0
0
0
0
0
0
0
0
0
0
0
0
0
0
0
0
0
0
0
0
0
0
0
0
0
0
0
0
0
0
0
0
0
0
0
0
0
0
0
0
0
0
0
0
0
0
0
0
0
0
0
0
0
0
0
0
0
0
0
0
0
0
0
0
0
0
0
0
0
0
0
0
0
0
0
0
0
0
0
0
0
0
0
0
0
0
0
0
0
0
0
0
0
0
0
0
0
0
0
0
0
0
0
0
0
0
0
0
0
0
0
0
0
0
0
0
0
0
0
0
0
0
0
0
0
0
0
0
0
0
0
0
0
0
0
0
0
0
0
0
0
0
0
0
0
0
0
0
0
0
0
0
0
0
0
0
0
0
0
0
0
0
0
0
0
0
0
0
0
0
0
0
0
0
0
0
0
0
0
0
0
0
0
0
0
0
0
0
0
0
0
0
1
0
0
0
0
0
0
0
0
0
0
0
0
0
0
0
0
0
0
0
0
0
0
0
0
0
0
0
0
0
0
0
0
0
0
0
0
0
0
0
0
0
0
0
0
1
0
0
0
0
0
0
0
0
0
0
0
0
0
0
0
0
0
0
0
0
0
0
0
0
0
0
0
0
0
0
0
0
0
0
0
0
0
1
0
0
0
0
0
0
0
0
0
0
0
0
0
0
0
0
0
0
0
0
0
0
0
0
0
0
0
0
0
0
0
0
0
0
0
0
0
0
0
0
0
0
0
0
0
0
0
0
0
0
0
0
0
0
0
0
0
0
0
0
0
0
0
0
0
0
0
0
0
0
0
0
0
0
0
0
0
0
0
0
0
0
0
0
0
0
0
1
0
0
0
0
0
0
0
0
0
0
0
0
0
0
0
0
0
0
0
0
0
0
0
0
0
0
0
0
0
0
0
0
0
0
0
0
0
0
0
0
0
0
0
0
0
0
0
0
0
0
0
0
0
0
0
0
0
0
0
0
0
0
0
0
0
0
0
0
0
0
0
0
0
0
0
0
0
0
0
0
0
0
0
0
0
0
0
0
0
0
0
0
0
0
0
0
0
0
0
0
0
0
0
0
0
0
0
0
0
0
0
0
0
0
0
0
0
0
0
0
0
0
0
0
0
0
0
0
0
0
0
0
0
0
0
0
0
0
0
0
0
0
0
0
0
0
0
0
0
0
0
0
0
0
0
0
0
0
0
0
0
0
0
0
0
0
0
0
0
0
0
0
0
0
0
0
0
0
0
0
0
0
0
0
0
0
0
0
0
0
0
0
0
0
0
0
0
0
0
0
0
0
0
0
0
0
0
0
0
0
0
0
0
0
0
0
0
0
0
0
0
0
0
0
0
0
0
0
0
0
0
0
0
0
0
0
0
0
0
0
0
0
0
0
0
0
0
0
0
0
0
0
0
0
0
0
0
0
0
0
0
0
0
0
0
0
0
0
0
0
0
0
0
0
0
0
0
0
0
0
0
0
0
0
0
0
0
0
0
0
0
0
0
0
0
0
0
0
0
0
0
0
0
0
0
0
0
0
0
0
0
0
0
0
0
0
0
0
0
0
0
0
0
0
0
0
0
0
0
0
0
0
0
0
0
0
0
0
0
0
0
0
0
0
0
0
0
0
0
0
0
0
0
0
0
0
0
0
0
0
0
0
0
0
0
0
0
0
0
0
0
0
0
0
0
0
0
0
0
0
0
0
0
0
0
0
0
0
0
0
0
0
0
0
0
0
0
0
0
0
0
0
0
0
0
0
0
0
0
0
0
0
0
0
0
0
0
0
0
0
0
0
0
0
0
0
0
0
0
0
0
0
0
0
0
0
0
0
0
0
0
0
0
0
0
0
0
0
0
0
0
0
0
0
0
0
0
0
0
0
0
0
0
0
0
0
0
0
0
0
0
0
0
0
0
0
0
0
0
0
0
0
0
0
0
0
0
0
0
0
0
0
0
0
0
0
0
0
0
0
0
0
0
0
0
0
0
0
0
0
0
0
0
0
0
0
0
0
0
0
0
0
0
0
0
0
0
0
0
0
0
0
0
0
0
0
0
0
0
0
0
0
0
0
0
0
0
0
0
0
0
0
0
0
0
0
0
0
0
0
0
0
0
0
0
0
0
0
0
0
0
0
0
0
0
0
0
0
0
0
0
0
0
0
0
0
0
0
0
0
0
0
0
0
0
0
0
0
0
0
0
0
0
0
0
0
0
0
0
0
0
0
0
0
0
0
0
0
0
0
0
0
0
0
0
0
0
0
0
0
0
0
0
0
0
0
0
0
0
0
0
0
0
0
0
0
0
0
0
0
0
0
0
0
0
0
0
0
0
0
0
0
0
0
0
0
0
0
0
0
0
0
0
0
0
0
0
0
0
0
0
0
0
0
0
0
0
0
0
0
0
0
0
0
0
0
0
0
0
0
0
0
0
0
0
0
0
0
0
0
0
0
0
0
0
0
0
0
0
0
0
0
0
0
0
0
0
0
0
0
0
0
0
0
0
0
0
0
0
0
0
0
0
0
0
0
0
0
0
0
0
0
0
0
0
0
0
0
0
0
0
0
0
0
0
0
0
0
0
0
0
0
0
0
0
0
0
0
0
0
0
0
0
0
0
0
0
0
0
0
0
0
0
0
0
0
0
0
0
0
0
0
0
0
0
0
0
0
0
0
0
0
0
0
0
1
3
1
1
2
2
0
1
0
0
1
2
0
2
0
3
0
1
0
1
1
0
0
0
0
0
2
4
1
1
3
0
2
1
1
1
2
1
2
0
2
4
3
2
2
0
2
0
1
0
1
0
1
2
2
1
2
0
0
1
2
2
1
0
1
0
2
0
1
1
2
1
2
3
1
2
2
1
4
2
1
1
0
3
1
2
2
4
2
0
1
1
1
0
1
1
1
0
1
0
2
0
2
5
0
1
1
3
0
2
1
2
1
1
3
2
1
1
1
3
2
1
1
1