0
0
0
0
0
0
0
0
0
0
0
0
0
0
0
0
0
0
0
0
0
0
0
0
0
0
0
0
0
0
0
0
0
0
0
0
0
0
0
0
0
0
0
0
0
0
0
0
0
0
0
0
2
3
4
5
9
12
21
19
16
28
22
33
29
34
25
25
36
32
38
34
41
34
34
32
38
44
45
50
55
42
45
46
54
50
54
44
55
53
56
48
52
63
64
67
57
76
91
99
147
167
222
332
591
904
1604
2555
3063
3184
3121
2867
2530
2058
1623
1229
839
587
446
394
305
271
259
252
234
307
295
288
325
373
422
467
522
621
688
754
837
952
1051
1126
1091
1287
1213
1164
1044
898
777
600
493
410
356
326
267
345
314
405
458
501
645
710
755
888
870
975
985
924
840
743
588
527
441
419
445
379
454
496
588
645
712
793
825
902
874
827
740
595
570
534
473
491
499
526
596
614
684
731
756
806
858
788
722
683
587
490
511
500
536
530
569
647
657
773
709
745
766
736
664
633
622
533
519
551
515
538
608
630
643
634
736
674
668
693
720
657
670
697
577
613
590
640
618
567
600
589
624
635
630
705
702
619
670
656
700
667
676
678
646
666
615
634
582
618
626
600
625
621
653
639
674
681
650
591
662
613
651
684
641
594
672
614
625
607
633
680
630
576
661
635
593
591
687
631
659
651
590
622
613
632
607
600
663
607
650
597
650
577
637
581
633
599
571
590
680
646
635
604
599
655
638
648
581
635
607
573
594
602
657
627
622
607
600
619
623
650
606
602
607
563
619
650
620
670
601
632
643
603
585
600
598
628
624
627
610
660
603
606
588
598
592
630
621
581
583
632
542
659
631
610
581
654
558
550
645
570
618
619
585
592
602
579
626
590
604
625
605
601
609
636
591
588
615
652
608
589
584
540
578
601
590
595
635
586
571
610
590
565
613
600
611
565
618
642
542
578
606
637
603
553
594
621
617
568
574
581
585
580
607
588
622
583
611
637
580
563
591
614
595
606
579
561
584
579
591
618
563
552
584
599
625
593
575
622
571
612
591
607
546
586
601
581
582
580
591
592
591
643
626
574
611
637
627
609
591
633
612
667
625
636
615
629
652
599
618
575
658
649
626
594
659
644
663
660
698
619
660
677
713
676
624
625
667
635
684
662
659
612
632
637
638
649
584
653
669
670
651
683
649
669
623
671
659
665
702
650
636
626
682
658
656
644
684
662
636
653
622
689
640
658
695
667
633
649
633
618
672
636
703
666
627
643
638
655
656
623
636
640
657
644
645
671
691
631
635
617
702
622
637
617
660
626
650
592
655
653
618
629
660
584
638
622
657
643
599
599
644
620
638
614
613
651
643
598
633
636
554
637
617
640
688
642
637
608
642
611
641
581
653
618
611
642
651
607
665
627
609
616
650
628
617
628
598
636
643
611
621
604
609
595
623
628
604
617
573
603
607
592
611
608
632
613
616
584
633
588
619
578
618
614
615
603
592
582
552
590
623
538
628
598
594
643
584
627
626
584
641
596
593
591
596
543
613
596
599
625
616
608
600
565
580
624
618
550
610
548
622
540
545
574
592
589
573
584
598
598
558
526
574
591
568
626
604
579
601
546
554
541
575
559
545
584
596
588
573
546
571
532
545
573
599
600
549
564
591
547
579
553
596
618
595
607
588
582
575
604
571
588
583
574
574
542
611
570
546
587
573
588
546
582
598
543
603
545
561
601
572
584
603
540
547
524
564
575
520
568
573
591
519
561
522
537
525
587
537
523
559
555
541
566
548
535
553
502
536
539
518
551
525
573
543
557
551
513
566
521
587
533
558
522
514
559
519
552
547
603
569
515
494
542
503
525
512
513
539
533
520
538
557
521
575
552
506
536
543
513
541
490
563
541
510
603
557
513
551
496
536
539
519
557
521
535
505
515
586
522
535
479
504
542
523
523
520
547
530
497
479
569
528
496
528
495
537
585
527
564
507
484
495
501
531
485
503
526
548
516
529
502
513
519
500
510
537
516
516
494
495
516
546
514
511
501
507
489
524
518
506
484
520
520
526
492
505
544
533
534
514
485
531
508
508
472
518
492
479
553
515
508
505
504
524
510
545
448
502
495
500
524
463
544
424
465
532
506
494
479
513
461
495
500
463
515
517
510
478
517
512
484
496
465
477
508
460
506
442
514
508
491
468
521
508
500
478
536
480
518
474
500
492
501
494
517
479
552
496
489
504
488
543
495
487
489
506
482
456
511
477
501
470
497
467
519
482
480
480
525
473
512
474
496
465
484
464
444
469
458
513
511
497
467
470
439
499
499
508
503
513
532
500
494
466
503
461
485
486
475
498
545
470
522
482
478
501
474
465
475
513
481
532
473
457
486
520
469
467
491
484
480
497
442
502
474
483
452
510
492
483
475
449
473
469
490
490
484
484
465
465
489
460
465
485
519
451
473
474
463
486
490
486
432
541
477
468
456
485
463
474
519
473
454
470
441
472
486
505
486
480
464
464
510
423
487
467
463
481
503
460
486
476
509
468
497
512
460
448
456
474
487
465
475
493
467
463
478
417
492
455
442
493
502
506
456
488
479
493
483
485
503
469
466
470
448
441
448
471
489
446
475
463
490
483
463
477
491
452
468
478
466
471
466
490
480
490
477
464
485
495
483
449
479
461
467
447
493
461
463
459
465
471
456
470
463
472
511
503
455
488
471
416
487
475
466
469
465
465
438
464
474
433
477
496
447
467
455
467
474
466
490
457
452
452
494
429
476
493
468
480
479
491
465
443
482
445
447
481
456
452
479
433
474
485
431
464
457
467
481
519
441
455
452
455
473
460
514
470
505
450
479
497
513
500
483
471
446
494
475
512
481
444
482
499
454
471
452
487
469
509
456
483
478
452
488
437
473
438
444
462
464
439
454
459
454
462
518
483
491
485
494
443
494
445
449
462
466
485
468
449
467
460
481
458
487
497
468
483
479
451
456
443
428
473
453
457
454
443
453
475
475
505
457
510
485
429
475
464
484
429
485
496
510
492
478
507
488
476
510
433
506
482
492
423
431
478
424
470
467
485
465
459
491
473
463
454
452
419
456
461
481
492
458
470
445
448
476
431
452
433
462
477
479
434
481
490
473
519
474
433
481
513
425
465
480
456
453
458
497
470
490
438
510
449
408
533
471
483
498
502
480
421
487
481
441
482
485
470
401
458
444
476
458
487
487
457
455
485
480
476
449
448
489
478
429
489
457
495
467
472
450
467
509
475
458
477
464
449
452
471
424
504
481
448
476
484
473
505
489
505
489
502
499
459
476
463
480
468
468
465
452
481
458
478
470
446
526
486
506
443
457
448
445
482
474
426
500
500
471
454
454
458
497
488
478
463
444
462
470
483
461
451
502
490
480
496
473
505
458
461
467
441
453
450
477
513
453
465
460
450
447
450
475
453
471
477
454
474
518
516
473
464
431
442
469
461
473
501
471
499
486
473
479
471
459
489
440
490
494
464
487
502
493
490
489
471
466
471
446
482
485
462
439
472
464
447
468
498
483
467
493
439
486
476
466
487
495
475
454
476
493
501
466
493
494
468
463
500
454
493
478
478
490
454
490
473
497
489
504
496
465
496
542
462
487
535
468
453
451
488
486
501
460
494
486
484
463
477
479
468
467
440
540
499
497
490
486
470
501
474
511
479
510
489
520
504
487
473
492
462
477
452
477
524
492
477
424
505
522
479
492
502
468
439
497
484
510
454
504
507
495
489
472
505
559
510
501
507
488
503
504
550
503
479
481
536
519
499
478
516
495
453
479
459
478
458
472
490
543
501
474
461
463
481
465
517
468
506
496
484
523
491
481
469
481
521
504
495
457
501
485
471
495
473
484
497
489
472
504
464
511
482
462
512
479
478
528
513
466
501
466
504
481
524
495
504
570
506
497
493
490
512
507
494
521
504
510
507
498
509
463
513
540
515
562
527
482
498
538
511
493
536
533
512
532
490
484
499
473
483
477
532
513
509
487
499
500
526
511
499
505
509
519
519
557
538
486
532
523
531
514
486
501
512
480
453
484
512
477
472
513
496
514
502
534
512
529
521
518
522
527
523
530
514
519
487
523
527
483
496
525
491
529
556
498
522
541
517
471
487
480
533
528
531
525
526
532
526
518
497
491
490
525
525
500
501
488
543
528
467
535
544
559
562
548
522
507
539
519
527
530
541
518
549
555
508
565
515
536
527
558
489
502
537
521
543
518
535
515
505
537
551
549
550
552
528
499
549
544
527
539
551
534
577
525
525
525
544
570
578
538
518
508
537
528
541
573
547
514
507
533
529
498
555
545
531
525
522
553
524
486
538
550
521
546
560
524
543
513
524
564
560
534
533
564
550
549
566
520
569
574
514
536
550
518
561
540
550
557
548
555
587
566
515
543
533
570
596
588
588
526
523
511
604
541
535
523
556
549
566
575
537
556
537
562
502
564
567
514
602
531
545
551
578
559
612
571
568
575
532
590
539
571
596
576
557
587
543
551
608
619
547
553
594
541
523
557
562
573
612
553
587
585
545
567
612
598
585
569
591
587
580
560
586
559
609
560
591
557
571
567
601
542
597
589
522
578
581
608
577
623
577
567
569
555
598
599
570
576
573
607
560
588
614
559
612
645
588
585
610
611
579
584
610
642
654
634
563
611
556
595
617
639
657
615
614
649
622
588
603
588
632
579
623
610
615
611
593
642
614
626
607
571
638
623
617
572
653
676
605
580
655
562
635
624
595
636
597
673
637
603
636
635
594
612
574
607
671
644
600
649
678
613
610
626
627
642
618
635
614
592
622
597
602
615
617
598
609
653
619
639
608
616
620
642
628
639
636
656
624
636
637
630
608
630
654
659
636
629
639
665
647
655
668
655
659
659
637
655
665
652
643
659
640
634
604
731
684
678
673
663
652
647
672
683
674
660
661
624
628
659
669
645
636
718
674
658
660
667
706
648
698
667
673
643
690
699
677
660
695
688
694
654
671
640
702
662
680
661
687
674
695
649
663
745
736
682
680
701
679
691
726
715
721
697
699
707
694
678
687
701
720
694
720
684
713
709
723
755
730
702
697
729
686
733
670
702
681
752
727
680
751
664
708
696
761
705
693
761
758
710
739
776
773
711
739
724
735
718
752
776
731
747
756
768
719
741
793
768
765
683
786
727
795
726
696
753
749
729
715
797
739
798
798
737
764
785
756
758
787
809
785
726
748
796
750
729
782
753
769
750
774
744
783
752
773
754
757
774
756
742
791
737
760
828
756
853
824
763
845
792
789
807
769
789
840
773
819
781
813
839
780
826
776
805
841
850
821
796
794
869
811
819
865
841
867
803
852
877
793
868
830
842
849
884
849
857
833
840
850
808
811
837
819
849
852
866
891
819
856
921
819
849
864
910
890
864
887
899
898
848
832
831
889
849
863
906
796
889
942
845
878
872
904
895
856
909
898
886
882
913
829
839
805
905
850
907
821
821
788
846
842
784
842
858
795
799
790
782
759
805
791
739
819
781
801
694
761
749
721
725
723
702
750
710
698
729
702
661
669
726
663
714
706
742
692
692
668
672
666
692
684
653
669
673
679
682
630
685
623
637
664
686
686
667
679
686
689
680
647
664
665
641
691
626
611
715
622
633
649
643
680
650
676
680
652
641
670
651
690
648
641
600
665
631
675
635
697
635
623
640
622
643
556
623
641
655
659
613
602
658
608
610
642
608
624
671
673
623
646
598
611
666
655
688
630
656
660
645
582
638
592
670
660
612
650
598
653
629
580
650
634
660
619
630
594
679
656
622
653
628
657
639
621
602
613
615
574
620
559
640
599
627
595
601
585
568
601
652
611
631
571
665
654
638
615
638
589
612
596
580
621
633
607
625
589
629
643
633
605
601
583
603
577
657
613
611
595
579
597
613
636
581
628
612
662
574
617
608
588
641
612
611
606
607
608
598
564
607
559
594
593
614
581
607
586
636
609
624
577
579
600
629
554
599
585
621
593
608
625
594
575
562
572
570
568
601
560
571
593
561
587
579
575
596
559
576
577
600
562
603
535
578
563
594
590
559
599
533
593
572
563
567
598
568
539
562
607
576
595
604
595
563
589
587
590
572
566
622
580
576
578
649
606
558
570
583
586
561
602
632
539
549
573
594
591
560
603
617
547
601
583
568
550
602
621
556
605
614
599
552
563
600
609
549
587
625
578
585
632
617
597
579
616
560
631
602
550
616
594
602
616
623
550
597
576
573
658
615
583
641
625
638
624
658
634
592
609
606
602
614
601
628
652
551
557
627
604
657
622
607
625
595
618
587
642
632
603
662
617
646
625
583
607
607
641
635
608
602
646
600
647
634
590
636
619
643
563
599
621
611
593
586
643
620
608
605
607
597
565
572
560
568
572
549
559
596
547
543
532
479
485
494
493
506
523
486
468
471
488
494
499
478
483
503
483
468
472
493
440
421
463
440
448
462
478
462
413
384
434
443
428
423
406
445
419
404
421
432
433
371
426
377
413
420
400
361
428
388
390
396
374
411
403
376
414
389
398
409
403
369
383
381
359
378
407
377
402
368
377
382
409
398
379
356
342
366
362
391
344
354
339
394
392
338
362
366
397
350
362
339
361
360
361
387
375
354
369
354
319
337
337
375
390
369
346
343
358
386
359
372
361
341
336
349
366
347
356
360
348
381
402
387
375
384
422
448
544
830
1258
2030
3452
5403
7571
9761
11345
11721
10907
9602
7625
5632
4223
3100
2469
2160
1995
2134
2221
2250
2362
2468
2549
2622
2545
2450
2306
2181
2080
1962
1801
1706
1667
1553
1412
1258
1214
1164
1121
1035
1003
880
867
726
776
682
636
647
554
561
513
515
453
481
463
427
404
398
380
369
348
330
326
347
338
298
315
309
304
293
290
322
267
294
299
290
275
259
239
268
297
276
291
285
263
269
266
254
244
267
268
245
241
272
262
243
235
258
271
244
269
258
239
234
257
218
265
237
271
245
254
242
265
222
204
232
216
199
237
238
245
202
256
213
236
210
213
199
235
208
201
241
207
208
234
210
209
217
196
216
202
210
226
220
206
202
190
216
193
195
192
204
192
200
194
190
186
186
201
189
182
205
186
190
164
172
185
190
184
186
182
187
175
179
155
184
196
182
193
160
178
179
172
149
161
187
178
185
186
168
159
176
178
177
173
151
175
173
184
153
178
156
162
165
145
162
168
156
174
170
162
153
176
177
162
144
159
154
180
158
179
153
155
179
169
160
163
137
141
131
177
177
176
144
160
178
157
143
146
147
151
165
164
179
166
163
154
174
157
151
144
140
148
165
155
159
165
139
132
148
155
149
167
140
164
143
148
140
130
159
163
163
145
149
145
139
143
140
141
143
152
160
144
148
140
157
139
144
135
155
160
132
140
142
155
125
148
126
147
131
150
143
144
139
160
138
144
147
153
149
130
141
133
146
147
125
144
134
119
147
157
149
137
133
143
139
136
120
137
142
144
163
148
142
153
130
122
136
174
147
114
136
134
143
152
130
130
125
163
143
148
148
115
148
136
131
129
156
141
145
134
156
140
141
133
137
135
146
148
136
147
132
117
134
119
142
113
148
129
141
124
144
131
136
127
128
163
132
111
154
129
128
148
142
113
150
130
138
124
154
149
136
141
141
115
163
136
161
162
232
331
572
925
1650
2857
4412
6253
8135
9765
10248
9887
8577
6847
5051
3583
2715
2144
1859
1808
1770
1750
1935
1982
2204
2162
2161
2124
2024
1975
1766
1790
1529
1586
1408
1340
1190
1146
1024
997
901
866
708
680
650
639
564
547
495
418
434
383
366
323
327
283
270
255
268
240
221
198
204
215
180
179
163
163
142
165
178
167
156
143
127
145
140
138
145
136
123
144
137
136
128
138
124
131
146
116
115
146
133
148
149
112
133
127
156
137
141
140
119
123
130
131
137
112
113
118
120
131
103
112
109
112
129
126
143
122
132
113
131
120
99
113
134
127
108
128
136
115
109
116
127
112
121
111
118
113
110
130
112
115
115
121
116
119
118
129
126
131
112
111
126
122
98
136
123
109
119
105
110
108
104
93
121
125
118
117
121
108
107
114
108
115
107
113
89
104
112
104
109
103
120
104
116
127
122
113
98
107
95
110
115
100
112
118
105
103
126
113
104
119
93
95
92
115
134
117
95
106
86
118
98
110
108
111
90
98
94
110
125
102
92
115
81
133
115
105
101
111
93
123
123
107
120
117
100
97
106
100
118
114
97
102
102
108
97
105
122
87
102
105
103
98
104
113
114
98
91
113
110
120
100
107
97
95
103
80
86
106
107
90
99
109
89
95
100
100
110
110
88
107
98
104
103
117
101
108
108
101
103
97
115
103
125
109
112
101
102
110
99
102
102
111
109
99
104
125
100
110
98
101
101
106
87
89
85
101
96
105
115
95
96
112
94
96
105
107
107
96
94
89
123
85
94
95
109
112
102
118
95
102
100
128
101
106
100
94
104
97
93
99
121
122
76
89
97
82
109
74
109
76
106
101
102
91
81
92
91
108
111
93
101
103
116
86
111
100
87
92
94
99
113
96
96
97
93
95
89
93
76
104
106
98
95
77
97
75
88
103
81
101
121
86
78
113
104
84
89
87
95
107
78
110
85
96
105
73
87
96
85
108
85
91
95
83
92
101
79
84
87
106
64
96
73
98
84
72
84
87
94
86
91
73
101
102
76
69
91
96
87
88
90
71
92
80
79
79
105
97
71
76
76
115
86
80
89
87
102
88
92
75
94
91
74
88
84
94
74
113
100
98
90
96
94
89
83
85
75
80
79
82
103
97
89
83
89
100
86
74
85
76
94
94
79
88
86
88
82
74
84
81
85
93
94
76
93
84
85
82
98
101
80
72
84
85
77
68
83
104
88
93
88
95
80
97
94
87
70
82
89
90
88
72
86
94
95
95
72
82
89
85
83
91
77
94
79
94
106
89
66
69
77
74
86
84
87
75
83
78
77
86
87
86
79
102
89
85
81
85
83
91
86
110
78
87
83
92
75
75
91
95
82
85
85
73
96
80
83
85
80
79
71
79
87
75
101
87
72
90
86
97
73
85
88
75
67
84
96
88
80
92
83
70
73
73
90
83
93
78
91
75
89
93
78
58
75
78
79
78
72
71
89
75
96
72
95
85
103
90
64
76
73
73
89
77
86
83
81
73
85
71
82
77
79
81
71
91
72
70
80
56
79
78
75
92
73
85
78
85
78
76
85
88
71
90
76
78
76
73
98
80
68
75
72
79
87
83
75
64
102
73
88
72
67
94
90
82
76
76
98
77
69
62
75
83
81
67
77
84
80
90
68
66
85
64
59
74
77
79
81
58
76
82
80
80
72
78
63
79
61
81
85
81
77
81
73
67
93
86
89
76
86
81
83
95
86
71
85
96
68
68
83
74
81
85
81
67
89
78
91
75
74
86
56
70
61
54
64
87
73
81
77
81
76
80
85
84
68
65
68
92
89
66
76
58
83
73
70
86
98
67
75
71
70
79
52
74
61
70
78
71
68
67
77
79
60
83
62
71
81
76
72
74
67
69
83
70
65
68
75
65
68
74
70
72
64
65
85
82
77
76
83
76
62
84
68
74
59
78
70
80
57
71
78
65
79
64
78
80
88
72
61
75
61
65
71
65
69
73
63
81
101
68
73
75
76
69
87
73
72
64
78
76
88
73
62
62
71
65
81
63
58
66
59
60
63
62
81
74
61
81
82
75
71
75
79
83
66
74
80
63
64
65
80
71
62
63
59
74
69
75
67
56
65
64
73
82
73
75
84
78
65
68
68
61
73
70
80
73
65
63
75
67
60
70
72
73
65
67
56
78
61
67
61
75
61
73
64
67
62
70
62
64
63
70
60
93
67
60
58
61
56
85
78
61
67
63
70
73
74
74
54
73
78
60
70
75
66
69
80
63
77
64
65
55
47
74
80
76
65
71
58
58
53
67
69
71
74
60
63
48
62
54
60
59
67
66
67
60
59
66
53
77
73
74
54
83
61
65
61
73
65
70
68
75
52
62
71
59
63
72
57
58
61
69
62
64
52
70
57
67
57
58
60
61
70
62
61
68
62
68
57
54
65
59
61
67
68
68
63
66
49
63
65
69
59
56
71
59
71
65
57
70
65
73
67
60
62
62
77
70
74
53
54
74
80
63
61
51
65
56
62
67
45
68
65
54
64
70
54
63
54
65
55
64
46
52
51
61
72
69
61
63
66
59
56
66
63
76
65
65
53
47
64
60
58
73
56
55
71
72
57
64
75
66
55
74
53
67
68
55
57
56
56
77
67
67
51
69
58
64
47
57
64
46
58
45
76
64
62
49
53
59
62
66
69
66
53
68
55
52
53
74
52
59
58
64
58
54
68
63
72
69
65
63
58
55
56
57
60
62
61
54
45
71
63
59
67
52
63
46
63
73
71
55
62
54
51
70
71
58
53
66
77
67
63
51
64
44
69
52
70
58
64
58
61
65
59
46
52
70
57
61
41
55
55
54
54
60
54
79
60
64
71
56
56
65
69
61
54
77
65
58
66
74
59
50
54
57
68
53
51
54
54
53
69
57
50
57
62
56
67
57
51
55
61
62
49
66
59
66
62
52
62
69
52
54
55
52
57
48
57
55
68
59
51
52
56
41
50
56
66
66
54
67
47
69
63
53
58
51
50
60
56
57
41
49
48
56
58
53
56
50
55
57
64
54
56
62
53
61
53
66
44
59
48
65
50
62
50
63
56
64
52
64
53
58
47
72
42
55
64
56
51
62
49
45
50
61
52
49
56
55
54
67
59
49
54
52
60
53
49
55
61
45
65
62
44
60
59
43
36
60
48
58
44
37
55
54
54
54
59
44
53
43
59
57
62
51
54
46
49
61
55
61
58
61
57
52
67
63
44
59
50
45
62
55
46
47
55
58
45
49
51
63
56
55
45
43
53
56
52
60
52
48
51
57
60
54
58
45
43
50
56
59
69
59
46
50
68
56
44
51
50
59
47
54
63
52
46
62
58
49
55
52
53
51
53
30
48
51
41
45
61
51
48
61
43
49
69
59
50
48
53
42
55
52
51
50
47
48
47
63
60
62
48
53
54
46
60
53
39
55
50
57
63
42
44
46
54
55
59
47
54
44
56
56
48
59
54
37
60
48
37
50
48
48
54
39
54
58
55
47
55
49
47
57
55
57
46
58
55
73
53
45
69
45
46
52
47
57
44
63
35
53
48
59
44
50
50
47
56
57
40
69
74
50
36
54
31
53
63
57
45
55
49
67
52
56
68
42
47
48
54
44
50
66
61
58
47
49
55
51
55
46
49
63
47
51
59
60
56
52
61
50
58
53
59
42
54
44
55
54
50
44
49
59
60
52
51
47
67
54
46
48
52
54
34
47
52
61
41
39
51
44
50
42
51
53
46
50
43
35
51
47
52
37
66
55
50
39
65
47
36
41
40
44
41
40
47
52
42
45
51
34
36
36
46
60
58
51
58
43
46
46
42
44
58
50
47
48
39
46
51
42
48
70
45
44
38
46
54
47
49
46
37
49
38
49
61
43
47
53
50
42
44
53
53
45
51
46
46
55
48
59
51
42
55
54
46
45
47
42
43
43
51
56
44
37
51
48
49
34
44
48
47
47
53
47
38
55
44
31
45
42
39
40
57
35
51
46
46
42
43
47
37
37
52
45
48
38
46
39
46
51
35
43
43
36
38
49
39
43
45
48
34
49
45
45
39
42
36
46
42
41
49
40
39
47
40
43
36
37
40
35
37
43
44
44
55
39
34
43
54
31
43
45
40
42
40
46
38
48
43
40
45
46
52
42
46
53
44
41
41
46
45
48
50
39
39
49
36
50
41
40
58
49
49
51
44
49
42
36
51
42
42
50
39
39
32
43
38
36
47
47
38
53
41
36
48
47
37
38
43
38
48
40
49
42
38
40
43
43
47
44
50
44
37
44
53
38
31
45
39
42
37
42
40
39
36
40
47
38
40
51
44
38
38
53
38
45
45
42
44
43
49
37
49
40
33
36
47
49
41
41
42
40
46
35
38
40
45
41
37
35
41
48
41
33
40
37
42
36
33
38
50
39
40
33
47
39
32
63
35
34
37
42
28
38
31
38
42
31
50
28
40
32
31
38
36
41
41
45
29
38
37
47
42
39
33
41
40
46
22
34
34
48
38
51
43
42
40
36
37
32
31
42
42
45
29
29
43
32
42
31
48
40
29
41
41
35
40
43
30
34
38
37
33
41
40
37
40
49
36
43
33
30
38
37
42
31
41
33
44
33
33
48
30
33
33
37
35
42
41
38
43
33
31
34
32
28
36
36
33
43
30
45
36
44
42
35
46
38
28
39
32
40
24
36
34
44
35
50
40
36
38
45
38
39
30
41
37
31
39
28
45
39
31
29
29
31
36
35
45
41
35
33
39
36
35
33
23
33
36
38
42
29
32
31
36
41
34
33
39
28
41
36
37
24
30
32
41
38
18
38
38
34
33
34
30
27
27
30
30
35
29
37
34
34
40
36
31
40
45
38
45
34
39
28
28
36
29
35
31
29
34
39
27
31
38
20
31
32
33
25
29
29
23
33
30
24
35
40
26
33
32
40
34
33
33
38
27
36
29
32
30
37
30
39
41
43
26
30
36
33
31
39
22
32
39
29
37
31
33
29
41
31
38
26
29
30
34
37
28
32
23
42
24
34
34
30
33
31
43
36
39
30
29
37
32
32
33
31
32
38
38
37
29
26
30
29
40
25
32
37
29
36
32
34
21
26
29
32
25
42
29
26
25
39
33
38
25
30
30
38
29
26
17
30
29
29
31
38
41
32
27
26
27
28
28
37
30
23
33
34
27
35
26
32
28
30
36
30
25
30
29
27
35
30
32
34
29
21
40
32
31
37
31
32
36
32
28
31
26
26
38
34
31
33
30
31
31
40
24
29
34
26
27
32
28
32
37
32
23
26
34
36
26
36
35
33
19
39
34
36
25
37
30
31
34
28
33
40
32
25
36
23
44
26
35
33
34
28
49
31
28
30
23
38
26
26
29
29
39
35
31
24
33
23
23
31
33
33
31
29
25
32
40
37
26
41
29
40
33
37
24
30
28
28
32
21
37
20
30
42
33
35
30
23
35
30
32
25
35
39
20
29
37
35
32
33
26
34
35
24
28
22
19
31
38
28
32
29
24
33
33
33
32
25
27
25
31
22
28
27
32
36
35
33
29
43
36
29
43
35
41
34
24
19
32
29
35
34
42
22
32
38
27
36
21
34
26
33
39
34
20
37
26
22
29
34
29
32
29
28
25
25
27
31
31
27
18
20
22
30
43
31
21
32
33
26
25
32
27
27
26
19
19
21
25
25
19
28
18
32
19
22
24
20
24
24
19
20
32
32
23
29
23
29
30
26
22
24
29
18
24
24
19
24
30
21
28
27
30
33
26
11
20
24
16
21
25
22
25
28
28
19
34
19
25
15
26
21
27
21
17
18
28
30
20
22
23
19
22
24
26
24
23
20
24
20
22
20
25
29
26
17
21
28
14
29
28
25
30
19
27
18
24
13
25
23
25
23
22
28
18
16
27
13
25
17
20
19
24
27
28
21
27
23
24
19
20
11
23
26
15
25
24
15
20
14
22
18
24
22
21
15
12
22
18
24
26
19
28
17
20
18
31
21
17
25
20
15
24
23
16
20
10
17
13
18
18
13
20
9
17
19
17
28
23
16
16
14
19
22
12
20
22
18
15
18
22
14
16
22
17
19
12
15
17
13
18
22
18
21
15
20
13
22
19
10
12
20
16
17
24
13
20
19
15
13
14
18
17
24
25
21
20
11
16
15
23
13
17
15
13
17
13
21
13
13
15
8
16
13
18
18
20
19
18
17
20
9
12
18
15
21
14
18
21
11
22
13
16
17
9
15
12
17
6
15
8
7
8
5
10
17
12
29
11
14
15
15
18
17
10
8
17
9
14
17
14
17
13
14
19
15
15
20
14
15
18
14
8
16
12
13
14
18
12
15
10
14
15
11
11
11
13
13
21
14
13
20
13
14
11
14
14
10
19
17
11
9
8
7
10
15
5
10
8
17
14
16
21
18
15
16
12
21
15
12
9
11
15
9
8
10
5
11
12
14
19
12
15
8
18
16
15
10
17
11
16
11
12
18
5
9
17
11
13
11
15
9
15
15
16
12
10
9
7
14
6
13
13
10
11
18
11
10
15
19
7
15
13
9
18
9
16
12
6
9
13
11
9
6
15
12
12
11
9
8
19
16
14
11
10
16
13
12
7
14
16
9
17
7
11
5
10
12
10
11
14
12
15
10
13
14
16
16
15
9
17
11
8
6
11
8
11
14
10
17
13
10
8
11
15
10
10
8
7
11
7
10
12
7
11
14
9
15
12
8
15
8
10
10
9
8
11
8
11
10
10
19
13
15
8
12
9
11
13
8
14
12
5
8
8
6
8
11
13
17
16
13
10
11
14
12
13
16
13
11
10
8
13
15
17
12
18
14
15
11
16
11
14
11
17
14
21
16
20
24
28
48
70
87
100
90
122
127
110
120
95
80
70
51
42
31
39
38
29
33
28
31
27
35
37
28
37
24
29
26
25
12
23
22
19
14
14
15
11
18
12
11
19
12
13
15
9
10
14
11
7
6
7
9
3
10
9
12
10
4
9
7
10
14
10
11
8
4
6
8
8
7
12
10
8
10
4
3
9
3
10
8
6
12
7
6
16
9
1
6
4
10
5
2
5
15
7
8
13
5
10
5
10
13
8
2
3
8
6
4
6
10
9
4
3
6
8
13
6
6
9
7
9
13
6
4
12
4
5
11
4
3
7
8
3
4
6
8
8
4
7
7
7
11
9
7
9
10
8
9
6
7
4
8
9
7
13
10
8
4
9
8
9
5
9
2
10
9
5
5
6
8
5
6
5
6
5
8
12
7
5
5
7
5
5
3
8
14
4
8
3
3
6
4
5
6
4
4
11
9
3
4
4
4
6
4
6
10
6
5
9
8
5
9
4
6
11
3
11
6
6
5
7
3
6
5
5
6
5
6
3
9
15
6
10
10
4
9
7
6
8
3
9
4
4
7
4
4
6
5
10
6
7
5
1
10
12
6
13
6
7
3
9
5
4
6
4
8
10
8
5
5
4
4
9
5
5
6
5
4
2
10
6
7
8
15
6
5
7
5
6
5
8
7
6
5
13
5
7
2
4
8
6
4
7
6
4
9
6
9
6
10
8
5
3
12
4
4
6
6
6
4
8
7
3
4
6
1
5
4
5
5
7
4
6
6
8
7
6
4
3
7
8
12
7
8
5
12
5
2
10
1
7
3
9
5
6
3
5
8
7
8
7
6
5
4
4
6
4
5
12
4
4
4
8
4
1
8
3
6
7
5
6
12
6
3
6
6
5
13
5
2
5
8
6
6
4
10
6
12
7
8
9
4
12
4
7
9
5
5
10
9
10
6
11
6
9
7
11
10
8
6
9
7
3
5
8
2
6
3
5
8
0
3
5
5
3
6
2
4
5
3
5
4
3
8
6
2
7
6
6
8
11
8
8
7
10
8
4
3
1
2
3
6
2
5
6
4
6
1
7
6
5
4
2
5
1
6
3
3
6
6
5
5
2
4
2
6
5
9
6
4
3
2
4
3
6
0
7
2
6
1
4
5
7
4
1
4
5
2
1
7
5
3
4
4
5
3
1
4
2
7
2
3
2
6
3
3
4
3
7
6
3
5
5
1
2
0
1
2
8
0
4
3
4
8
5
7
4
3
4
9
8
2
4
5
3
5
5
9
5
7
7
6
4
4
4
4
3
4
2
0
3
3
4
3
5
5
5
6
5
5
4
3
6
6
1
7
7
6
5
3
4
5
7
6
3
3
4
4
4
4
1
5
2
3
5
7
3
2
4
7
8
4
3
2
7
6
6
4
7
2
7
2
12
1
2
5
5
6
3
2
7
4
4
1
2
1
3
3
2
5
5
1
4
6
5
4
2
3
4
1
4
4
3
3
9
2
1
4
4
7
0
2
4
6
4
3
9
3
4
5
1
5
2
1
3
5
2
5
4
3
4
3
5
3
3
2
7
2
3
3
5
3
6
3
2
4
3
2
1
1
2
5
2
3
2
6
3
2
3
3
7
1
3
5
2
3
2
9
1
3
1
2
2
4
5
1
2
7
5
1
4
4
3
5
3
0
4
2
3
5
1
3
4
4
4
2
3
2
3
5
4
5
8
7
2
3
2
1
5
1
4
3
4
4
5
3
4
2
4
3
4
2
2
1
6
1
5
5
6
2
5
7
3
5
8
2
3
4
4
1
3
2
2
2
2
3
4
2
2
5
6
2
1
3
0
3
1
0
5
1
1
3
3
3
0
4
0
1
4
4
6
4
2
2
4
4
4
4
2
4
2
1
2
4
4
2
7
3
0
3
3
2
7
1
2
6
3
3
0
3
4
6
3
3
3
1
4
2
3
2
1
5
4
4
3
1
1
5
5
6
4
3
4
4
1
7
3
3
3
4
1
3
4
1
3
5
3
4
6
3
2
1
1
1
4
2
1
4
3
3
0
2
1
6
1
2
2
4
4
3
1
4
5
4
2
2
2
3
3
1
1
6
3
2
2
3
1
2
3
4
6
3
1
1
4
1
3
3
6
3
1
4
1
4
9
1
1
0
3
5
3
2
1
2
5
3
2
3
5
7
4
1
6
3
3
2
3
2
4
1
2
3
1
2
2
1
3
1
2
0
3
0
1
0
3
1
5
1
5
6
3
4
3
4
3
4
3
1
5
1
3
3
1
4
3
3
6
6
4
2
6
1
6
8
2
1
3
4
2
4
5
4
4
1
4
2
2
3
4
3
2
2
2
3
4
0
2
3
0
4
0
1
0
2
4
3
3
5
2
3
1
2
5
1
1
6
4
4
1
0
2
3
0
2
3
5
4
2
3
3
3
3
4
2
3
2
3
1
3
0
0
2
1
3
2
5
4
1
3
5
3
1
2
1
2
2
6
2
4
2
5
2
0
2
2
4
5
2
1
3
2
3
1
0
1
3
4
5
1
2
3
4
4
4
1
4
1
3
3
1
2
1
3
1
4
2
4
1
3
2
4
4
0
2
0
3
2
3
3
3
5
0
2
1
2
2
3
3
3
3
1
1
1
3
3
4
2
4
2
3
1
2
3
6
2
0
4
3
1
5
4
0
6
3
4
1
1
2
2
7
3
1
1
7
7
4
2
3
3
1
5
1
1
4
1
2
3
6
3
2
3
1
5
4
1
0
1
1
1
1
2
2
1
2
4
2
1
3
1
3
2
3
0
0
2
3
1
1
3
3
1
2
1
0
4
2
3
1
1
6
0
3
4
1
4
3
4
1
5
2
0
4
3
2
1
2
1
1
3
2
4
1
2
2
1
3
4
5
1
0
0
2
1
0
6
4
0
2
1
2
0
3
0
2
0
4
4
4
1
4
1
3
1
0
4
2
1
1
2
4
2
0
1
0
4
1
0
3
0
3
1
4
2
2
1
2
3
1
1
2
1
6
0
2
1
1
0
1
3
1
2
7
3
1
1
1
3
4
0
0
1
2
4
5
1
2
2
1
1
3
3
1
0
3
2
3
3
3
3
2
2
4
3
6
2
4
2
1
4
2
5
1
2
3
4
1
1
0
1
1
1
1
3
1
5
0
1
3
0
0
3
3
1
1
4
0
3
5
1
2
0
2
1
6
5
2
2
3
0
0
0
1
2
0
1
1
2
3
1
3
0
1
1
0
1
2
0
1
4
1
2
4
3
2
6
3
2
1
2
2
1
0
2
2
2
0
2
1
1
2
0
1
1
2
0
5
3
1
3
2
3
2
2
0
1
0
3
3
0
2
0
2
3
2
4
2
4
2
0
0
5
1
2
5
3
3
3
4
5
2
0
1
3
2
0
1
2
4
3
2
4
4
0
1
2
0
1
5
2
2
1
0
3
4
1
2
2
0
2
2
3
4
0
2
2
1
1
1
6
0
2
1
4
4
1
0
5
1
1
1
2
0
5
2
0
0
1
1
2
3
3
3
2
4
3
1
3
2
2
3
4
2
3
1
1
2
3
4
3
4
4
2
0
2
2
3
3
3
4
1
1
1
0
2
0
4
1
1
0
1
1
0
0
3
0
2
2
2
1
1
1
3
1
3
3
0
0
1
1
2
2
2
0
2
3
1
0
2
1
2
1
2
2
4
1
1
3
1
2
0
0
2
0
2
1
1
4
0
2
0
1
2
2
1
3
1
3
2
0
2
2
2
0
1
2
11
19
21
18
11
21
15
21
18
15
18
18
10
16
15
17
14
17
16
19
18
19
6
12
16
15
15
21
16
16
12
12
16
19
16
14
14
13
20
20
14
10
10
11
18
20
13
22
10
17
15
11
12
14
9
14
9
8
17
4
12
23
9
13
14
15
17
19
20
12
14
14
19
14
21
12
11
7
12
20
12
18
14
16
12
10
17
13
9
15
15
14
11
14
15
8
18
6
6
17
15
16
16
11
4
10
13
7
13
13
15
7
9
14
13
16
9
6
13
14
15
19
9
9
6
19
12
6