0
0
0
0
0
0
0
0
0
0
0
0
0
0
0
0
0
0
0
0
0
0
0
0
0
0
0
0
0
0
0
0
0
0
0
0
0
0
0
0
0
0
0
0
0
0
0
0
0
0
0
0
1
4
9
8
8
8
16
14
17
29
25
29
37
45
33
38
33
42
51
38
45
53
47
39
48
63
50
54
50
68
60
58
64
58
44
61
56
62
63
66
64
76
78
57
75
75
102
138
168
217
311
482
743
1137
1995
3001
3397
3301
2982
2719
2437
1963
1428
1118
755
568
407
360
301
236
245
250
268
251
321
305
344
440
436
510
579
674
777
810
871
955
1104
1222
1247
1272
1262
1237
1007
867
691
549
507
381
378
306
328
335
394
459
533
616
648
775
865
962
987
1045
1039
934
856
706
660
538
440
442
414
427
540
590
632
698
823
863
897
1010
878
802
695
644
571
513
485
537
534
541
639
667
749
859
803
896
902
837
671
628
568
591
462
548
558
574
650
785
771
798
813
771
817
787
760
735
607
580
558
565
582
625
644
687
733
750
750
730
795
783
799
753
716
682
692
593
600
704
644
637
647
681
740
634
736
669
710
735
724
734
750
725
783
688
661
706
679
682
622
695
647
647
705
644
760
691
723
690
719
742
708
707
719
744
739
738
733
757
712
664
674
719
738
761
658
647
716
685
710
707
732
645
701
683
705
772
712
744
731
732
670
705
711
730
740
748
742
727
739
752
703
694
679
741
712
707
706
698
692
700
711
741
716
716
687
658
708
694
643
709
688
742
700
715
680
691
705
697
706
727
695
728
715
676
742
710
660
712
709
676
667
685
724
724
683
666
687
721
649
706
756
680
692
646
683
705
688
680
664
696
667
698
685
688
686
689
709
683
680
671
669
668
679
696
667
711
679
672
643
696
711
698
591
677
693
630
667
685
672
677
664
712
691
663
686
673
659
640
712
649
685
729
653
649
687
673
641
662
680
656
632
670
654
656
685
652
663
679
659
653
687
654
637
674
628
701
689
663
661
613
712
661
647
680
631
679
652
633
659
659
632
704
648
670
663
692
694
696
681
670
648
692
651
634
640
667
656
691
650
693
658
690
677
727
742
672
681
669
704
648
681
650
688
708
689
686
691
663
695
663
674
711
678
654
691
691
643
708
686
695
677
692
717
690
710
720
712
688
692
715
643
685
723
708
695
728
718
713
674
698
691
710
664
649
689
713
690
695
658
702
581
670
697
708
693
675
739
708
680
734
678
718
726
678
687
738
722
675
702
675
722
649
701
674
691
671
719
664
705
701
642
697
683
705
741
669
699
685
625
727
680
689
684
661
686
670
697
680
684
666
694
665
674
714
684
716
680
668
640
646
689
665
656
678
689
644
678
649
671
667
617
681
594
665
644
662
675
656
656
667
633
718
710
632
707
704
657
632
613
673
634
638
653
632
672
650
642
662
648
598
601
649
650
635
660
667
632
645
649
666
664
655
638
641
603
715
654
617
632
670
658
637
663
678
641
668
608
638
637
644
642
586
647
643
634
686
623
673
628
618
638
649
650
584
654
633
602
637
630
628
645
657
638
574
663
624
641
634
609
652
593
624
645
632
622
656
644
656
581
635
589
667
648
619
604
596
631
607
594
614
637
623
602
628
606
579
625
624
596
603
572
608
608
608
662
643
612
671
625
597
636
620
588
657
613
588
601
569
569
593
606
594
576
649
572
585
582
568
607
553
582
611
591
630
596
587
599
608
576
618
605
570
611
622
574
605
558
633
606
596
565
568
613
577
583
576
602
540
578
625
558
594
577
608
612
618
575
550
560
562
630
604
613
566
594
565
575
585
534
593
575
581
559
579
553
550
576
548
513
551
547
586
600
519
545
562
560
579
584
563
587
578
567
564
514
600
596
576
538
518
535
563
571
539
586
551
541
532
585
518
577
514
524
549
556
562
540
526
554
589
557
551
568
542
559
562
501
504
530
584
556
546
555
558
539
565
534
511
545
564
529
576
493
551
538
539
512
543
526
518
554
556
538
555
537
539
542
554
583
538
567
498
483
580
529
505
545
532
538
496
518
549
528
591
480
522
543
531
542
520
508
507
528
488
563
548
577
528
522
504
560
559
487
498
518
550
521
501
495
501
534
511
512
496
522
511
507
507
529
497
507
505
549
557
535
520
514
524
549
500
534
520
549
525
503
507
507
487
496
488
505
504
514
501
504
508
484
514
486
541
496
487
487
495
495
526
514
480
506
486
538
508
470
522
475
535
547
540
456
500
517
447
500
490
501
492
519
550
549
466
506
486
515
486
487
496
484
518
474
524
490
523
474
487
500
487
487
544
483
531
484
460
473
546
510
460
511
458
467
459
480
494
491
505
474
502
494
509
453
519
502
532
504
501
466
530
500
513
502
494
465
532
484
486
474
478
462
490
511
493
460
499
528
485
491
495
497
539
471
514
516
496
455
522
501
505
450
483
514
506
526
490
511
512
513
478
472
490
527
454
499
499
502
463
486
494
509
468
527
504
484
516
470
510
456
525
504
503
477
489
521
453
474
491
496
501
508
489
489
480
533
513
457
494
510
403
484
530
506
459
518
511
485
475
486
513
495
461
486
487
480
448
483
420
468
447
464
452
498
501
478
531
475
476
500
533
494
465
504
471
547
494
516
458
482
480
479
452
463
462
470
501
450
438
484
470
485
465
457
462
480
463
502
440
470
449
460
448
427
464
494
474
491
457
455
434
461
503
495
513
465
482
475
452
463
480
517
509
466
480
464
472
474
500
454
464
416
474
469
439
463
427
455
459
447
462
460
486
493
476
481
436
467
512
479
461
439
513
484
466
520
499
466
451
499
513
527
483
497
491
482
534
464
448
481
515
451
423
461
451
459
448
496
462
455
466
469
509
463
466
521
463
447
423
478
491
470
441
476
478
487
507
442
450
517
450
447
457
418
445
454
429
466
483
481
499
453
484
476
453
434
470
464
462
472
446
451
451
456
478
483
472
501
459
475
520
494
459
455
488
451
489
454
456
478
446
463
451
470
436
483
475
483
462
440
448
480
452
499
462
455
454
485
480
480
440
487
459
485
482
513
489
464
468
471
428
464
464
456
476
476
509
468
496
478
456
506
439
468
435
427
502
493
439
442
452
460
510
465
528
453
466
489
485
466
461
448
436
464
425
463
477
486
476
452
430
456
434
422
395
458
494
500
443
456
458
457
447
454
480
491
457
511
511
510
471
459
458
423
460
468
450
453
468
446
463
494
486
499
484
494
490
460
462
423
486
459
481
446
472
453
459
464
455
465
480
470
468
506
441
461
455
453
462
480
461
469
467
448
430
496
456
409
439
463
503
459
452
491
520
494
447
432
420
477
510
463
443
436
461
432
470
468
484
489
464
444
437
490
469
475
455
477
510
499
502
466
434
503
433
443
462
435
485
450
469
490
483
442
423
470
477
468
452
443
464
472
445
466
441
518
475
499
480
476
471
447
448
484
496
444
480
501
480
443
450
409
470
470
505
466
470
398
462
483
509
498
463
491
489
470
453
467
458
454
441
474
463
494
518
474
451
450
458
486
488
453
452
482
443
432
451
487
457
430
481
456
430
469
510
456
483
447
485
486
484
488
461
416
463
413
429
463
448
428
479
460
422
463
505
443
483
439
454
450
482
501
460
453
447
467
460
483
470
455
445
478
507
482
482
522
512
437
480
464
470
482
482
477
442
479
452
482
495
437
474
487
462
466
467
435
471
475
476
481
478
463
465
519
489
460
484
443
486
456
477
489
483
461
462
482
495
508
445
500
497
495
475
483
478
501
443
529
523
493
472
512
477
498
522
499
453
502
499
497
487
443
482
496
516
500
488
500
496
454
491
459
523
483
453
492
456
507
450
506
459
491
482
476
486
480
488
499
488
470
505
526
499
467
511
483
468
490
479
486
445
525
526
480
487
427
470
505
459
489
473
461
458
490
456
487
524
504
527
466
463
504
474
455
517
473
509
469
501
469
473
495
480
454
522
495
494
472
495
444
488
497
501
476
511
476
496
466
490
513
484
475
470
483
522
471
484
485
459
522
502
508
463
481
476
461
475
470
487
485
495
501
534
508
529
480
503
524
481
465
476
507
462
511
457
519
551
494
453
500
502
517
509
486
495
470
514
521
471
498
526
484
470
486
473
522
485
493
467
491
485
494
534
510
500
511
496
539
486
492
498
527
512
492
496
487
505
496
493
535
461
481
518
482
508
530
458
518
534
481
543
529
523
515
500
522
524
504
514
469
506
492
490
446
478
491
523
500
512
457
497
520
516
516
556
536
502
517
546
504
509
504
523
507
471
501
530
494
502
541
540
521
518
513
499
507
531
511
541
521
544
526
527
516
520
554
517
522
496
506
537
530
499
547
501
519
516
528
550
526
522
515
514
506
574
570
509
497
509
546
516
505
511
517
556
504
531
536
512
566
536
537
533
543
517
546
507
497
503
547
513
545
516
517
538
566
523
547
536
521
486
498
581
548
529
500
563
527
544
524
566
561
521
503
516
521
542
526
537
526
554
544
528
587
551
565
526
538
553
541
484
551
584
549
549
541
534
546
552
533
562
568
576
528
566
534
558
558
531
540
522
523
528
546
573
578
505
529
562
558
548
589
599
555
586
529
588
563
570
574
580
558
574
566
580
602
575
596
551
550
566
590
579
608
598
553
549
542
550
595
574
562
583
524
570
568
588
561
558
587
581
579
556
536
558
576
592
551
568
638
567
580
563
594
580
553
584
547
490
607
591
588
629
563
575
550
598
551
578
592
566
526
581
577
587
588
586
600
575
571
575
555
593
556
562
621
592
612
585
613
602
594
556
588
585
591
637
503
577
550
600
586
619
595
624
604
621
634
604
616
570
576
577
613
616
641
563
644
591
606
588
626
608
576
639
608
613
608
637
661
611
629
607
588
571
616
636
589
651
603
652
550
589
586
596
611
574
609
631
634
614
636
624
623
591
630
645
657
662
642
657
670
619
632
603
592
652
591
653
597
633
607
629
659
670
618
603
678
615
646
673
582
640
625
658
652
662
642
641
650
647
632
654
669
626
672
655
636
631
639
694
669
653
685
678
639
679
631
656
661
671
629
673
621
701
641
654
668
676
626
678
684
644
664
694
625
680
683
703
644
657
657
674
723
712
714
691
689
652
662
660
727
721
728
718
654
672
692
748
678
686
664
695
700
686
695
634
748
662
705
708
711
733
697
704
763
736
768
713
726
672
721
718
737
740
729
752
715
699
698
732
730
708
671
727
686
676
740
708
776
737
758
703
701
737
746
725
693
788
756
720
689
703
719
741
718
712
763
756
740
727
721
776
753
816
720
773
797
769
793
728
770
763
773
715
700
762
730
743
754
786
808
803
788
760
769
755
776
785
782
826
784
719
738
764
792
782
814
784
790
822
776
797
798
768
754
814
756
814
781
823
767
804
811
815
789
756
802
829
755
826
758
800
756
759
785
763
774
764
776
755
761
713
740
699
735
707
725
725
710
717
701
654
673
654
677
705
660
650
641
687
632
706
670
621
628
666
657
661
610
619
634
623
638
579
632
622
636
657
662
580
601
644
597
589
619
586
638
630
605
625
617
594
643
633
637
575
643
624
592
621
624
584
600
617
595
619
556
595
601
637
648
590
570
583
609
600
583
607
576
583
635
568
607
606
594
575
613
570
593
564
558
596
566
589
565
584
604
582
556
626
601
626
569
610
554
580
618
574
613
540
605
556
558
549
542
618
591
558
589
600
574
546
571
549
548
561
592
597
584
544
584
563
547
575
538
548
512
581
569
546
563
602
526
619
564
560
599
553
584
567
521
578
563
533
552
547
594
564
575
530
589
539
508
590
609
558
574
562
580
569
575
590
550
518
516
580
525
550
550
580
543
507
592
562
605
539
535
568
552
577
568
516
548
542
555
539
544
520
553
538
564
565
641
518
567
582
553
508
557
500
529
555
533
502
525
541
537
556
507
611
579
502
551
518
568
549
528
524
530
572
537
567
556
514
521
557
523
523
537
503
574
520
519
509
531
535
566
529
579
520
472
532
530
543
563
564
527
502
547
534
559
569
548
536
531
492
494
525
565
548
546
516
522
524
526
495
569
503
526
545
562
507
535
545
539
532
484
544
517
505
510
547
532
517
489
517
533
504
521
527
567
538
499
557
554
523
563
562
569
539
571
531
527
557
517
552
545
509
553
557
536
565
536
558
578
584
522
560
526
571
557
531
538
552
540
571
555
527
539
536
550
523
518
540
538
548
542
584
577
562
527
561
525
535
564
537
547
531
522
528
519
543
585
543
542
514
540
588
556
532
556
563
562
557
539
539
550
572
568
577
609
576
571
586
563
520
543
566
540
548
556
503
541
517
555
524
517
532
546
483
505
496
522
502
500
483
452
482
457
470
454
423
471
463
443
423
405
443
419
430
426
423
439
412
413
409
398
438
390
381
416
376
421
404
349
364
365
381
357
402
375
369
373
373
353
360
370
373
379
347
368
369
363
379
387
357
393
376
366
356
360
395
378
348
364
372
368
364
397
316
370
350
316
357
338
372
347
349
357
327
349
334
342
329
286
347
320
382
326
346
311
357
343
319
329
342
334
362
339
323
311
325
356
313
310
346
308
318
341
331
323
323
338
345
338
304
322
312
307
316
317
334
336
312
320
317
331
319
313
310
338
362
373
415
550
744
1214
2066
3300
5005
7167
9052
10680
10915
10043
8804
6938
5104
3859
2703
2169
2021
1864
1828
1935
1987
2217
2221
2277
2226
2241
2084
1987
1872
1754
1580
1457
1481
1261
1280
1117
1058
967
951
826
795
749
722
690
633
559
560
564
510
464
459
405
400
378
395
371
370
373
338
340
316
321
311
301
258
279
285
268
281
277
273
267
258
264
243
273
251
246
256
227
235
259
239
248
249
242
230
260
265
248
214
245
260
224
224
253
238
217
253
244
232
219
228
223
217
219
231
220
199
228
237
184
213
215
188
224
247
205
209
219
220
183
196
207
181
184
209
200
194
203
197
230
214
225
201
205
201
199
181
185
193
195
187
208
179
196
180
149
163
177
176
182
191
205
174
198
201
166
182
160
169
183
176
170
174
160
170
146
164
139
181
215
166
187
202
158
174
152
166
180
185
169
164
153
150
167
148
167
168
158
196
189
157
163
155
153
162
176
158
159
150
156
164
148
143
169
154
153
156
182
160
163
139
157
160
156
171
162
152
162
142
150
160
170
171
150
163
155
145
139
142
145
136
141
147
147
141
147
148
159
148
145
147
127
153
157
132
161
136
142
131
132
130
136
118
143
150
151
144
133
156
144
135
144
166
133
146
145
131
156
154
128
138
144
145
138
153
136
121
163
121
141
112
118
135
120
132
105
137
121
127
135
144
132
161
140
146
141
144
126
128
118
148
153
148
130
147
132
134
118
123
147
134
129
127
151
134
145
141
123
128
141
131
132
119
119
115
128
128
132
130
143
135
129
118
128
153
119
127
118
129
140
128
124
144
141
114
123
138
138
129
140
110
122
118
121
120
127
124
116
123
142
124
119
130
112
121
116
141
155
128
121
135
117
122
132
134
119
140
115
125
104
129
122
115
121
129
122
144
129
107
145
147
136
111
124
123
117
129
128
117
115
117
141
121
124
145
126
149
195
215
319
550
877
1674
2748
4283
5897
7735
9180
9463
8996
7845
6191
4636
3424
2540
2024
1654
1556
1570
1634
1684
1807
1767
1893
1865
1855
1784
1695
1571
1393
1297
1308
1074
1041
964
922
810
771
716
683
559
560
501
473
452
405
351
326
293
286
274
250
214
243
217
194
191
198
186
171
152
152
160
158
150
144
130
161
146
125
146
122
118
107
122
135
113
119
137
127
122
119
121
123
132
116
111
134
115
121
129
116
134
124
117
119
115
98
103
102
122
101
121
113
118
118
96
106
105
111
110
113
94
105
89
105
120
107
101
104
109
108
116
120
107
102
119
114
103
116
102
116
100
118
110
96
99
102
101
101
101
113
128
120
101
107
91
119
104
104
114
97
97
83
107
99
99
98
111
97
96
103
130
90
95
98
93
99
110
107
103
100
100
104
96
81
105
106
115
102
90
94
103
86
100
104
99
89
98
94
96
111
89
104
106
117
109
101
99
91
104
99
95
102
107
90
117
105
110
84
112
92
95
101
100
81
100
102
82
88
97
92
85
88
108
102
107
86
101
83
75
89
83
97
99
92
102
114
79
74
92
90
80
94
91
81
91
85
91
89
94
75
87
89
102
84
95
89
89
79
75
89
78
89
98
87
79
101
90
85
84
91
84
68
79
92
95
87
93
74
95
85
89
83
81
84
88
89
95
77
106
97
79
111
88
88
83
91
113
99
103
81
89
89
85
81
83
97
94
70
85
84
81
87
90
76
83
86
90
90
64
101
74
94
93
83
82
92
85
87
97
80
72
108
89
69
84
93
120
91
100
100
99
92
77
86
82
87
101
77
95
80
90
89
90
84
85
75
84
88
93
94
88
98
90
80
80
81
84
88
75
94
70
102
81
86
103
87
90
90
83
101
91
83
87
83
67
80
85
74
91
77
87
92
78
81
72
96
94
67
90
105
91
83
77
79
63
87
82
74
88
75
84
68
107
80
86
98
85
84
98
84
92
91
72
94
84
92
97
84
80
92
77
85
91
82
91
91
80
92
71
63
99
73
64
90
76
97
68
80
88
79
69
93
95
83
72
84
81
83
56
81
84
70
85
83
70
81
76
82
75
86
77
80
72
78
71
94
88
75
78
72
97
74
82
86
85
63
89
92
70
57
88
70
78
83
83
82
75
85
92
84
74
84
70
71
73
83
78
68
76
68
78
78
75
89
68
77
64
90
74
81
70
67
83
78
71
73
67
85
65
79
63
62
71
79
69
73
75
71
72
85
76
69
82
77
87
76
72
78
80
71
74
78
76
64
71
83
73
66
68
87
74
93
82
73
66
66
87
65
73
69
63
56
71
75
72
81
78
75
66
70
76
67
68
73
76
70
68
75
76
84
83
81
66
61
66
53
72
73
73
68
72
76
72
67
75
87
63
72
77
71
70
78
68
68
76
56
73
79
69
58
68
63
62
65
64
60
57
66
67
64
65
73
66
72
57
82
74
71
73
72
73
91
73
77
70
78
80
69
75
90
74
71
65
66
65
63
67
72
65
71
71
76
54
64
62
72
66
66
72
81
45
77
69
80
64
95
69
79
76
67
72
63
75
63
71
67
70
69
63
66
67
73
74
61
73
60
63
64
60
72
66
61
67
75
58
77
78
72
58
61
64
58
57
58
77
70
71
65
67
58
64
76
70
61
75
71
68
68
53
76
66
73
75
71
75
58
62
67
59
66
66
55
71
66
67
63
52
56
64
59
72
61
73
61
57
64
67
61
50
64
57
64
65
69
75
67
68
54
64
68
59
66
86
71
65
71
77
60
70
68
70
62
67
63
61
65
61
55
70
76
55
55
82
54
60
60
51
60
59
63
85
56
48
66
50
83
56
65
61
66
70
63
56
54
55
61
66
62
60
51
51
69
62
68
63
50
65
83
73
53
59
52
58
66
76
53
73
51
61
56
62
52
73
73
64
56
63
61
51
61
61
70
60
51
46
58
62
51
58
73
59
52
62
59
45
44
64
53
65
60
47
55
57
51
55
59
59
65
59
58
53
59
61
62
59
52
49
61
49
54
50
58
56
82
51
60
55
65
59
62
42
58
58
49
64
66
63
69
68
50
62
54
53
55
59
72
64
71
56
62
53
54
66
53
64
49
56
53
43
54
65
71
58
68
61
62
69
55
66
52
64
50
65
64
50
65
58
66
51
52
55
52
70
66
63
46
56
50
52
70
63
60
54
55
65
54
58
53
51
66
61
55
50
59
64
59
60
66
55
64
49
53
55
54
64
56
50
49
53
54
58
57
65
61
57
71
68
55
54
74
57
47
49
51
58
58
54
62
58
55
65
51
57
50
58
51
48
58
59
53
44
41
57
42
46
49
51
61
66
46
58
52
54
60
46
54
48
60
51
49
58
52
53
48
65
41
66
41
53
54
55
61
43
53
46
48
50
56
50
61
56
40
52
66
48
53
45
47
50
42
50
50
57
59
61
60
52
64
48
72
46
51
56
49
53
62
50
45
49
54
46
50
49
58
61
47
50
56
57
49
59
65
58
51
56
49
54
50
62
59
47
65
53
57
55
53
53
60
44
57
57
46
58
62
39
48
48
62
55
51
45
48
61
63
56
54
49
46
49
55
45
61
60
49
46
66
51
45
56
45
60
56
43
50
49
69
50
57
57
46
50
53
50
52
59
42
64
41
53
49
55
43
59
40
56
45
54
53
50
44
55
53
70
65
48
54
57
48
47
53
52
43
46
40
53
45
42
60
58
54
52
59
39
41
61
42
53
45
59
49
51
56
53
53
61
58
55
49
32
51
44
42
51
45
46
41
48
46
56
47
58
52
40
52
46
46
49
63
47
48
43
60
62
63
53
47
51
48
56
61
51
52
43
44
46
45
52
57
44
55
65
42
48
55
53
49
45
37
40
51
46
60
48
29
45
46
39
53
48
33
50
46
53
40
28
48
55
54
46
36
45
49
47
49
38
47
55
61
47
52
40
55
50
41
56
35
49
53
48
53
38
51
53
54
54
58
43
53
39
48
40
45
51
42
49
46
45
53
56
53
42
45
38
43
57
47
43
50
48
45
46
49
41
57
34
47
35
35
46
44
50
46
47
47
52
40
39
41
58
54
43
47
49
48
43
40
42
53
43
48
31
45
33
41
47
45
43
50
51
50
50
60
39
47
39
29
38
54
55
47
42
38
45
42
43
47
39
47
48
50
39
43
51
55
58
42
52
35
43
38
49
42
44
40
55
42
48
52
47
51
48
48
41
39
40
37
52
53
30
50
48
40
42
42
35
56
42
41
47
40
36
43
49
44
46
38
45
49
41
41
49
48
57
42
44
34
50
42
40
51
42
41
44
40
46
40
35
48
55
47
48
40
51
42
45
41
49
37
54
46
33
50
41
46
48
45
50
40
51
42
38
32
40
52
45
45
45
48
46
44
44
41
38
37
41
32
36
52
44
32
33
53
37
39
42
50
40
33
43
40
41
41
40
36
46
45
33
39
50
45
36
40
42
44
46
43
38
43
39
40
33
36
36
42
42
42
34
38
44
56
36
37
40
38
40
41
35
49
41
40
36
31
41
47
39
28
32
53
32
44
52
38
46
52
46
42
45
39
46
36
42
51
33
37
53
52
36
39
42
42
49
42
33
34
34
48
49
42
43
38
41
34
48
46
40
45
33
58
44
26
38
43
41
42
40
42
43
36
31
56
45
45
32
37
37
23
49
34
47
44
42
40
35
31
33
40
40
40
31
41
34
35
43
38
26
46
55
32
32
40
46
37
37
34
40
32
40
44
41
40
43
38
37
41
44
32
29
44
46
32
38
32
38
45
43
41
38
32
33
41
32
37
34
34
37
32
41
46
37
43
38
47
32
46
33
47
38
38
46
44
38
39
35
44
35
39
30
38
36
37
33
45
32
60
41
47
38
30
38
46
38
49
46
45
27
35
31
39
35
39
37
31
33
48
34
39
33
41
39
33
45
42
39
43
35
36
46
33
36
24
24
37
41
38
35
44
39
37
33
40
39
26
35
36
32
32
35
35
30
39
44
32
33
32
37
40
40
38
36
38
39
40
35
28
34
33
34
40
41
34
34
38
48
50
38
35
43
34
40
32
41
39
28
38
44
43
27
38
39
32
40
40
37
41
40
33
42
32
33
43
42
28
36
37
27
38
44
45
33
36
40
32
46
32
32
30
39
46
35
34
46
41
48
32
37
31
29
31
35
31
30
44
38
31
37
38
21
34
29
35
31
31
41
40
29
32
37
35
33
33
34
33
31
40
34
32
32
49
34
34
37
28
24
41
35
34
25
27
39
30
33
31
33
30
34
30
24
28
35
22
36
29
27
41
31
34
34
32
33
36
43
28
21
27
38
32
36
32
40
36
37
41
24
28
39
24
30
35
26
49
26
32
27
32
39
26
24
28
41
28
36
33
23
36
40
36
29
30
40
37
30
23
27
24
39
40
30
34
22
42
33
36
29
29
36
23
24
32
42
31
28
32
41
28
35
33
32
26
32
26
25
37
23
26
27
27
20
31
33
28
29
30
30
26
31
41
39
28
35
33
31
16
33
34
35
25
25
37
24
35
28
41
17
21
32
37
28
31
30
40
36
22
31
32
36
29
32
34
37
27
26
30
25
24
28
29
24
30
31
24
27
29
32
43
35
43
24
36
37
29
25
25
28
35
30
29
29
24
30
22
34
23
33
23
22
26
20
33
19
39
29
30
29
29
25
28
35
39
28
27
31
30
18
23
27
27
23
26
31
34
26
34
24
22
34
39
31
23
32
22
28
19
24
28
33
19
29
32
32
23
28
27
40
33
28
24
26
24
25
25
26
27
29
26
19
28
27
26
31
33
25
24
25
32
26
37
34
21
22
22
34
22
31
28
22
21
35
25
27
27
25
33
28
27
25
24
31
28
24
31
28
21
29
31
25
26
25
30
23
27
33
26
28
27
35
21
29
35
23
28
23
21
19
20
23
36
28
28
21
29
29
28
22
25
19
26
23
14
18
14
31
24
20
25
24
33
28
22
31
32
24
27
28
24
27
33
40
25
29
32
21
23
32
21
34
25
24
24
31
31
27
25
19
34
27
23
22
27
33
26
21
32
34
15
25
31
18
29
15
21
28
20
24
31
25
36
30
20
16
21
27
13
22
38
20
17
27
24
33
34
23
26
14
27
30
26
28
23
22
28
30
25
35
29
26
30
34
24
21
19
24
40
26
30
35
25
23
17
32
27
30
23
34
24
20
29
21
29
22
21
32
21
26
19
27
20
20
31
26
22
29
28
16
26
19
36
29
23
26
26
26
20
17
20
24
27
21
24
22
29
28
20
26
23
33
23
23
30
23
24
19
33
21
37
20
26
13
20
25
31
14
40
21
20
16
24
22
25
21
28
29
17
27
23
26
25
24
18
21
26
19
20
26
26
21
34
23
30
26
14
26
20
27
27
20
20
32
15
30
18
18
20
18
24
12
17
22
21
18
28
20
15
26
32
22
25
27
23
28
27
25
25
22
27
27
25
28
29
25
20
12
32
24
30
14
21
19
22
13
22
20
20
20
23
18
35
21
25
27
30
24
24
28
22
25
22
20
18
18
22
25
20
22
24
24
27
24
17
23
25
33
24
19
29
22
22
19
21
23
18
24
22
17
27
17
21
24
12
26
14
16
27
22
23
23
30
25
18
20
20
25
26
22
24
20
22
15
29
20
13
19
21
18
13
9
15
18
19
18
17
19
19
21
19
13
21
18
15
14
14
15
16
15
21
17
25
21
23
13
24
19
27
21
20
24
17
18
15
20
26
21
9
21
18
21
23
12
13
16
26
15
15
16
23
22
20
10
18
18
20
22
18
21
20
15
19
16
17
16
16
22
17
15
20
18
27
19
10
11
18
21
24
23
14
18
18
30
14
18
20
16
14
22
18
13
18
14
20
21
20
24
21
18
13
13
16
22
23
12
14
12
17
24
13
21
24
10
20
21
14
20
16
19
14
14
18
22
21
12
16
13
20
20
19
18
17
16
14
9
12
11
11
13
13
17
15
11
16
18
12
12
15
12
15
14
17
18
13
9
10
13
15
10
14
12
15
20
11
13
15
16
10
20
18
11
13
9
15
15
19
10
8
10
6
14
10
10
11
10
17
17
15
10
11
19
10
15
12
11
17
14
18
8
15
14
18
14
12
12
18
11
12
13
7
8
12
15
14
8
24
9
17
18
8
8
10
16
12
15
7
13
17
15
11
15
10
13
16
10
14
9
11
9
12
6
9
5
15
14
13
11
11
12
10
10
20
16
12
11
15
12
11
8
12
11
18
11
4
13
11
12
6
13
12
8
8
10
8
8
14
12
11
12
11
15
9
10
15
10
10
7
9
10
16
3
10
7
9
10
15
13
11
15
15
14
12
8
6
9
7
14
8
3
9
11
9
15
8
8
11
11
14
6
8
9
8
12
11
14
9
12
11
9
12
4
6
6
5
18
5
7
7
12
6
9
13
8
15
7
11
12
9
11
9
12
11
4
8
16
11
5
9
15
9
8
11
15
8
6
9
11
10
18
10
8
6
13
6
12
6
9
8
9
11
6
11
5
10
14
7
16
6
14
9
10
7
13
8
6
13
5
13
5
8
7
7
6
22
10
11
13
5
6
9
11
10
9
10
14
7
16
7
11
10
13
10
7
16
7
10
10
6
10
11
6
6
7
9
14
7
9
8
4
11
11
8
11
8
4
8
5
12
11
11
10
10
8
10
11
7
10
14
11
11
3
10
11
10
11
5
8
14
9
10
13
11
8
9
11
11
12
10
9
10
14
8
8
8
15
6
6
10
7
12
8
9
14
12
8
7
9
11
7
12
10
7
8
4
8
11
9
4
13
13
6
20
14
15
15
30
27
31
44
53
73
74
90
97
91
82
64
64
35
40
29
25
23
20
29
23
20
24
31
26
27
25
20
18
20
17
23
11
19
14
17
12
14
13
11
10
10
10
5
14
6
7
6
6
9
6
10
9
15
11
9
8
6
4
2
7
5
6
3
6
7
7
4
7
5
4
7
9
5
4
8
8
6
12
4
6
3
4
8
3
3
6
7
7
8
4
11
8
3
6
6
6
6
5
10
11
7
6
4
5
3
3
3
6
8
6
8
3
6
3
11
10
3
6
4
2
9
2
6
8
12
3
4
6
1
7
7
7
3
5
8
7
4
4
3
3
6
6
5
7
7
7
3
4
9
4
6
8
6
5
3
2
5
10
6
7
10
4
6
3
4
5
4
6
4
3
5
5
6
4
5
5
4
2
7
4
1
7
2
8
7
6
7
9
6
3
6
12
4
4
9
2
7
2
11
5
5
6
6
2
3
5
2
4
9
5
3
4
3
4
4
3
4
6
5
4
3
4
7
7
5
6
2
3
2
2
4
5
3
3
6
2
5
4
2
4
4
6
8
5
2
7
3
3
6
7
6
4
4
4
5
7
5
8
5
9
4
6
1
4
5
3
3
7
5
8
6
1
7
3
2
2
9
3
5
4
3
9
8
3
6
3
9
6
2
6
3
2
5
7
4
7
2
8
1
2
7
4
6
3
7
5
13
1
3
7
4
8
2
5
4
4
6
5
6
12
3
5
4
4
2
2
3
7
3
5
4
3
7
9
4
9
5
6
2
3
5
5
3
7
6
5
5
6
3
4
8
4
3
3
4
3
3
2
2
6
4
5
4
4
8
8
4
7
4
4
1
5
5
2
2
4
5
2
0
5
6
8
4
6
3
4
6
4
8
4
5
6
5
5
6
6
5
3
4
2
7
9
6
4
5
9
8
5
9
7
7
4
10
5
5
9
4
5
7
5
3
4
6
4
4
2
1
4
6
4
3
7
7
2
4
5
5
3
3
2
1
4
5
4
4
9
4
5
3
4
2
1
2
6
8
6
5
2
2
7
4
7
3
3
3
3
4
0
0
3
4
2
7
2
3
3
3
3
3
1
1
4
4
1
4
5
6
2
3
3
2
4
1
5
2
4
4
2
2
6
8
8
3
1
3
6
3
5
2
2
1
5
3
2
4
2
4
1
1
3
6
4
2
5
3
4
3
4
3
3
1
1
4
4
2
5
7
2
3
2
3
3
2
2
1
1
3
3
2
5
7
3
2
3
4
2
1
5
5
2
2
5
3
6
4
1
3
4
2
6
2
7
4
3
4
3
3
3
4
6
6
2
1
2
3
2
3
3
4
2
4
2
2
5
4
1
3
5
3
3
5
2
5
2
2
3
2
2
5
5
3
4
2
2
4
4
2
3
1
0
2
2
3
6
4
1
2
3
2
2
7
1
2
5
2
3
2
2
1
5
4
2
3
2
2
0
2
2
3
3
0
4
1
1
3
1
5
2
1
0
1
4
6
4
4
0
1
3
1
4
4
1
3
3
5
2
2
2
3
0
3
2
2
2
3
5
5
2
4
2
4
1
2
3
2
3
1
2
2
1
4
1
4
2
2
2
3
1
0
0
2
5
1
3
2
1
1
3
1
2
4
2
1
1
3
3
2
1
3
0
3
3
2
5
3
1
2
4
3
1
7
2
2
1
7
1
0
4
1
1
2
4
3
2
0
2
1
2
2
0
2
1
1
2
2
0
3
1
0
2
5
1
3
2
6
1
2
1
5
6
1
4
1
0
4
5
1
0
1
3
6
2
1
0
3
0
2
3
3
2
1
4
1
1
5
0
1
5
3
4
3
1
2
4
1
1
1
2
2
1
1
1
2
3
0
0
5
3
1
2
6
3
3
1
2
0
1
4
4
2
3
1
1
2
0
1
3
1
2
3
2
2
3
4
2
2
1
1
1
1
2
3
1
4
4
4
2
1
2
3
0
3
2
4
4
5
3
2
5
2
0
0
0
2
3
1
3
4
3
1
3
1
1
3
3
4
3
3
2
4
3
3
1
2
1
3
2
1
0
3
2
2
2
3
0
1
1
2
1
1
1
4
2
1
3
2
3
2
2
0
0
3
1
2
1
1
3
2
0
2
3
1
2
3
1
2
0
1
4
1
2
3
5
3
4
2
2
4
3
1
4
4
4
1
4
2
2
2
0
2
2
2
1
1
1
5
3
3
2
2
2
1
2
1
1
2
1
2
3
5
2
2
5
2
2
0
3
2
0
1
1
3
2
3
4
4
1
3
3
3
0
0
0
2
2
1
1
3
4
2
4
4
2
3
1
3
3
1
0
4
1
2
1
0
2
1
1
0
5
1
3
2
1
2
4
0
2
0
4
1
5
4
0
0
4
1
3
4
4
0
1
2
0
3
1
0
4
4
1
2
0
2
2
1
6
1
3
3
5
2
1
1
1
0
3
0
1
0
0
1
2
1
1
2
3
2
1
3
4
4
2
1
3
3
1
2
2
2
3
2
2
2
0
3
5
2
3
3
2
1
4
2
1
1
4
2
1
1
1
6
3
0
1
3
2
4
0
3
2
3
1
1
1
1
1
1
2
1
0
4
2
2
0
0
4
0
2
1
1
1
1
1
1
0
2
2
5
3
2
1
2
3
4
3
1
1
1
0
1
2
1
3
1
3
1
3
2
3
1
4
1
1
2
0
2
1
4
0
1
3
0
0
4
2
0
1
1
0
3
1
1
4
3
1
4
1
1
1
1
3
1
0
2
1
2
1
1
3
6
1
1
3
2
2
1
0
1
0
2
1
0
2
0
2
0
0
0
2
5
2
1
3
1
3
2
2
0
3
2
2
1
1
2
8
2
4
3
2
3
2
4
0
2
2
1
2
2
0
1
4
1
1
0
1
2
1
0
3
2
2
1
2
1
4
1
0
3
2
0
0
3
2
1
0
3
0
0
4
1
5
2
3
2
4
3
2
0
2
1
2
3
4
2
0
2
2
2
2
0
1
1
2
0
0
2
1
1
3
0
0
1
2
1
1
1
1
2
1
2
3
5
3
2
0
2
2
0
2
1
0
0
1
0
1
1
1
0
0
1
2
2
1
2
2
0
0
3
0
0
1
1
0
2
2
1
1
2
1
2
1
0
1
0
0
2
1
3
5
0
1
1
1
6
2
1
0
0
0
0
2
2
0
2
1
0
0
0
3
1
0
1
2
1
2
2
0
2
2
1
2
1
1
1
3
1
0
2
2
2
0
2
2
1
1
4
1
2
3
2
1
0
0
0
2
1
0
2
0
1
0
2
2
1
0
0
0
1
0
1
1
1
1
2
1
0
0
1
1
2
0
0
1
2
2
4
5
0
2
1
0
2
3
0
3
0
1
1
1
2
1
0
2
0
1
1
2
0
4
1
1
0
0
0
0
2
2
2
1
2
1
0
1
2
2
2
1
1
3
0
1
1
3
2
0
1
0
2
1
2
0
0
3
4
2
0
2
3
1
2
2
0
2
0
1
1
1
1
2
3
2
1
1
2
1
1
0
3
1
0
1
3
2
1
2
2
0
2
1
1
0
0
0
2
2
2
0
3
2
2
1
2
2
1
0
0
2
1
0
0
2
1
1
0
1
1
1
2
1
1
1
2
1
1
0
2
2
1
0
0
0
2
0
1
2
1
5
1
1
2
1
2
0
3
1
0
1
0
1
0
1
2
3
2
1
3
0
1
3
1
0
1
3
0
6
2
1
0
0
3
0
2
1
0
1
0
1
0
13
12
18
14
13
8
16
8
11
11
16
20
13
15
9
12
11
12
6
7
10
7
10
15
16
12
11
12
14
15
13
10
15
7
15
10
13
12
8
9
13
13
4
11
14
9
14
15
13
14
23
7
11
10
5
15
15
15
10
13
12
13
10
13
15
12
8
14
10
9
10
7
11
8
13
8
12
10
12
10
11
15
13
8
13
6
9
6
8
12
7
8
14
12
9
14
17
11
9
11
10
6
5
5
13
17
8
10
13
15
17
10
12
11
10
6
9
12
8
14
7
8
10
8
13
12
9
6