0
0
0
0
0
0
0
0
0
0
0
0
0
0
0
0
0
0
0
0
0
0
0
0
0
0
0
0
0
0
0
0
0
0
0
0
0
0
0
0
0
0
0
0
0
0
0
0
0
0
0
0
2
3
5
5
10
13
18
17
30
36
29
38
31
30
39
39
40
43
30
41
56
45
56
56
54
58
52
57
65
77
56
70
58
70
75
72
67
67
69
68
67
82
90
89
104
126
133
139
204
260
366
495
822
1304
2147
3086
3474
3236
2884
2526
2213
1818
1418
1029
683
506
359
312
313
255
257
266
299
312
324
351
381
408
453
538
620
699
768
796
923
1037
1039
1126
1267
1218
1241
1147
1012
833
679
526
449
384
344
338
357
346
430
437
490
604
700
807
887
987
1040
1058
1055
931
868
672
599
502
472
477
441
485
524
569
638
805
828
888
956
937
910
827
747
681
523
524
503
492
533
592
596
687
734
797
875
949
849
841
755
641
577
567
517
574
557
633
683
773
702
824
855
843
889
816
762
681
643
585
581
640
651
626
680
710
697
770
730
790
772
835
728
747
794
719
729
663
637
657
652
635
682
673
672
734
746
734
773
743
763
786
754
739
726
720
726
691
725
678
717
709
696
698
689
664
742
706
714
753
730
774
730
702
755
747
711
700
763
729
731
710
701
746
718
781
723
733
741
756
751
734
779
737
755
736
721
723
762
758
776
762
726
700
800
758
761
746
791
715
706
777
687
719
739
713
731
753
744
728
692
725
753
753
714
685
717
745
687
708
715
742
765
724
768
700
666
756
745
739
683
727
770
738
717
765
718
710
721
725
705
731
696
700
740
678
714
704
730
699
695
724
746
725
740
735
723
718
660
733
724
714
730
712
704
707
686
708
724
743
684
751
711
724
667
690
695
692
701
696
650
699
690
692
719
715
746
687
683
709
706
690
730
668
693
682
716
642
657
668
639
703
686
696
660
683
700
684
642
732
633
704
702
700
646
707
699
648
666
671
714
648
688
695
717
695
693
700
711
721
659
661
670
684
641
682
708
677
684
696
716
674
655
674
661
665
660
723
666
683
671
674
627
733
661
670
709
687
652
650
696
698
768
710
688
712
715
676
708
700
705
639
672
673
652
676
716
653
679
725
694
669
712
727
701
676
734
686
690
700
722
661
674
677
738
718
703
716
699
698
692
682
696
662
711
708
682
680
729
651
717
713
731
671
665
696
715
655
715
709
702
645
672
723
690
658
692
692
667
701
687
699
704
671
717
723
641
654
679
708
678
684
670
699
701
640
655
658
677
745
667
693
675
683
671
661
678
722
688
657
662
673
703
701
716
667
683
697
657
661
655
694
664
641
640
686
663
674
639
722
701
680
665
651
686
670
631
680
653
694
683
663
624
665
656
634
678
653
636
692
644
699
666
661
592
666
710
719
685
671
663
620
667
665
631
626
662
652
696
664
643
646
658
637
651
632
631
677
663
652
669
655
639
650
660
673
698
642
633
688
655
646
635
642
704
647
623
671
600
652
599
674
658
621
600
625
668
650
635
631
605
635
648
643
589
625
600
618
633
633
611
621
613
617
581
665
642
615
574
582
590
610
636
595
647
621
597
611
623
599
594
617
580
650
590
644
641
603
638
650
606
568
610
645
633
610
621
615
597
576
629
589
611
619
649
594
669
716
665
645
600
619
643
608
632
541
602
604
623
643
552
628
551
588
613
628
577
602
564
596
592
567
618
606
570
615
596
602
578
540
599
602
529
585
567
590
558
586
588
589
608
573
587
577
594
579
566
598
599
568
598
583
533
553
604
581
574
567
587
555
628
544
607
598
520
542
565
564
592
529
610
567
580
560
566
560
544
570
551
566
555
555
579
606
567
555
562
511
560
545
596
559
527
596
581
606
605
564
542
542
574
580
554
554
564
554
564
567
539
531
576
571
567
552
529
535
551
567
538
523
575
563
566
524
557
587
506
558
559
579
603
546
542
516
518
538
538
535
572
528
557
547
538
520
496
575
548
520
515
533
561
540
518
544
509
538
529
500
526
547
513
544
537
553
501
523
519
548
575
474
527
537
556
553
541
544
541
531
538
496
556
547
507
528
555
520
487
495
511
542
517
511
533
542
540
509
521
520
513
537
544
536
544
507
471
505
497
508
507
491
509
531
526
512
523
500
484
534
487
525
470
519
476
504
489
508
502
520
541
493
496
535
517
462
541
524
501
512
502
556
483
511
540
499
513
564
528
469
554
508
521
519
493
527
511
515
508
513
514
518
495
508
532
476
500
569
475
521
520
553
517
482
527
481
490
488
488
500
507
482
479
486
500
511
514
522
519
466
516
497
497
493
480
483
489
461
535
545
516
437
480
457
496
539
511
494
489
502
553
478
494
495
474
479
486
518
481
482
488
464
473
482
465
486
531
497
532
516
503
464
474
478
500
453
470
514
509
500
505
548
443
492
479
468
487
442
452
488
483
497
496
514
471
461
467
485
528
478
509
500
467
478
488
452
452
494
508
499
482
456
493
473
503
507
504
535
467
498
457
513
474
487
474
447
454
448
452
494
488
520
473
484
422
508
480
430
481
429
497
491
443
465
484
489
454
475
497
497
456
483
466
495
471
487
464
481
481
474
461
477
460
478
434
454
513
448
496
482
451
485
441
452
488
463
473
496
446
469
464
448
474
459
468
467
506
468
438
498
425
444
475
527
483
471
496
448
470
475
455
450
542
457
437
475
451
440
477
491
467
468
446
477
429
493
470
483
455
447
447
491
432
491
476
491
493
457
508
469
450
480
480
452
476
483
424
474
469
486
433
501
480
510
460
469
462
466
452
448
450
481
468
462
512
458
488
468
500
451
487
493
504
492
444
458
465
474
467
466
447
472
472
434
469
454
488
475
483
454
487
473
466
471
468
476
472
500
486
507
450
454
446
482
506
448
480
464
430
426
457
429
460
444
465
445
446
488
457
440
476
475
462
465
464
442
446
439
451
467
446
455
443
446
457
414
484
450
498
427
447
494
459
477
413
423
452
499
513
444
442
494
480
483
492
443
473
446
455
478
447
452
489
413
473
475
487
434
461
485
472
477
438
418
440
453
468
421
447
477
439
446
449
446
458
488
478
444
441
463
409
454
450
459
473
435
491
438
452
427
479
447
466
422
452
440
466
417
453
456
467
462
449
466
454
444
442
461
454
464
417
464
443
479
466
431
466
486
463
458
462
471
437
452
460
430
432
453
445
446
407
430
448
465
442
486
440
463
455
449
470
465
475
448
485
462
518
427
483
470
451
457
434
476
472
478
446
444
486
477
395
439
458
459
463
475
417
439
401
421
499
429
458
437
457
461
434
425
468
427
458
433
436
470
446
417
451
485
441
445
472
468
452
446
481
441
466
459
469
462
475
461
461
453
441
471
440
469
410
470
469
468
504
486
454
452
482
398
468
444
444
412
448
438
491
446
452
474
459
448
430
486
419
449
447
421
459
423
426
483
451
476
454
487
508
450
475
468
429
476
469
484
462
462
446
485
473
464
444
444
523
437
472
460
491
478
461
484
465
454
444
461
471
487
479
446
438
464
485
433
465
444
471
432
448
469
432
457
424
490
443
453
432
465
472
423
476
457
430
448
423
450
448
436
499
477
493
458
468
430
427
428
434
487
455
454
435
422
476
453
462
468
437
485
478
466
457
495
481
495
426
468
476
505
467
482
463
449
443
485
460
478
472
468
455
499
465
472
451
507
448
451
435
483
445
432
466
471
458
476
434
410
475
451
444
451
494
445
461
459
458
455
457
412
468
441
462
482
447
411
435
455
500
476
468
483
479
499
462
414
465
476
461
474
468
480
500
510
450
463
495
443
435
463
476
483
444
461
460
453
462
469
457
469
432
456
460
445
488
466
460
477
451
437
464
473
508
445
447
487
451
450
469
451
470
430
440
514
445
474
483
453
489
488
464
475
469
459
465
481
458
450
484
481
465
489
512
484
428
493
449
432
475
463
477
471
486
457
455
468
457
454
498
493
486
449
467
424
447
482
504
475
485
466
455
477
449
458
462
490
443
445
509
467
438
477
463
525
446
471
469
421
493
481
445
469
489
452
462
496
465
478
491
492
426
478
503
484
493
484
471
476
475
454
531
486
487
468
507
474
496
544
480
477
490
516
485
454
455
508
492
476
495
462
504
497
502
470
465
510
500
478
490
521
526
472
469
517
476
489
498
503
457
498
493
469
483
488
476
512
454
502
509
477
489
501
491
470
441
504
495
471
457
498
497
468
465
531
486
507
515
483
520
477
539
494
486
525
482
472
474
468
405
487
515
488
495
497
488
493
513
492
473
533
470
485
468
480
532
485
491
490
511
518
511
489
520
469
507
489
476
535
497
536
524
517
505
452
510
508
509
513
472
530
463
493
528
518
468
514
474
434
512
478
501
497
525
490
538
524
510
510
516
517
477
486
530
545
490
520
483
537
496
484
500
540
507
529
537
534
526
513
531
509
472
505
460
511
511
487
523
510
503
501
567
561
517
545
536
499
497
484
508
484
484
506
482
496
495
484
513
512
497
519
492
553
480
520
532
512
469
526
546
554
582
539
512
520
504
499
549
522
524
560
519
506
528
529
524
514
539
550
486
522
538
488
499
509
515
523
535
532
554
550
550
509
530
507
560
535
530
555
562
570
557
567
525
554
548
564
602
545
486
548
545
497
520
538
567
552
540
569
525
534
537
546
551
551
559
544
528
569
540
571
551
537
562
535
568
559
525
567
601
586
572
573
550
554
526
562
536
518
605
530
586
537
552
571
576
516
538
552
542
537
583
535
596
546
582
539
571
549
539
621
570
535
525
568
602
529
513
563
544
568
596
576
566
517
561
557
532
547
596
570
576
586
587
561
607
570
574
585
549
587
561
596
560
605
551
564
583
586
578
542
582
543
608
541
580
556
600
635
584
555
544
570
641
599
623
583
629
598
595
607
568
580
611
584
609
642
596
560
603
601
563
599
555
574
614
610
604
604
599
602
593
619
603
608
581
544
597
588
619
630
675
635
617
620
592
597
624
587
648
606
601
606
610
631
621
617
581
613
610
596
638
584
584
610
639
674
583
662
611
586
660
626
618
652
619
618
637
607
665
613
606
631
639
641
595
650
645
658
628
652
628
607
605
667
590
623
644
720
628
609
673
610
716
635
636
668
614
649
600
648
667
682
625
634
668
643
684
644
672
695
679
665
624
695
646
601
658
679
642
675
659
674
673
685
649
689
655
677
682
661
668
698
666
676
669
706
645
658
693
644
652
720
720
706
706
723
680
701
689
718
704
720
712
687
661
754
700
710
700
674
690
694
680
708
717
702
697
749
699
707
691
728
713
729
725
715
734
725
692
720
744
735
713
765
664
684
732
705
747
713
749
728
767
728
745
760
722
715
684
760
779
709
762
716
743
773
759
778
768
719
718
687
728
720
722
729
750
706
763
772
731
743
756
761
720
739
741
741
743
690
777
687
699
707
734
707
730
671
714
673
687
653
666
670
680
628
645
624
631
646
616
630
627
599
635
598
603
620
631
601
588
600
608
634
628
599
634
595
601
589
625
631
587
629
569
595
586
582
580
578
635
556
556
573
588
591
596
544
529
549
573
606
555
552
540
546
526
562
546
553
516
570
545
567
573
576
571
550
588
583
557
537
531
600
536
548
586
537
551
558
544
556
573
585
518
631
540
521
569
572
563
591
558
566
547
557
537
539
523
549
567
558
532
545
518
519
554
554
530
561
566
519
553
527
510
538
567
533
540
561
550
585
495
519
525
531
521
577
494
557
545
530
572
531
534
518
507
555
558
534
547
528
515
514
528
536
541
545
510
491
560
540
560
513
486
553
515
544
540
518
533
536
493
531
525
515
516
519
553
522
536
518
530
511
514
536
556
509
522
468
512
551
523
534
486
522
553
495
493
518
430
548
511
522
536
468
508
545
498
496
500
508
509
513
504
515
523
473
488
536
514
501
537
489
505
514
495
469
510
516
517
496
502
508
500
503
504
484
525
526
524
523
463
516
488
509
527
501
494
479
468
515
539
488
509
520
506
491
532
494
472
448
495
475
491
478
515
515
502
510
500
513
511
492
470
528
490
515
482
531
512
503
549
521
484
500
522
459
474
511
504
517
534
479
492
519
543
486
462
501
498
521
511
481
513
502
498
526
467
489
501
526
515
514
511
497
526
486
536
519
474
483
532
504
500
479
490
536
543
518
503
540
506
467
504
510
529
497
500
490
495
495
540
523
520
531
465
496
507
562
502
560
509
494
550
536
551
515
447
532
517
497
547
483
550
549
515
508
521
502
492
476
529
483
511
539
522
550
570
523
532
507
541
490
524
538
525
546
551
531
518
511
515
536
525
541
519
524
513
506
520
482
501
493
502
496
469
454
499
457
466
403
460
441
445
445
423
415
417
435
389
423
404
410
390
384
397
387
393
402
399
385
371
406
365
369
353
398
374
390
372
332
348
381
345
347
362
356
332
329
341
364
324
368
345
337
334
343
341
332
361
327
360
331
328
342
360
358
341
324
356
321
317
322
325
331
347
338
345
358
346
319
333
299
336
305
327
320
343
317
331
319
322
302
329
350
342
308
312
297
277
322
314
338
331
293
293
310
356
313
297
309
318
284
337
300
302
295
301
254
328
309
316
296
325
322
293
317
282
313
288
335
273
278
316
294
337
322
352
391
477
712
1083
1850
3028
4745
6757
8692
9954
10355
9821
8290
6725
4858
3561
2582
2072
1763
1691
1746
1736
1763
1984
2033
1945
2003
1914
1898
1679
1591
1495
1451
1303
1266
1092
1086
1006
916
871
770
729
702
657
608
532
538
541
469
421
427
384
381
324
373
352
338
317
326
260
281
301
294
300
288
256
258
259
239
242
239
228
221
217
234
257
238
234
237
234
224
236
243
245
226
224
209
206
250
220
218
233
228
195
211
244
224
232
210
229
231
225
220
213
223
214
217
226
209
206
226
209
210
230
191
209
215
208
183
164
194
203
169
179
178
178
208
159
200
203
225
179
180
197
187
194
205
186
162
180
182
182
148
177
175
173
205
178
191
183
182
188
194
194
190
159
180
166
162
181
163
161
175
149
170
164
157
152
163
138
158
161
171
181
167
182
152
168
169
146
143
164
168
164
159
158
162
158
165
154
163
154
153
151
177
157
161
154
133
122
164
141
151
120
135
136
141
158
138
163
149
120
150
161
164
116
128
149
138
138
155
145
135
134
152
133
129
162
133
137
162
141
140
136
128
116
161
144
137
138
134
139
135
119
137
150
158
128
158
138
127
107
152
128
116
132
145
128
113
128
136
133
127
130
128
152
139
128
143
112
125
134
130
112
139
129
148
123
120
133
113
139
124
115
127
120
135
123
131
137
121
129
123
122
144
135
120
110
131
118
124
123
124
138
150
125
119
131
123
112
119
127
137
129
123
140
116
128
129
126
141
118
115
101
115
115
118
125
126
115
122
128
115
113
115
115
123
112
118
128
140
128
122
123
119
111
124
122
115
112
111
110
92
118
131
131
126
121
96
101
106
122
125
133
115
118
124
112
120
129
133
104
99
118
125
126
115
123
143
137
113
122
113
94
129
109
115
105
113
107
126
114
114
122
134
118
118
127
130
109
131
104
131
111
110
132
113
137
132
114
125
138
202
267
523
841
1543
2641
4044
5779
7473
8494
9114
8778
7636
5958
4449
3083
2276
1831
1486
1409
1403
1428
1544
1608
1674
1726
1678
1599
1580
1469
1266
1234
1182
1015
1015
976
817
736
708
693
604
529
538
425
386
366
374
334
323
278
269
233
230
212
194
181
173
166
159
161
164
157
139
139
128
126
134
129
127
127
132
109
123
113
100
84
107
127
115
89
98
108
120
93
113
113
108
91
110
108
114
113
109
115
92
105
99
114
99
106
97
106
81
110
96
112
108
96
92
98
113
99
104
106
108
116
111
101
117
97
100
105
110
96
99
107
84
99
100
87
110
85
122
98
87
93
85
92
88
104
87
89
97
79
78
85
96
96
97
92
92
85
97
97
82
85
99
94
88
89
89
82
87
92
99
99
104
85
96
101
92
83
90
90
85
79
80
89
104
93
89
92
85
104
84
83
81
94
93
82
76
88
108
103
91
95
73
75
83
86
91
79
83
96
97
86
94
95
97
93
96
111
86
81
92
76
90
81
90
63
107
80
100
80
102
69
76
100
101
69
82
80
84
88
83
91
83
87
67
69
95
90
81
92
91
99
96
91
78
87
85
89
77
75
101
78
83
95
88
86
74
85
95
87
81
82
74
79
95
77
69
72
81
92
108
94
79
88
66
64
86
71
66
74
67
70
87
85
68
98
79
74
85
66
90
68
74
69
79
82
82
68
80
83
80
72
70
75
82
69
78
71
74
78
73
79
66
73
57
62
88
78
91
58
81
82
80
78
78
95
91
81
72
77
72
80
86
75
77
68
84
82
80
86
90
64
83
72
67
82
86
74
73
77
74
74
59
83
75
88
74
73
80
69
72
81
70
71
85
63
87
56
78
69
82
59
67
71
78
81
78
63
79
72
82
74
63
77
60
80
74
71
63
88
78
70
78
72
65
69
61
79
64
76
77
76
69
76
55
72
65
70
72
72
73
77
75
60
77
72
96
84
70
79
63
79
73
64
64
79
67
74
65
61
74
83
59
68
88
64
67
72
73
74
50
81
63
61
80
74
80
82
84
76
73
60
70
48
85
78
62
63
66
75
70
76
63
81
67
80
68
79
75
68
59
84
74
74
77
70
69
73
63
72
65
76
56
70
59
81
67
76
72
83
63
66
64
67
70
65
66
82
67
85
82
60
61
67
63
71
68
65
83
77
75
71
73
59
70
78
72
73
82
78
66
80
68
79
64
62
70
55
65
70
55
68
63
60
81
74
69
57
77
74
67
66
63
81
51
66
67
54
59
52
73
72
71
69
77
64
55
74
68
81
79
60
59
45
63
68
56
80
69
64
66
67
76
62
69
71
57
75
66
56
59
60
69
60
67
73
63
58
71
64
65
68
57
67
68
63
64
63
75
75
60
66
55
75
63
63
64
64
58
70
50
68
62
61
73
65
61
68
57
78
68
67
60
54
59
68
59
59
62
50
87
71
64
58
76
58
51
68
74
60
45
63
68
67
56
71
74
64
57
61
67
55
76
70
57
54
60
55
66
76
51
63
60
60
64
64
61
57
61
62
81
71
61
61
70
63
62
62
63
57
60
56
72
85
63
49
60
61
59
59
60
64
62
73
63
59
59
72
62
52
56
54
64
60
79
57
56
58
64
43
54
65
56
57
73
43
62
70
49
60
60
64
54
60
69
60
56
66
52
53
61
74
44
47
68
75
59
73
56
59
58
57
64
63
47
60
49
54
62
61
66
59
54
62
69
45
47
49
54
59
47
65
66
62
67
52
61
58
61
55
65
56
55
52
54
47
61
52
58
54
63
60
41
51
47
45
48
52
64
62
57
70
53
62
63
46
58
55
51
55
56
58
65
55
50
53
60
54
45
55
56
55
37
59
59
52
59
67
46
42
53
66
51
59
55
56
45
60
54
49
46
49
60
56
47
46
42
46
52
48
50
46
62
53
65
51
47
45
59
54
50
50
49
48
55
56
47
62
43
52
60
67
60
49
53
49
50
49
59
52
56
60
53
58
46
43
44
65
53
51
57
51
58
50
60
38
52
50
47
53
48
48
51
50
43
58
55
47
40
50
56
50
48
41
52
58
51
45
53
42
62
55
59
37
67
56
52
57
46
51
54
53
60
62
45
50
56
62
45
44
57
53
44
48
61
43
68
59
42
56
47
53
49
47
40
52
56
51
48
38
48
55
41
39
66
39
49
43
54
56
56
55
54
44
57
53
42
60
59
44
53
50
59
54
43
57
46
53
53
47
55
66
48
45
54
52
53
55
57
51
36
42
49
52
33
56
46
55
61
72
44
52
69
52
56
35
58
50
54
45
47
44
44
57
57
55
53
49
51
66
38
51
52
45
47
45
51
45
40
52
51
54
45
44
56
44
53
46
59
53
36
54
49
49
51
50
41
45
50
48
40
47
46
45
38
48
45
66
45
44
72
57
50
41
67
52
40
44
46
45
53
44
51
42
49
49
51
49
42
40
42
44
44
45
50
49
51
39
41
47
43
48
30
45
50
43
53
48
52
43
33
30
48
62
51
47
60
43
53
37
38
44
51
55
48
56
37
43
36
68
46
52
35
39
45
55
51
41
39
37
48
37
51
42
46
57
41
45
50
42
41
49
45
58
52
41
57
48
34
52
51
49
36
45
43
50
44
48
55
35
46
51
61
48
42
43
45
42
44
44
45
44
51
43
45
45
38
47
36
46
37
49
42
46
45
45
42
38
45
48
50
37
45
58
34
44
44
26
40
46
47
31
46
54
29
45
35
34
47
39
40
39
48
50
34
33
51
50
48
52
34
54
56
46
38
51
51
36
41
40
34
42
46
44
34
43
33
52
38
28
56
45
57
56
40
47
48
43
43
46
39
40
34
41
49
44
38
41
44
34
42
34
34
36
48
42
40
43
37
48
34
38
40
48
39
43
46
47
30
37
44
44
38
36
44
38
45
53
58
53
30
50
39
41
45
39
55
34
40
42
38
43
42
38
42
39
34
45
37
32
50
50
44
52
31
40
46
48
42
39
35
53
37
41
49
39
41
33
35
43
37
37
38
37
46
55
43
38
25
39
34
35
33
35
46
47
51
36
51
26
38
46
40
44
32
43
41
37
22
39
44
48
40
41
41
38
36
46
36
36
46
49
39
36
37
32
48
33
44
41
31
32
37
41
33
42
32
28
40
43
37
47
48
52
37
30
37
44
45
42
32
36
41
23
42
38
31
38
41
29
29
36
35
40
37
36
37
35
60
31
35
45
42
41
37
45
42
30
33
45
43
48
30
35
38
39
47
41
44
40
34
51
28
42
40
41
45
38
43
49
33
41
43
27
39
27
40
27
26
36
40
38
41
22
39
33
43
41
46
37
41
35
34
26
35
47
36
27
38
32
41
40
38
42
36
33
48
32
46
27
28
42
37
34
29
29
34
50
30
38
42
42
46
44
37
46
44
40
34
30
31
36
38
33
28
31
36
33
44
36
31
33
39
34
37
43
47
42
32
31
34
37
42
33
30
35
49
30
33
35
36
34
29
31
50
26
30
31
35
39
35
28
36
34
48
38
42
47
31
36
45
27
38
28
44
47
40
42
48
28
43
25
32
24
25
35
47
48
36
35
33
28
31
36
38
27
25
46
37
34
43
37
28
25
37
32
37
33
31
39
40
31
32
34
32
38
26
37
34
41
36
36
27
33
26
37
28
42
23
26
36
35
24
33
40
36
31
32
36
26
37
36
25
30
34
23
28
32
31
28
31
34
41
43
25
30
35
39
30
39
34
31
39
37
42
26
39
40
41
33
29
32
37
32
37
37
32
39
35
41
30
42
28
33
36
35
36
35
39
25
37
35
36
33
47
32
41
33
40
35
40
36
31
29
32
26
39
38
39
36
32
25
32
34
26
36
35
32
31
24
28
44
36
32
37
35
33
41
32
54
28
25
33
30
30
43
31
37
36
26
24
38
28
33
20
29
41
32
37
26
27
33
35
32
39
39
27
20
31
37
28
27
31
38
27
29
22
36
30
31
23
31
33
34
28
32
32
31
29
25
34
38
26
29
26
29
16
28
39
23
28
21
31
39
18
43
22
36
28
30
27
35
33
25
19
37
29
22
43
30
23
30
26
25
23
33
39
37
31
22
37
30
22
39
28
29
22
27
33
37
24
22
25
34
31
31
23
35
36
27
30
30
26
29
31
37
35
32
17
31
33
25
37
28
26
28
25
32
22
41
34
33
33
25
30
33
33
41
17
29
39
33
30
29
29
38
27
32
36
26
29
26
26
29
26
25
28
29
50
25
30
32
21
27
34
38
35
25
32
26
25
34
22
25
28
34
18
20
31
27
27
30
22
23
23
33
27
29
31
32
26
24
38
27
17
27
20
27
32
26
26
27
28
30
28
35
33
26
25
28
32
30
28
37
27
30
29
31
23
25
31
32
23
24
35
19
27
34
36
39
34
23
27
29
22
28
31
30
31
20
37
39
29
28
30
28
32
29
23
29
21
24
39
20
28
25
26
25
27
31
25
28
27
20
29
20
20
24
27
32
19
31
30
26
29
24
32
24
24
22
27
35
42
24
37
37
31
24
29
30
22
23
34
27
32
25
33
24
26
33
16
25
31
31
22
30
17
21
23
22
20
27
16
19
19
28
22
22
22
21
26
28
23
17
29
27
30
21
28
28
16
17
29
17
24
24
27
27
22
24
28
31
28
25
25
20
26
17
24
24
20
26
29
28
17
28
21
17
26
23
25
20
26
24
31
31
26
14
29
25
21
28
22
23
22
25
32
24
22
16
21
26
22
19
33
27
24
19
27
26
25
19
20
23
24
25
23
23
31
21
26
20
24
18
24
26
19
21
19
23
18
21
15
21
27
25
22
21
30
23
26
28
26
18
28
24
34
24
23
25
19
23
23
22
27
28
18
12
21
22
19
32
12
18
22
21
20
16
19
16
14
24
34
23
13
26
26
15
32
14
33
15
20
25
28
25
20
17
23
30
25
25
23
25
32
20
16
19
17
26
15
24
15
20
28
32
18
15
20
21
25
23
21
20
17
32
24
25
25
20
24
18
19
29
22
24
25
23
20
20
18
15
18
17
25
14
23
23
22
25
17
23
23
16
22
18
22
19
21
28
24
17
20
26
23
27
33
18
12
27
20
20
20
20
18
22
23
24
20
20
35
20
16
18
19
18
21
24
14
15
16
17
23
23
19
12
18
24
12
25
20
23
19
20
14
18
16
20
24
19
18
22
23
14
20
39
18
26
28
25
17
22
15
24
26
28
18
33
22
31
18
20
21
27
20
26
20
25
23
18
27
21
23
22
17
20
28
14
19
19
19
24
18
20
20
28
19
31
27
17
16
28
24
17
15
21
18
28
20
28
27
17
22
21
25
23
21
19
14
36
19
27
18
22
19
20
22
20
16
22
20
14
15
22
22
14
23
23
30
22
20
14
20
20
17
16
19
16
18
14
25
21
19
22
15
20
15
17
22
20
17
14
13
12
28
21
28
13
22
28
15
17
22
20
25
12
17
17
27
25
21
22
20
20
17
34
34
26
20
20
24
25
19
21
22
16
23
26
24
22
20
17
20
15
21
23
21
25
29
24
22
27
27
19
17
25
18
13
17
20
25
21
23
22
22
19
24
17
13
15
16
15
13
18
26
17
18
18
14
20
16
24
10
17
14
23
22
12
19
11
22
23
12
25
22
18
14
13
23
19
11
14
23
20
18
13
17
14
12
26
16
14
13
18
21
14
18
16
18
18
11
25
16
14
13
19
16
8
15
11
16
15
20
14
14
13
13
16
16
12
13
16
7
16
9
11
17
16
16
18
14
14
13
11
12
18
18
13
10
16
11
18
13
6
17
14
9
10
17
16
21
13
20
13
16
14
13
9
15
16
14
11
13
11
8
17
16
15
22
12
14
11
18
12
18
10
10
12
15
19
17
7
11
17
22
14
15
15
20
16
17
22
15
14
11
12
10
10
14
15
13
18
17
10
12
9
18
12
10
14
15
9
21
7
11
17
18
15
8
13
10
14
11
13
15
14
10
11
9
8
19
17
8
13
13
9
16
16
15
10
15
12
9
10
11
9
14
13
12
9
7
6
7
15
10
14
8
11
12
12
9
7
10
14
9
12
15
12
9
13
10
14
11
12
11
9
8
7
7
11
13
11
11
10
8
6
6
14
11
15
15
10
11
11
11
11
10
6
19
14
10
11
15
11
10
3
11
13
10
8
9
7
9
13
12
9
9
8
10
10
12
8
8
6
13
5
9
10
6
8
9
8
12
7
7
13
12
11
11
6
11
11
5
9
10
13
9
11
17
6
10
10
8
9
7
10
5
6
12
11
4
10
13
9
9
13
6
14
8
15
6
4
5
10
4
10
15
11
6
6
13
6
7
8
12
12
10
8
10
4
9
9
12
9
7
3
12
10
9
10
8
7
9
7
13
3
5
10
9
12
9
9
11
10
9
5
10
3
7
11
11
8
10
8
9
6
8
6
7
6
6
11
7
7
4
9
8
10
4
10
12
7
6
2
8
9
9
6
8
9
8
10
8
7
5
11
8
6
11
8
2
4
7
6
7
8
6
7
7
5
5
6
5
7
7
10
10
9
11
10
6
5
9
2
12
4
9
11
8
6
12
7
17
8
10
7
9
9
4
6
5
13
6
8
6
6
7
10
11
11
6
2
9
6
7
9
12
4
13
5
6
8
5
9
11
14
4
9
4
9
10
9
5
7
8
8
5
6
4
6
8
10
14
7
9
5
9
4
7
7
6
11
12
9
7
5
9
9
4
11
5
4
5
9
7
4
11
8
2
5
9
8
6
2
4
8
10
9
7
12
16
9
7
8
4
9
10
8
5
11
11
10
3
9
5
13
15
7
16
19
22
18
33
44
47
73
74
86
89
83
58
44
37
32
27
19
32
16
32
15
22
17
17
24
16
27
11
10
14
17
18
13
11
10
11
14
15
17
14
7
11
7
9
15
8
12
5
5
3
8
2
5
8
5
3
4
3
4
5
4
4
4
2
5
6
3
4
5
8
7
4
8
1
0
3
4
6
3
7
5
5
8
3
2
4
3
5
8
6
5
8
2
5
9
2
6
6
5
4
3
6
3
4
2
4
6
3
6
6
3
6
7
3
6
2
3
1
7
4
7
5
4
9
3
3
4
3
9
6
3
1
4
3
9
3
4
8
4
6
5
4
4
3
7
4
2
2
6
1
3
4
4
8
3
5
5
3
4
4
4
9
6
6
5
4
8
3
3
6
5
6
3
2
3
2
5
3
2
8
4
10
3
5
8
2
2
5
2
4
4
6
3
4
7
4
3
5
5
2
3
2
4
11
3
4
2
3
5
2
1
5
3
5
5
2
6
3
3
5
6
3
2
5
8
2
5
4
3
1
5
5
4
3
1
4
2
2
6
1
2
3
2
2
2
1
4
4
2
1
4
3
4
3
4
3
7
5
5
5
2
3
4
3
5
1
3
3
4
3
4
3
1
6
5
7
2
6
1
2
6
1
5
6
5
4
3
7
7
5
9
4
10
3
9
5
3
2
3
1
4
9
3
6
1
6
5
5
4
4
3
2
2
1
5
7
4
4
5
5
5
2
5
1
6
4
4
4
6
2
2
6
3
4
4
4
2
3
4
2
1
5
5
9
7
8
5
7
6
2
3
2
1
7
3
3
3
4
2
6
1
6
6
3
3
6
3
5
6
3
4
1
2
4
4
4
6
5
5
5
3
5
1
6
4
2
5
5
3
6
6
3
4
3
1
4
4
2
5
7
4
3
4
2
3
3
6
4
7
6
4
10
9
8
4
6
1
5
6
10
7
1
2
5
4
5
6
3
6
3
3
2
4
4
5
2
2
3
2
5
2
2
4
4
4
6
3
4
4
3
4
2
3
3
3
6
1
2
0
2
1
2
3
1
5
2
3
3
0
0
5
1
2
2
1
3
2
1
1
1
3
2
1
6
3
2
4
2
1
2
3
1
1
3
2
3
3
3
1
2
1
4
2
3
2
2
7
3
2
1
5
4
2
4
3
3
2
3
6
2
1
1
2
1
5
4
1
2
1
7
2
3
1
1
3
2
2
5
5
4
5
3
0
0
5
5
5
4
0
6
1
3
4
1
2
4
4
2
5
5
1
3
2
4
0
3
2
1
4
2
3
1
2
6
2
5
3
2
0
1
2
5
4
2
0
2
1
1
5
6
5
0
1
3
2
1
5
3
1
0
2
0
1
2
1
3
0
1
4
1
5
3
3
0
1
7
2
1
2
1
1
3
3
4
3
3
3
1
1
3
1
2
3
1
5
1
4
2
0
1
3
0
3
1
0
3
2
2
5
3
4
1
3
4
6
1
3
1
3
5
0
1
1
3
3
3
2
3
3
0
2
4
0
2
2
5
2
1
3
1
2
5
2
2
3
3
1
0
2
0
2
5
1
0
0
4
4
2
3
1
1
2
2
2
2
1
3
4
0
3
1
2
3
4
3
2
1
2
0
4
1
0
0
3
2
4
1
3
0
3
2
1
1
1
3
2
2
0
1
1
0
3
2
3
2
1
3
3
4
2
3
2
1
3
3
2
2
0
1
0
0
3
2
5
0
4
0
3
3
4
2
2
2
1
2
2
1
0
3
2
0
4
3
1
4
0
4
2
2
3
6
5
1
2
4
1
1
0
3
0
3
3
2
2
4
0
0
5
3
0
3
1
2
1
1
1
1
1
3
2
4
1
2
0
1
2
1
1
1
3
1
0
2
1
2
3
0
0
3
0
2
4
1
3
2
2
1
4
1
2
3
0
2
2
0
2
2
0
5
1
1
1
6
2
0
4
1
2
2
4
0
2
4
1
1
4
1
2
5
0
2
0
2
2
1
2
3
5
2
0
2
1
1
2
1
1
1
4
2
1
1
0
2
1
2
5
2
2
0
2
3
1
2
1
0
3
0
3
3
3
4
2
5
2
2
5
3
1
2
1
4
0
2
1
1
0
2
1
1
3
3
4
2
1
0
1
1
0
3
1
2
2
0
1
5
0
0
1
1
4
2
1
1
1
2
0
1
2
4
0
2
0
1
2
2
1
1
1
2
2
0
0
1
3
4
1
3
0
3
1
2
2
4
3
1
1
2
3
3
0
0
1
2
1
1
1
1
2
2
3
1
3
2
2
2
1
1
2
1
2
0
1
1
1
1
0
1
2
0
1
3
2
1
2
1
0
1
0
0
2
4
1
2
2
2
3
0
1
1
1
6
3
2
1
1
2
2
3
2
2
1
3
1
2
2
2
2
2
3
2
0
1
1
0
1
4
1
3
3
0
2
1
0
2
0
1
1
1
1
0
1
0
1
0
1
0
1
1
1
3
1
2
0
0
2
0
0
1
0
2
2
0
2
2
1
2
1
1
2
0
1
1
2
1
1
0
2
0
0
0
1
1
3
2
1
4
1
0
1
0
1
2
0
1
2
2
0
0
1
0
1
1
0
1
2
2
0
2
2
1
2
1
0
1
2
0
0
4
2
4
0
1
0
1
3
4
0
0
2
1
1
2
0
1
0
1
0
2
0
2
1
1
0
2
1
0
3
0
0
0
1
2
2
0
2
2
4
0
2
4
2
2
1
0
2
1
3
0
0
1
1
0
1
1
3
5
0
0
2
1
0
1
1
2
1
3
2
1
1
0
0
1
2
2
1
1
0
1
1
0
4
0
1
1
1
1
1
2
0
0
0
3
0
0
4
1
1
1
0
2
0
1
2
1
2
0
0
3
2
1
2
1
1
0
0
0
1
0
1
0
1
0
0
1
3
2
1
0
0
2
1
1
0
2
2
0
0
1
0
1
2
1
2
2
1
1
3
0
0
0
1
5
1
1
1
3
1
0
1
4
2
0
1
1
1
1
1
0
1
2
2
2
2
0
2
1
1
0
1
2
2
1
3
0
2
2
1
0
0
1
2
3
3
2
0
3
0
1
3
1
3
0
0
3
0
0
2
1
1
3
2
0
1
2
2
1
1
2
2
1
0
1
3
2
3
0
0
0
1
1
0
0
3
0
2
0
1
0
0
0
3
0
3
1
0
2
0
1
2
1
1
0
2
2
2
1
1
2
3
1
1
1
3
1
1
0
0
1
0
1
0
1
1
1
2
4
3
3
4
0
0
1
0
3
2
2
2
1
0
1
0
0
1
0
0
2
0
2
1
2
1
1
0
1
0
2
2
0
1
3
2
1
0
1
1
5
2
1
1
2
0
1
1
1
2
0
1
2
0
1
2
1
1
1
0
4
2
0
1
1
3
0
1
0
3
2
0
2
1
5
2
0
2
1
1
1
1
5
0
0
2
1
1
1
0
0
0
0
3
0
1
2
0
2
1
0
0
2
1
1
0
1
1
0
2
3
1
3
1
1
2
0
1
0
1
2
1
1
0
1
0
1
0
2
2
1
2
2
1
2
2
0
0
4
1
3
1
1
0
0
0
0
1
1
1
0
0
0
1
1
0
0
0
1
3
2
1
0
0
2
3
1
0
0
4
2
0
1
0
0
2
2
0
0
1
1
1
2
0
2
1
1
2
1
1
0
0
0
0
1
0
3
3
1
1
0
0
1
1
1
1
0
4
0
1
1
2
1
1
0
2
2
2
0
1
2
0
0
8
9
14
10
6
10
10
8
9
11
13
9
10
8
10
11
11
11
8
7
8
11
11
12
13
6
8
5
10
10
10
10
8
8
8
14
13
7
6
10
10
5
7
12
14
8
9
9
15
0
9
8
3
10
14
9
10
7
9
10
9
11
6
8
11
8
9
15
6
13
4
6
12
8
9
12
8
4
10
8
9
11
11
10
3
12
6
14
5
8
8
11
10
10
9
15
7
8
10
10
13
10
11
10
9
8
15
7
9
7
12
10
4
8
12
9
7
5
12
4
7
9
5
6
4
11
9
9