0
0
0
0
0
0
0
0
0
0
0
0
0
0
0
0
0
0
0
0
0
0
0
0
0
0
0
0
0
0
0
0
0
0
0
0
0
1
0
0
0
0
0
0
0
0
0
0
0
0
0
2
1
3
8
8
14
14
20
15
31
32
39
51
38
39
58
46
43
41
43
49
50
62
52
58
50
54
64
64
59
58
52
62
52
74
63
61
64
80
70
79
87
86
98
96
131
142
164
201
244
340
495
688
1010
1562
2500
3381
3431
2927
2472
2140
1653
1400
1000
724
557
420
337
313
273
263
254
262
296
298
347
358
409
430
528
610
624
695
795
840
909
973
1049
1178
1152
1128
1136
991
817
647
610
487
406
323
312
322
380
369
387
477
531
604
669
770
868
932
955
1041
917
858
724
604
489
471
440
415
453
466
525
638
622
745
815
881
887
928
847
695
677
573
497
510
452
469
557
616
639
750
776
786
807
809
812
746
655
607
579
557
497
570
565
604
678
681
753
771
820
829
856
799
697
634
642
581
587
580
609
619
635
656
766
735
740
751
755
786
780
721
674
682
672
663
641
642
654
659
673
666
689
710
675
713
738
699
688
737
739
742
706
738
725
680
698
689
703
660
717
694
705
678
738
683
733
716
724
722
728
708
735
722
712
705
733
702
676
717
700
708
729
730
699
748
695
712
672
680
750
758
709
744
736
760
751
714
753
759
757
709
701
709
685
707
718
774
731
750
662
722
742
722
726
752
718
742
702
753
655
799
729
697
671
690
776
713
714
747
703
668
742
713
727
727
736
689
715
733
736
693
664
715
746
666
758
737
693
695
699
688
703
683
654
684
720
724
715
703
723
718
703
680
632
670
696
729
682
751
762
668
694
752
721
711
665
700
666
684
694
701
697
592
679
668
698
669
681
687
703
696
688
712
686
684
695
600
735
648
670
729
683
666
692
684
661
665
737
670
710
687
661
641
653
641
660
688
666
642
709
668
678
681
666
651
665
697
678
622
663
663
649
651
681
697
629
687
660
662
665
700
701
654
639
695
654
649
650
627
665
707
610
665
633
683
700
642
665
657
670
603
691
688
631
692
627
639
689
670
680
668
704
677
681
676
720
658
679
630
649
726
718
689
683
689
615
613
694
700
688
666
642
663
704
663
686
686
653
675
667
677
663
673
688
675
648
674
661
671
642
661
648
677
677
645
652
697
666
684
678
617
671
703
629
617
693
617
636
660
626
650
629
677
659
648
638
682
639
689
669
654
651
648
677
655
658
673
657
706
652
640
650
654
687
631
662
654
657
653
614
601
656
667
639
670
610
663
649
677
696
618
642
617
625
662
657
639
647
649
681
647
660
661
620
675
639
624
670
624
621
652
649
640
643
659
618
669
664
634
624
658
680
665
632
644
653
636
593
614
634
650
626
624
636
634
641
633
644
653
626
639
624
618
575
585
662
623
603
636
600
623
636
632
624
622
672
630
609
690
612
604
609
662
612
617
601
612
616
603
636
606
606
612
604
632
573
587
625
580
572
577
642
645
587
610
589
600
595
623
579
602
613
658
584
643
594
594
613
589
612
570
553
623
650
584
602
574
618
576
635
627
653
588
562
609
569
561
648
571
580
531
609
618
535
615
569
626
553
575
587
607
575
598
557
548
587
586
599
614
569
559
616
584
600
612
606
618
610
574
603
537
576
571
572
558
570
581
562
584
560
580
600
621
592
565
542
585
556
596
570
621
549
568
570
529
577
553
563
525
563
558
580
534
581
519
534
557
558
581
588
547
572
508
528
558
550
543
528
529
574
580
543
574
556
547
571
525
550
557
525
500
559
510
559
538
554
527
568
530
606
535
562
564
523
580
567
570
525
588
506
548
524
525
513
524
504
529
549
519
526
522
528
544
590
501
521
482
583
571
509
563
506
522
530
563
526
558
551
553
491
524
522
525
489
491
548
518
516
549
531
549
531
489
515
491
533
534
490
506
571
515
507
490
524
542
512
515
572
530
521
496
545
510
503
511
540
536
467
508
485
524
533
507
509
516
472
499
484
527
497
524
508
527
507
510
535
495
528
491
480
497
494
472
501
505
526
494
494
525
499
519
500
511
515
518
459
461
515
493
505
482
523
521
504
510
501
493
445
499
453
477
483
495
514
482
474
446
496
481
513
506
481
530
509
484
469
484
477
494
479
462
485
486
467
479
491
501
460
463
501
490
468
486
471
499
479
479
458
500
497
502
497
493
460
462
458
517
491
480
525
458
480
497
511
457
511
477
516
473
515
456
493
476
477
479
473
438
496
477
496
471
450
454
494
468
481
511
508
480
527
475
462
496
485
517
466
446
495
463
508
479
471
476
486
468
458
469
528
472
485
509
467
448
467
483
446
517
467
451
494
501
487
454
454
473
471
466
474
461
501
454
449
464
463
440
436
436
492
460
443
421
499
460
432
465
460
445
441
456
449
477
461
497
479
447
500
449
467
456
487
448
471
440
474
439
461
475
461
462
449
454
462
473
456
471
430
485
444
438
437
443
482
427
456
419
479
452
465
444
476
445
431
485
424
453
487
456
478
440
425
432
439
428
440
436
413
442
466
443
453
478
493
471
446
429
489
482
439
480
443
480
427
481
439
475
450
428
499
465
430
450
443
461
457
404
467
474
476
452
418
461
449
479
492
462
458
410
438
430
503
441
480
431
440
458
449
432
420
448
455
446
447
415
426
441
454
431
462
455
409
428
449
454
451
456
436
459
450
430
414
443
448
446
433
483
452
425
480
462
470
464
446
457
447
429
430
452
429
466
436
444
441
419
423
455
449
485
442
459
429
464
467
413
431
438
422
448
453
455
438
432
452
427
456
485
446
473
465
463
453
471
439
457
466
453
426
428
458
473
426
469
453
396
470
438
419
422
428
455
449
463
410
418
434
409
427
388
425
448
389
419
458
434
424
460
450
455
406
404
442
430
456
414
413
441
443
441
381
415
437
473
415
429
440
435
408
439
444
424
457
429
410
426
457
444
451
421
444
459
436
451
419
430
413
443
411
439
437
441
421
470
456
426
425
433
420
419
431
417
448
434
443
476
413
433
434
433
405
410
402
382
444
448
411
421
435
422
398
378
426
461
462
426
461
425
427
417
435
457
418
441
456
446
428
439
395
404
407
479
415
402
436
446
433
453
445
443
404
430
409
404
449
439
402
419
429
407
417
431
468
408
416
441
414
456
429
411
398
412
414
432
430
408
437
431
410
401
422
403
462
462
414
414
413
431
466
450
440
418
428
428
437
442
401
452
418
410
400
448
401
404
437
416
440
396
421
382
436
417
388
454
476
424
457
462
424
435
416
409
409
467
468
390
465
391
430
440
420
425
421
417
411
410
435
446
460
442
421
382
436
435
442
412
431
455
399
428
445
436
410
422
400
404
429
449
410
427
447
416
456
447
403
384
408
395
463
424
405
431
463
444
396
406
417
392
440
412
430
457
441
425
456
422
395
417
454
409
439
426
417
396
399
424
449
441
406
434
444
434
436
424
417
398
455
432
459
403
471
386
409
439
441
430
417
438
419
414
432
411
431
436
413
398
472
421
409
417
409
423
402
383
421
420
405
434
448
417
389
460
419
433
423
465
403
432
410
459
430
448
408
451
433
457
421
407
433
459
439
420
419
421
430
424
430
421
438
417
400
456
406
396
460
432
466
401
460
438
458
400
434
451
445
398
431
435
426
413
431
453
414
441
430
416
408
399
441
405
440
396
440
433
460
435
416
426
390
385
402
443
433
447
417
450
445
447
424
416
437
423
446
460
463
433
488
399
381
438
444
397
426
385
437
445
434
424
452
416
431
429
444
443
458
424
422
408
455
420
424
463
443
413
403
444
418
420
436
429
435
416
408
439
396
397
418
437
372
460
445
455
418
422
450
417
440
463
452
435
456
451
428
442
477
441
449
433
432
466
441
448
422
415
447
453
449
412
418
421
406
431
419
454
436
466
409
463
452
453
419
432
392
438
469
428
436
436
445
400
409
426
451
432
489
424
448
428
416
447
443
475
421
465
439
425
413
426
462
436
438
379
448
430
410
432
481
478
434
403
424
437
416
456
429
436
481
488
441
405
431
453
453
406
441
433
420
434
445
392
423
457
428
467
455
455
458
414
443
440
433
465
478
438
485
451
404
437
434
450
462
436
467
441
412
449
433
422
419
450
403
474
435
423
436
481
451
450
486
485
438
469
462
455
428
415
482
471
423
457
487
438
402
454
501
448
422
423
460
425
473
450
497
444
473
496
468
425
498
465
448
409
443
447
443
465
455
459
433
416
455
448
417
444
457
459
481
479
455
478
448
402
457
487
440
453
439
428
468
459
474
461
480
408
511
424
455
462
445
482
474
504
472
440
423
412
457
451
477
468
428
461
453
508
478
435
477
463
460
456
433
463
454
512
462
428
417
434
441
480
476
452
454
462
468
543
480
465
480
475
473
475
443
472
453
466
433
447
451
463
532
453
468
487
438
499
486
469
475
473
454
461
491
451
439
460
457
519
489
452
500
519
490
500
467
489
467
491
456
445
485
468
464
487
415
470
506
552
512
489
459
484
469
516
486
468
508
470
485
490
486
449
501
503
467
481
457
489
458
469
498
473
471
512
465
500
517
490
504
504
479
504
476
479
490
487
501
495
489
552
559
491
505
512
547
504
514
531
529
476
519
486
487
477
465
497
485
501
464
537
493
527
530
511
521
468
497
469
473
498
489
494
511
516
512
508
515
515
473
512
532
508
517
500
471
529
519
484
511
507
528
482
523
474
514
477
502
497
557
524
530
500
526
503
481
531
516
516
488
476
495
504
508
508
529
514
496
522
505
536
491
559
490
501
463
516
526
529
520
532
494
524
524
528
511
530
523
519
552
511
485
513
577
549
526
570
517
522
537
544
588
476
517
496
530
510
579
523
570
562
554
530
514
583
506
541
510
537
554
546
551
529
553
526
566
550
561
525
547
521
584
541
547
515
579
551
538
543
540
524
519
573
595
503
570
554
541
546
525
560
557
554
542
560
535
598
543
580
573
578
538
557
575
554
555
581
602
606
559
587
583
544
548
576
607
536
567
548
580
552
589
575
586
555
548
578
559
569
600
598
585
559
568
570
581
641
603
570
592
544
576
604
609
606
597
563
595
601
590
581
582
604
612
616
598
603
610
642
600
603
618
616
620
578
575
630
628
565
618
585
596
587
634
632
608
607
631
583
609
580
583
592
591
632
575
632
629
604
601
604
610
606
608
687
604
600
619
614
639
606
608
605
652
626
626
647
597
608
603
670
615
596
615
697
624
680
577
670
638
636
678
610
640
605
666
654
680
642
642
668
654
634
638
695
615
642
673
605
599
634
645
640
661
625
655
641
637
665
656
682
652
633
633
659
672
653
687
653
745
682
723
709
649
628
719
635
647
666
680
685
676
645
713
706
708
661
713
665
682
657
718
704
679
667
631
698
681
671
671
706
652
699
607
645
680
629
652
663
641
661
601
590
578
629
571
598
617
578
563
542
581
566
576
567
586
575
549
594
561
494
526
544
576
538
565
546
541
531
544
524
537
533
524
509
523
548
559
513
528
497
568
506
555
532
517
518
522
493
541
529
494
517
546
511
488
508
507
514
501
519
531
558
510
514
520
494
520
499
522
522
501
542
471
517
489
479
507
541
527
513
527
483
465
498
530
487
515
505
509
491
488
464
477
463
479
521
499
539
492
514
493
467
536
466
474
487
495
529
483
478
488
520
479
483
510
490
512
484
485
515
480
469
458
504
473
480
484
481
438
501
497
494
506
510
480
527
480
449
512
463
497
526
484
485
464
453
483
470
473
505
466
458
443
503
497
482
469
500
453
479
435
504
464
515
488
502
472
466
480
493
488
484
454
478
448
527
491
461
440
459
440
464
479
487
461
448
459
493
518
469
459
496
476
478
464
490
479
467
461
495
445
464
485
440
464
440
465
490
455
466
464
473
450
459
471
456
479
451
444
481
482
470
454
437
442
433
448
438
533
464
444
460
455
451
468
492
470
486
477
424
420
465
460
465
455
452
428
449
460
445
461
474
461
450
435
451
450
418
473
432
435
488
393
441
447
471
410
438
446
477
468
471
441
395
476
447
441
453
395
437
444
405
453
460
465
448
467
486
423
453
510
473
471
460
437
478
391
459
425
469
469
482
452
478
469
436
461
446
443
486
450
451
458
460
490
441
419
425
425
469
469
462
476
493
463
487
430
441
414
468
467
474
440
445
467
454
476
456
476
481
458
488
455
435
440
463
460
454
451
465
443
487
439
482
467
438
491
475
504
472
492
496
484
524
455
471
454
450
448
430
448
458
514
479
469
476
497
480
476
493
492
473
465
463
448
481
461
435
440
463
449
426
425
457
434
428
432
422
447
409
426
427
398
397
405
389
404
397
372
385
381
356
367
371
351
391
346
327
358
357
325
362
342
332
357
349
309
346
340
316
346
363
321
315
347
356
312
322
312
300
346
310
334
308
276
366
306
322
317
291
296
301
325
341
318
330
291
295
299
326
273
307
297
285
289
297
287
286
286
301
296
295
298
308
324
304
290
302
303
308
278
284
304
311
288
267
282
296
277
283
281
262
278
287
277
321
256
283
305
300
295
296
289
300
266
268
264
289
251
261
283
289
263
276
282
271
270
256
287
266
302
263
274
286
257
309
272
280
262
269
299
347
457
628
1117
1904
3141
4668
6476
8260
9248
9562
9120
7591
6100
4235
3038
2332
1745
1548
1449
1543
1532
1572
1618
1772
1680
1738
1600
1520
1381
1243
1167
1089
1011
913
846
785
736
657
629
581
577
515
461
467
407
376
392
373
324
356
308
319
282
287
267
245
278
247
255
228
265
233
236
234
243
225
229
244
211
226
221
245
227
215
215
195
219
188
212
212
206
197
212
211
187
211
208
210
188
190
203
197
191
199
183
235
241
196
201
176
193
209
184
164
172
190
153
176
155
170
182
179
173
189
169
184
201
168
182
183
187
135
157
169
175
174
181
139
172
144
152
177
178
155
141
151
144
160
148
162
159
184
167
159
138
152
144
155
128
160
152
136
157
143
156
175
136
139
149
165
147
154
130
130
168
124
132
135
146
124
146
124
141
137
141
152
136
131
124
142
140
148
142
139
124
117
111
121
122
120
147
141
134
128
131
142
140
135
147
132
133
121
124
126
125
124
118
123
113
122
117
124
134
114
128
129
111
104
124
123
115
109
111
119
145
124
105
98
122
133
114
107
112
129
123
126
106
119
98
89
115
102
108
106
117
119
110
119
107
101
140
101
108
119
127
111
108
101
129
93
130
107
94
122
113
117
120
111
103
101
116
120
102
75
104
112
111
115
115
112
111
113
122
126
97
114
93
113
99
106
112
123
106
124
138
116
109
110
99
90
97
116
99
116
103
96
102
104
117
108
93
116
112
90
120
86
106
111
119
106
114
109
92
120
95
111
104
113
90
101
114
116
114
97
98
89
115
91
118
101
117
112
94
112
86
86
100
97
86
95
100
101
90
104
103
104
77
95
117
94
84
89
89
81
97
98
108
97
97
126
105
83
95
88
114
88
99
103
104
118
91
95
97
117
81
116
104
96
98
108
101
104
102
110
109
111
112
94
125
95
113
109
112
94
93
117
101
96
120
136
155
169
295
497
851
1593
2692
4073
5688
7223
8097
8610
8040
6808
5300
3950
2880
2051
1542
1246
1198
1186
1267
1404
1354
1422
1383
1371
1262
1197
1145
1010
994
872
772
713
689
635
566
512
477
429
373
357
322
277
267
249
231
208
210
181
166
174
139
151
152
141
143
122
124
125
102
126
86
116
97
102
98
118
112
102
108
80
105
94
82
103
99
105
76
75
91
89
94
82
76
83
77
95
93
95
106
91
94
96
90
83
60
70
85
80
86
83
90
102
85
64
96
75
78
68
71
96
82
84
93
80
84
84
86
86
94
79
94
76
91
86
64
82
75
69
75
91
81
101
83
101
81
74
76
77
83
76
80
75
93
73
68
67
65
81
78
73
81
78
60
71
92
74
72
76
79
76
74
76
69
86
82
65
81
86
66
63
78
78
65
71
75
74
84
82
89
82
58
66
83
65
76
72
72
82
77
56
74
70
66
57
82
85
74
76
75
67
73
71
83
69
81
96
63
62
71
71
63
61
75
81
75
71
78
76
60
67
66
69
59
62
60
66
59
74
88
108
58
88
71
70
54
75
62
63
59
73
53
70
75
61
70
61
78
70
78
88
66
64
74
67
73
71
66
72
73
76
72
48
73
61
64
74
70
60
64
80
58
89
70
60
83
64
63
65
71
52
74
74
46
79
66
64
59
67
60
74
62
61
84
63
73
83
74
54
69
62
66
74
64
56
73
45
70
55
73
65
66
75
81
75
63
67
62
69
78
75
75
86
53
76
60
59
59
64
62
62
68
59
55
74
75
54
74
80
66
68
59
80
77
82
73
61
65
71
64
70
70
69
61
67
72
63
65
78
68
81
62
78
58
49
67
62
57
65
54
72
62
70
49
58
44
61
52
49
66
58
66
63
62
57
72
57
63
65
60
70
57
59
60
65
78
53
69
65
57
58
68
48
60
67
59
67
43
61
80
67
51
48
60
54
56
54
54
55
61
55
70
62
69
59
49
49
58
53
65
58
54
58
67
59
72
64
75
41
56
59
59
51
59
68
63
49
47
57
53
45
51
56
62
54
56
58
45
59
55
47
59
69
43
59
61
52
70
65
59
58
51
65
54
61
49
64
57
46
59
50
62
55
61
57
60
64
60
62
44
60
67
57
48
46
38
43
55
57
70
42
34
42
45
54
41
47
52
57
51
58
45
56
55
67
45
63
52
54
58
41
54
65
58
61
48
68
49
45
58
50
54
55
32
61
52
55
55
55
59
46
61
50
48
65
52
47
54
52
52
52
51
49
53
55
51
62
54
62
63
46
53
44
40
51
59
49
55
41
59
56
55
59
50
43
56
52
67
58
53
50
50
55
63
62
45
37
54
57
53
45
49
43
52
65
48
48
49
50
63
45
60
47
52
56
67
50
57
53
47
60
57
48
42
35
45
49
45
60
58
66
66
53
61
61
43
55
53
48
62
50
38
49
56
53
38
44
49
40
42
53
45
57
53
54
55
43
54
48
40
51
53
55
54
56
49
50
49
59
53
51
61
59
47
46
58
57
45
57
38
46
50
50
44
42
45
38
56
46
40
48
62
45
47
56
56
50
47
64
59
49
44
47
46
42
45
49
53
43
49
63
46
32
40
47
43
38
64
49
55
51
56
41
47
52
50
53
49
60
44
47
53
56
47
41
45
48
50
42
42
51
49
44
39
44
42
49
46
53
54
56
51
46
52
49
40
45
42
38
45
44
50
49
43
49
48
49
57
49
48
44
41
39
37
51
56
59
41
47
51
53
36
44
40
47
40
38
38
57
46
32
43
47
40
49
42
45
48
51
43
61
48
41
48
45
45
47
46
55
49
52
43
40
44
34
41
47
37
45
34
38
44
37
34
44
52
35
47
51
45
38
59
33
40
39
57
34
41
49
43
40
55
49
41
39
41
40
47
45
35
40
47
40
40
48
43
48
33
36
55
52
35
44
41
34
34
49
37
41
43
36
31
37
29
45
45
43
53
45
57
36
43
42
46
38
42
39
39
36
44
37
47
39
30
43
33
48
40
40
41
35
48
44
52
52
46
35
37
46
43
49
30
38
42
48
42
55
38
47
28
34
35
35
38
48
37
30
51
29
35
48
42
42
42
45
54
39
36
44
44
44
31
53
47
34
38
41
45
37
41
43
44
43
34
56
37
37
43
45
42
50
34
38
41
45
34
44
29
38
38
44
35
42
37
41
43
44
36
40
54
40
44
33
43
43
44
46
37
39
36
46
50
43
43
43
44
43
31
48
41
38
36
32
54
33
51
35
36
38
40
30
46
34
41
36
43
41
44
35
34
31
37
39
39
44
45
38
28
43
44
32
37
38
29
31
40
30
38
41
38
48
28
41
47
29
33
32
33
27
27
53
22
41
27
43
42
42
42
36
36
39
38
38
38
30
32
28
34
44
39
35
42
43
37
39
40
45
35
39
40
36
36
34
32
47
40
42
37
30
30
43
45
38
35
25
29
41
37
24
41
40
50
30
39
32
42
41
30
36
39
39
39
33
34
39
44
39
41
42
31
25
39
33
40
47
49
34
37
31
31
42
38
46
46
31
31
35
36
29
35
26
26
44
36
44
32
43
45
32
32
31
33
28
35
45
35
23
34
27
27
37
41
40
41
44
31
30
34
40
32
40
29
39
34
33
36
49
34
25
38
45
35
37
51
31
44
44
29
31
29
35
34
37
40
30
39
39
31
30
23
30
40
33
38
23
29
33
32
39
37
33
40
35
24
27
34
37
48
27
28
31
50
36
27
33
30
30
28
41
36
38
24
37
32
41
39
34
40
37
40
35
38
38
43
36
27
33
30
35
41
40
33
30
38
39
39
41
26
33
33
28
31
40
36
35
42
35
35
26
37
40
31
32
30
29
29
45
33
36
33
32
38
26
38
34
30
30
35
37
36
32
24
32
36
32
38
33
28
30
38
29
35
27
37
36
37
28
34
34
33
34
38
38
34
30
41
32
30
32
38
35
29
36
34
32
31
38
49
31
31
35
33
28
37
32
35
32
26
37
33
30
27
33
32
29
37
31
28
31
30
37
18
29
41
38
41
31
27
37
34
31
36
36
23
33
25
41
22
30
30
29
30
32
31
30
31
33
31
31
40
32
28
33
34
30
34
27
33
18
45
22
22
29
34
30
27
27
30
21
30
30
28
32
27
33
27
27
30
35
23
30
26
36
35
42
24
24
25
37
34
27
35
34
31
30
18
23
25
29
39
27
25
29
28
33
35
29
27
31
27
50
28
36
34
32
24
29
32
29
38
39
25
24
38
36
23
20
30
31
27
26
31
23
27
23
32
28
32
41
25
15
33
35
26
25
32
32
30
30
28
36
34
28
39
24
38
21
32
30
34
21
30
32
30
31
24
28
30
24
28
30
30
24
30
24
32
32
35
38
24
30
45
26
49
27
27
29
40
20
26
30
23
25
33
28
28
24
28
28
30
30
26
24
21
31
29
27
23
35
27
21
22
27
31
27
23
32
29
34
32
26
36
22
26
35
33
29
24
29
32
31
33
33
31
31
31
20
34
27
36
31
28
26
23
35
29
23
17
26
26
31
25
29
31
31
30
26
34
32
28
33
22
22
22
22
35
19
32
29
25
28
27
19
26
25
23
24
30
27
27
25
28
36
24
33
29
26
22
32
31
29
32
26
21
26
27
24
20
27
26
32
23
22
32
23
21
33
27
26
22
33
30
24
26
29
20
18
36
15
24
31
22
26
28
32
34
34
29
26
26
27
25
24
23
33
28
25
28
28
27
23
23
25
26
21
23
27
27
25
23
30
31
31
30
30
36
27
29
22
26
24
20
22
31
21
19
25
28
24
21
32
15
31
31
24
24
27
24
21
22
48
25
28
31
16
19
28
25
28
23
20
29
23
29
32
18
33
30
28
28
24
19
31
25
19
29
21
18
24
22
30
32
21
20
25
26
18
29
27
21
26
27
22
30
21
13
19
19
28
29
27
27
24
20
24
31
23
20
34
37
19
16
24
30
27
31
18
34
17
23
27
26
19
24
21
20
24
22
26
21
27
29
15
25
24
23
35
23
26
18
21
22
29
23
24
31
22
25
18
17
23
29
19
19
20
29
27
20
19
18
30
27
30
27
26
18
29
24
25
31
20
22
15
24
24
19
21
25
26
29
24
16
19
33
24
22
33
28
23
25
27
26
23
26
24
26
20
19
19
17
27
23
18
18
8
23
24
20
22
28
19
29
22
29
30
17
27
20
19
22
31
23
22
22
22
15
21
18
20
22
36
28
24
23
26
13
27
26
21
16
26
22
18
22
28
23
25
20
21
16
20
22
19
25
24
30
21
23
15
20
20
35
26
24
23
22
17
27
21
22
22
27
24
20
30
10
21
17
21
24
23
30
16
18
15
19
20
18
25
26
20
29
20
24
22
18
26
26
25
28
15
25
24
19
28
18
16
22
17
28
23
24
29
16
29
17
22
23
15
17
26
22
25
21
21
23
22
21
23
20
22
21
18
20
23
15
19
15
17
20
21
15
22
22
21
20
21
18
26
17
25
17
26
21
24
12
16
16
22
11
26
19
20
22
19
19
11
15
23
15
19
19
21
16
25
20
16
17
16
20
24
18
24
17
17
21
25
24
13
22
16
18
19
21
18
21
12
15
19
25
12
15
12
8
17
20
17
24
13
24
13
27
28
13
22
18
28
26
22
21
20
20
20
20
27
14
19
24
23
19
20
22
22
19
19
20
17
17
26
16
18
15
17
22
14
12
23
16
18
17
22
19
30
17
28
15
14
16
17
15
20
14
24
4
11
17
19
14
17
21
17
16
15
17
26
21
22
17
17
18
27
19
17
14
16
21
22
16
15
14
16
14
17
21
17
15
16
17
16
15
17
20
18
25
16
18
14
11
20
22
19
21
17
9
14
15
21
13
24
23
19
23
15
16
19
26
18
17
19
11
19
16
11
14
20
21
20
17
23
13
23
15
21
16
20
14
21
19
25
16
21
21
19
17
13
13
6
16
18
16
15
16
16
14
11
22
9
12
12
17
14
21
19
19
12
19
15
10
9
17
19
13
26
14
15
10
11
20
17
19
16
9
15
18
8
23
21
23
16
24
19
21
12
19
19
20
17
19
19
18
22
20
22
17
23
17
16
12
19
14
18
14
17
17
20
17
10
16
11
18
15
17
22
19
11
19
19
15
14
18
10
15
23
9
10
16
13
18
10
16
21
18
15
12
17
14
12
11
18
25
17
19
22
16
10
13
14
16
13
20
11
12
18
9
16
16
19
12
20
23
18
5
21
15
19
16
9
16
16
13
18
19
21
14
17
15
13
22
15
16
12
12
15
13
13
14
13
16
16
22
21
19
13
12
16
18
10
12
15
25
17
14
18
16
14
15
13
21
16
15
8
11
13
19
15
19
15
20
19
9
15
18
13
16
14
17
14
19
11
20
21
20
12
20
7
14
16
18
15
19
15
15
11
25
16
13
19
15
19
19
13
20
16
19
18
16
16
24
14
22
6
21
16
15
16
17
15
17
20
14
13
14
20
10
11
10
18
14
15
18
17
21
12
11
16
10
8
17
18
16
20
15
14
14
15
23
17
14
22
13
16
11
11
7
13
14
15
15
11
16
14
11
14
9
14
12
9
14
8
15
17
10
14
15
15
9
17
16
13
14
10
13
13
5
16
10
13
11
18
13
13
7
11
16
11
8
12
14
11
20
14
20
17
11
4
13
13
17
14
20
16
11
13
11
19
10
15
14
10
9
11
8
10
12
13
13
12
10
19
5
15
15
10
13
10
8
15
13
11
10
13
11
16
12
12
13
22
10
14
5
14
15
12
9
9
12
12
7
11
9
12
13
9
15
11
8
13
12
16
13
22
7
15
7
8
14
15
15
18
9
10
15
9
15
9
10
13
7
15
13
8
9
11
12
14
12
8
8
14
12
13
9
16
15
13
14
16
15
8
13
11
16
6
10
13
11
13
8
7
7
10
9
11
14
10
9
7
14
5
4
7
13
11
7
7
5
9
7
9
13
6
10
8
13
10
11
15
11
11
9
10
9
5
2
5
10
10
9
14
8
13
8
10
7
12
4
5
10
11
9
7
2
6
4
6
14
8
11
10
7
5
6
8
14
7
11
9
9
5
7
10
7
5
7
6
7
4
8
11
7
6
6
5
6
9
15
2
5
8
7
4
9
4
8
8
10
9
6
7
8
7
5
9
8
12
7
6
12
15
7
3
8
13
11
8
6
8
7
5
9
9
4
9
9
9
13
6
4
2
8
10
9
10
9
5
9
9
5
6
11
8
4
9
6
8
3
10
3
7
5
6
6
12
3
7
5
7
5
8
8
15
6
6
6
5
6
8
8
7
5
8
3
9
4
7
6
5
2
6
2
5
5
5
6
5
7
6
7
3
4
5
8
10
8
4
8
6
7
10
12
5
9
3
3
4
4
5
2
8
6
4
8
6
3
2
10
6
7
11
6
7
4
8
6
5
4
8
4
7
8
4
9
8
13
7
8
7
10
7
7
1
4
6
10
12
8
7
7
9
7
5
3
5
8
6
7
4
5
6
5
6
5
8
6
8
4
6
6
3
8
6
8
5
6
8
5
5
9
6
6
9
6
8
5
5
2
8
4
6
6
12
6
9
4
7
8
8
8
6
8
3
12
7
2
5
7
6
5
5
8
7
8
6
5
4
4
9
6
10
7
5
9
6
7
4
1
6
5
4
4
6
3
8
9
3
7
9
2
5
10
8
6
6
4
9
6
7
6
2
3
9
5
3
4
5
5
7
2
7
5
4
5
5
7
7
4
8
2
3
2
5
5
3
8
5
1
3
5
6
6
7
3
8
4
12
11
7
7
10
15
13
10
22
22
34
31
53
50
46
53
57
49
51
28
31
24
15
14
20
13
12
10
15
20
13
12
15
14
20
11
13
10
6
6
8
4
5
4
5
3
9
8
8
2
4
1
4
2
2
2
4
2
6
3
3
1
5
6
4
3
0
7
1
4
5
5
1
2
1
2
0
4
3
0
5
5
5
2
4
1
3
0
2
3
3
3
5
5
3
7
0
5
2
0
6
3
3
2
7
5
2
1
4
3
4
3
3
3
4
4
3
4
3
1
5
1
5
1
5
3
2
3
4
4
3
3
2
3
1
1
9
3
3
2
2
4
4
3
1
5
6
3
4
8
4
2
4
1
2
3
0
0
0
3
2
3
1
2
2
2
3
1
3
1
4
0
4
1
2
0
3
4
6
6
2
6
3
6
3
2
7
0
7
3
4
4
0
1
3
3
1
2
2
1
6
2
1
1
3
4
3
2
4
1
0
1
2
2
7
1
2
0
3
1
2
1
2
4
5
1
2
3
5
3
2
4
1
1
1
3
2
5
2
4
3
2
3
1
3
2
2
1
0
3
3
3
4
4
4
2
1
0
5
2
3
2
0
2
2
3
1
3
7
6
4
0
6
2
6
4
4
3
4
1
4
4
3
0
2
6
7
6
8
2
5
7
1
3
2
7
6
5
1
2
3
3
3
3
4
8
2
4
1
3
2
4
2
2
4
2
5
1
8
3
2
1
5
4
1
3
2
1
5
2
3
4
4
2
3
3
3
4
1
1
4
0
3
1
3
1
1
3
0
4
3
2
5
1
6
1
4
0
3
0
4
1
0
3
1
1
5
3
4
3
0
4
6
4
1
2
3
7
4
2
2
2
2
3
3
3
1
1
3
2
3
1
3
4
3
4
3
6
1
3
2
3
3
3
5
1
1
2
0
4
1
4
4
2
7
3
1
2
4
7
3
4
1
1
3
4
4
4
1
3
2
2
6
3
2
4
0
1
4
3
0
2
2
3
1
1
2
3
1
1
1
3
1
2
3
2
2
2
1
2
3
2
2
0
3
2
3
1
0
0
6
2
4
0
1
2
0
2
3
1
0
3
1
4
0
1
2
3
2
1
0
2
0
1
2
1
1
0
5
2
4
1
1
1
1
2
2
1
0
2
1
2
0
3
2
1
4
0
3
5
1
1
3
3
4
1
2
2
1
2
2
2
2
3
3
1
0
1
1
4
2
2
1
4
2
0
3
1
1
2
1
0
4
2
1
2
2
0
3
2
1
0
2
3
1
1
3
2
1
1
4
1
4
6
0
0
0
0
0
0
2
2
1
1
2
2
4
2
0
1
0
1
1
3
0
0
0
3
0
1
2
2
0
3
5
1
0
0
0
1
2
2
2
1
1
2
1
3
1
2
2
3
2
1
1
1
3
1
4
0
0
1
0
3
1
3
2
3
1
1
0
1
3
2
1
3
0
2
1
0
0
2
2
2
2
1
0
1
1
1
2
2
2
1
1
2
1
1
4
0
1
2
1
3
0
2
0
1
0
3
2
2
1
1
3
1
1
1
1
2
1
3
1
2
0
2
2
0
0
3
0
2
2
0
0
3
1
1
2
3
1
2
1
1
1
1
0
1
1
1
1
0
1
2
0
3
0
1
1
1
1
0
4
1
1
2
2
1
0
0
0
1
0
0
1
2
3
0
3
2
2
0
1
2
1
2
2
3
3
0
1
0
1
2
0
0
0
1
2
0
0
2
0
1
2
1
1
0
0
2
4
1
5
2
2
2
1
1
0
1
1
1
2
0
1
0
1
4
3
1
2
4
2
1
1
2
1
1
1
1
0
1
0
2
0
1
0
2
2
4
2
0
1
1
2
1
0
1
0
0
1
3
4
1
0
0
1
1
1
1
1
1
1
2
0
2
0
0
2
2
0
0
1
1
1
0
2
2
1
4
1
0
1
1
2
0
2
0
0
1
2
0
2
0
3
0
1
6
2
3
0
1
1
2
2
1
0
2
1
2
1
3
2
1
2
0
0
0
2
0
1
1
3
1
1
0
2
4
0
0
1
3
1
1
0
2
0
1
0
3
0
0
1
2
1
0
1
0
2
1
1
0
1
2
0
1
3
0
1
1
0
1
5
1
0
1
0
0
1
0
2
0
1
2
1
2
1
0
1
3
0
2
0
1
0
0
0
1
0
1
1
0
0
1
0
0
2
5
2
0
0
1
0
0
0
2
0
0
1
1
2
1
0
2
1
1
1
0
1
0
1
0
0
1
0
2
0
2
1
0
2
0
0
2
0
1
2
3
0
2
3
2
2
1
1
0
0
0
0
2
0
0
1
1
0
1
0
0
1
0
2
2
1
0
0
0
3
0
3
0
1
1
1
0
1
0
0
4
1
0
0
0
3
1
0
1
2
0
0
1
2
0
1
0
0
2
0
1
0
1
0
3
0
0
0
1
0
1
0
0
0
0
0
2
1
1
1
1
0
0
0
1
1
1
0
1
0
0
0
0
1
2
0
0
0
1
3
0
0
0
0
0
2
1
2
0
0
3
1
2
0
1
2
1
0
0
0
0
1
2
2
0
2
3
2
0
1
1
0
0
2
0
0
0
2
0
1
1
3
2
0
0
2
0
2
2
1
0
1
2
0
0
0
1
1
0
1
1
1
0
1
0
0
1
0
1
0
0
0
2
1
2
0
1
0
1
5
1
1
0
0
1
1
1
0
1
0
0
1
0
0
0
1
2
2
2
0
2
1
0
0
0
0
0
1
0
1
1
1
1
0
3
2
1
0
0
1
2
2
1
1
0
1
1
1
1
0
1
2
3
0
0
0
3
1
3
3
2
1
1
0
0
1
0
0
1
0
2
0
0
1
0
0
1
0
2
0
2
1
1
0
0
1
0
0
0
1
0
0
0
1
1
0
1
3
0
0
0
0
0
2
1
2
1
0
1
0
0
2
1
0
0
0
1
1
3
0
0
3
1
0
0
1
0
1
1
0
2
0
0
2
0
0
1
2
1
1
0
1
2
2
0
0
1
0
0
0
0
0
2
0
3
1
0
1
1
1
0
0
0
0
3
2
0
0
2
0
0
0
0
1
1
0
0
1
1
1
0
0
0
0
1
0
0
0
2
1
0
1
1
1
1
0
0
0
2
0
1
2
1
0
1
2
0
0
2
0
0
3
1
1
1
0
2
1
1
0
1
2
2
0
0
2
0
1
3
0
0
1
0
0
0
1
0
0
0
0
2
0
2
0
0
0
2
0
0
1
1
1
2
3
1
2
2
0
2
1
1
0
0
0
0
0
0
0
0
4
1
1
0
1
0
0
1
0
2
2
0
2
1
0
0
1
0
1
0
1
0
0
0
1
0
1
2
2
1
2
2
1
2
0
0
0
1
0
1
0
1
0
0
0
2
1
0
1
0
0
0
1
1
1
1
2
0
0
3
0
1
0
1
2
0
0
1
2
1
3
0
0
1
1
0
0
1
0
0
0
0
0
1
1
0
0
1
0
1
0
0
0
1
1
1
0
0
0
0
0
0
0
0
1
1
1
1
0
0
1
1
1
0
0
1
1
1
2
0
0
0
0
0
0
0
0
0
0
1
0
0
1
2
1
0
0
1
0
0
4
2
3
2
0
1
0
1
1
0
0
0
0
0
2
2
0
0
0
0
1
0
0
0
1
1
2
2
1
2
0
0
0
0
0
0
1
1
0
1
2
0
1
0
0
0
1
1
2
1
1
0
0
2
2
0
1
1
0
0
0
1
1
0
0
1
1
1
2
3
7
9
6
6
6
7
6
10
6
7
2
7
10
13
9
9
7
11
6
7
4
7
5
8
8
4
9
10
7
9
3
12
4
5
7
6
10
6
7
8
11
7
9
4
6
9
2
8
8
6
10
6
6
5
11
10
3
9
10
5
7
6
5
5
4
8
5
7
7
4
5
3
1
7
5
8
4
7
8
5
6
9
4
4
7
7
2
10
8
1
6
9
9
6
8
6
14
11
5
6
5
6
8
3
7
7
4
7
7
11
11
6
6
9
7
4
7
9
6
11
4
7
12
9
4
8
4