0
0
0
0
0
0
0
0
0
0
0
0
0
0
0
0
0
0
0
0
0
0
0
0
0
0
0
0
0
0
0
0
0
0
0
0
0
0
0
0
0
0
0
0
0
0
0
0
0
0
0
0
2
4
2
4
3
12
12
16
15
24
23
27
30
36
43
40
43
33
43
53
57
43
35
41
41
40
47
36
63
42
54
64
59
46
60
54
54
61
74
69
74
63
63
74
87
102
86
100
158
202
302
463
658
1080
1785
2705
3220
3173
2918
2733
2434
2036
1516
1120
770
541
428
342
328
243
259
243
248
273
280
331
348
356
441
510
545
613
695
802
838
925
1016
1144
1172
1207
1237
1152
1087
880
699
613
513
391
328
312
322
320
355
439
449
556
662
723
819
928
969
1039
952
933
820
675
609
497
442
396
435
434
492
561
625
706
754
813
904
884
924
794
695
659
581
511
445
481
507
565
606
622
698
719
901
836
779
775
709
606
572
536
493
513
550
557
655
660
713
746
791
731
812
762
668
609
632
598
538
532
554
618
601
623
650
675
725
724
724
748
761
693
667
637
627
606
586
663
607
588
611
661
659
687
675
659
676
677
712
713
687
694
687
676
668
687
660
651
619
666
610
639
674
671
675
602
670
621
735
644
674
667
661
695
640
662
690
678
668
672
736
692
658
648
626
664
597
663
672
690
686
716
636
667
636
683
675
691
636
689
685
639
674
640
625
680
701
672
663
616
678
710
667
728
649
618
628
689
735
672
609
649
627
688
644
682
687
705
663
673
646
630
671
646
659
657
654
656
630
705
665
659
665
672
629
675
603
647
696
735
646
665
703
648
713
653
627
664
628
666
634
641
637
650
639
652
681
637
653
620
625
662
648
638
703
696
662
654
595
642
579
620
659
645
645
669
613
636
642
667
596
713
654
619
655
638
637
638
625
655
573
625
645
655
650
636
642
610
646
600
624
634
668
610
664
664
625
626
598
596
664
606
624
610
651
637
563
647
610
660
657
627
573
595
593
594
597
651
685
676
614
614
620
641
640
611
653
615
610
643
601
618
652
611
599
627
632
643
639
648
631
676
658
655
629
614
598
591
678
627
679
625
602
634
675
678
693
625
659
630
691
677
659
668
730
613
685
747
649
624
647
643
647
670
651
668
663
626
606
632
650
650
657
673
687
677
678
672
716
662
667
732
683
673
648
698
685
680
664
669
683
680
661
605
649
643
656
652
625
711
639
658
693
664
623
641
693
671
692
708
672
670
667
609
653
606
660
674
681
658
669
679
693
638
655
706
636
621
647
716
681
626
652
656
643
652
653
613
729
595
648
668
619
642
673
660
666
653
667
659
702
668
673
650
677
677
676
618
645
644
573
642
626
671
642
637
680
657
626
638
618
658
654
672
636
620
657
616
634
621
636
627
639
656
651
593
601
645
633
660
579
594
599
636
636
592
661
643
664
596
666
604
569
580
638
616
624
648
622
607
625
617
588
631
593
595
628
601
590
620
638
631
583
621
656
610
640
626
600
615
605
622
622
654
628
553
618
573
607
561
658
616
616
598
622
614
646
619
581
620
586
605
624
622
599
626
581
618
616
588
613
587
613
588
628
580
604
584
587
567
573
628
638
600
599
596
594
551
686
557
598
586
597
564
540
540
605
624
560
618
607
584
620
608
604
610
656
624
632
619
579
570
598
596
577
544
546
578
549
575
644
581
600
588
578
572
558
603
583
561
570
554
562
561
532
548
612
583
524
507
542
534
563
564
576
555
569
552
526
543
566
533
571
537
545
576
532
538
510
545
573
569
583
527
565
527
592
528
529
593
548
546
549
571
556
535
542
537
559
511
528
507
578
581
546
563
497
516
561
562
538
534
528
504
569
476
503
523
521
566
559
537
565
553
522
592
532
534
560
549
570
546
548
562
527
490
538
524
582
513
528
529
517
525
550
544
560
523
519
572
535
581
549
535
522
567
513
515
540
521
514
543
514
522
476
540
530
494
556
499
531
532
541
539
566
531
516
555
504
533
501
495
500
501
529
490
545
534
563
499
518
529
484
528
500
481
528
523
519
527
530
509
480
524
499
506
498
532
517
519
514
515
479
495
511
523
553
484
491
518
494
498
513
530
521
466
532
451
480
485
499
508
503
498
488
513
485
502
512
537
479
484
528
517
519
497
537
464
469
493
513
487
535
510
516
515
467
477
509
536
468
537
475
477
460
485
507
497
503
535
516
496
516
507
490
498
487
519
483
513
506
499
479
495
526
541
465
519
503
480
497
470
486
492
506
471
466
474
522
483
500
451
454
457
492
465
479
451
488
527
512
461
490
469
516
472
515
516
477
454
531
509
473
527
510
489
485
509
516
452
445
460
491
508
458
506
429
525
496
482
484
488
508
483
496
528
486
505
456
442
520
501
464
498
466
477
494
510
500
468
445
530
448
448
469
493
460
490
492
484
487
452
487
478
476
467
498
486
458
513
459
490
452
457
492
475
446
488
471
459
468
443
476
508
473
480
477
484
471
496
471
485
460
516
463
471
492
486
481
431
461
467
483
443
454
489
478
440
480
506
468
455
500
458
488
470
485
463
429
481
505
428
448
449
447
494
502
461
472
455
480
485
476
453
493
468
466
493
497
469
427
504
454
449
467
467
470
459
470
437
493
437
473
468
490
477
486
459
434
447
502
467
460
493
459
445
474
441
510
454
437
438
433
426
479
502
464
506
473
432
465
513
443
472
466
465
460
488
471
458
443
500
462
492
478
469
470
473
458
468
449
505
481
494
453
430
428
491
468
440
462
464
480
452
472
462
492
449
437
449
469
489
436
457
490
468
478
502
447
444
515
512
477
453
455
453
433
443
486
481
424
492
488
508
470
469
440
461
463
479
465
483
439
494
500
465
448
444
459
456
493
497
455
434
460
423
501
462
479
455
461
447
466
493
489
447
461
477
465
488
453
456
479
466
455
477
465
448
475
389
456
483
452
463
488
445
492
447
457
456
466
477
473
462
457
443
488
475
461
477
467
467
486
423
475
432
483
428
477
472
413
451
470
445
490
458
431
455
481
461
484
473
464
472
479
478
454
420
481
479
482
477
464
449
445
469
451
420
460
517
447
470
401
488
427
493
441
464
447
470
518
457
482
455
460
432
472
442
465
471
465
443
461
431
460
460
482
468
481
466
484
453
481
449
472
488
463
509
435
476
433
466
473
453
467
464
445
485
454
458
435
448
479
479
502
440
503
465
432
484
487
473
477
476
428
462
505
426
488
425
497
418
447
459
471
410
428
468
467
462
444
435
462
449
448
426
473
472
427
482
430
409
496
456
463
456
424
445
468
433
468
480
439
433
469
442
477
460
437
459
452
454
466
434
459
482
446
471
454
445
460
444
470
458
441
477
464
459
505
448
468
484
484
457
448
484
457
477
431
454
460
450
478
486
469
444
452
503
519
443
457
479
478
468
472
462
449
477
480
476
498
453
427
465
451
483
469
452
460
471
461
466
450
442
493
491
449
488
453
475
472
434
432
512
453
482
487
445
491
467
473
482
457
451
464
462
469
477
477
437
467
442
431
451
480
456
461
481
465
456
450
465
477
461
476
448
460
465
463
449
473
443
467
451
461
443
447
462
462
440
464
464
484
499
451
451
483
428
469
513
504
509
476
443
477
459
478
445
460
460
483
492
450
471
451
481
456
473
423
495
459
497
522
463
470
479
488
449
460
464
490
449
444
473
501
478
439
512
509
467
452
474
502
480
458
443
498
506
457
469
462
506
449
450
482
464
482
513
491
475
499
485
516
471
475
442
468
514
465
488
474
490
501
494
503
513
511
442
521
485
441
490
480
472
502
472
482
485
514
450
466
489
455
476
473
489
495
456
473
533
480
492
506
515
480
497
473
464
482
497
453
472
471
465
465
456
460
489
483
490
497
479
509
512
516
475
472
522
485
507
493
498
473
461
508
468
513
450
497
475
466
533
527
501
507
491
474
467
474
477
520
464
477
506
452
542
497
531
484
480
480
474
492
531
464
468
508
459
510
498
511
534
480
524
482
494
506
487
449
496
517
509
503
493
481
500
505
478
485
484
478
494
490
467
523
514
477
488
478
481
483
481
491
506
501
488
468
514
466
465
516
508
461
504
511
471
521
535
510
542
505
497
475
492
486
472
509
475
521
462
493
521
503
510
482
501
520
537
506
500
514
504
516
525
537
458
473
511
529
528
470
507
518
471
492
500
521
524
527
499
510
505
552
493
506
498
523
496
488
478
521
480
566
482
524
515
493
523
522
580
517
527
500
499
487
514
502
536
514
470
500
562
520
530
488
533
544
497
543
545
509
509
522
511
538
520
502
516
520
515
495
539
535
543
540
520
521
530
547
565
515
511
535
475
488
523
526
539
537
544
522
518
542
571
493
548
555
526
556
564
501
524
537
598
519
528
504
518
536
557
539
546
503
533
534
562
548
524
561
548
520
508
534
523
534
505
528
575
533
563
544
528
539
536
531
525
535
542
515
541
556
548
536
552
566
507
522
538
558
515
539
531
544
563
552
568
575
536
515
530
541
527
544
579
545
516
551
540
544
571
552
524
518
569
536
519
569
543
513
558
539
549
555
589
576
594
540
593
568
565
538
596
579
545
603
572
574
601
600
582
596
552
541
625
613
593
585
634
657
564
581
589
593
607
607
554
555
546
570
583
559
550
582
593
577
590
586
557
564
611
554
587
578
596
571
620
566
591
556
559
624
577
590
606
587
575
614
604
586
601
598
550
587
577
586
591
596
604
589
553
584
561
552
618
603
577
582
605
576
624
613
576
571
578
612
591
613
591
602
610
582
632
579
589
590
587
612
622
548
622
591
629
605
598
605
632
648
578
622
631
622
616
609
585
586
643
583
657
619
615
623
625
635
669
662
622
603
634
635
576
659
622
583
621
599
638
633
613
571
672
686
621
602
597
602
665
641
663
610
600
627
635
646
647
595
632
632
636
628
686
632
648
615
628
669
688
652
641
665
631
680
648
713
668
648
641
624
662
641
597
633
600
677
672
613
679
670
654
663
613
621
667
680
617
636
648
637
655
614
653
635
684
689
699
619
680
668
674
683
684
644
679
667
668
749
681
644
662
645
681
694
678
662
692
735
678
696
648
700
730
674
654
683
759
680
662
736
682
708
745
696
751
694
691
701
733
679
727
718
730
689
726
702
681
750
697
712
704
716
727
699
716
695
733
681
684
676
682
679
713
767
688
742
763
702
720
751
751
752
752
709
728
739
772
709
730
763
694
729
698
730
709
738
719
756
757
781
778
778
740
777
773
755
754
733
745
798
766
756
755
792
790
783
783
783
825
781
803
698
806
740
768
781
790
849
734
790
771
786
736
815
749
780
761
830
784
782
793
779
766
811
720
799
765
844
804
802
733
790
844
784
770
798
807
811
808
822
776
829
804
803
793
845
822
834
843
793
852
839
796
828
793
835
824
824
830
806
785
805
808
756
785
770
775
777
760
756
710
760
741
706
759
688
726
745
710
690
704
702
681
682
708
695
683
681
661
677
689
691
632
639
652
646
641
652
672
656
634
691
622
628
670
635
650
635
631
628
584
596
612
605
635
586
608
591
609
616
628
583
572
643
635
624
623
603
584
632
636
629
647
606
627
556
601
596
613
613
612
589
598
585
600
596
650
580
630
621
632
578
621
608
617
564
621
586
664
619
623
561
606
603
622
612
602
599
594
620
540
603
578
578
601
576
635
551
586
555
569
573
593
568
587
564
639
564
598
596
557
613
578
572
590
621
586
606
606
596
569
580
638
561
587
595
547
596
591
588
580
561
629
603
573
591
561
566
602
597
554
589
626
607
578
607
565
624
637
595
587
601
575
558
530
554
584
555
544
566
589
563
575
575
568
579
549
576
564
559
547
567
545
567
580
569
573
580
597
559
565
584
579
576
515
551
527
595
538
548
564
520
574
533
545
521
564
528
514
588
558
598
563
532
556
574
562
551
575
581
580
542
555
583
575
566
538
511
539
528
521
501
535
575
555
557
535
541
521
541
506
525
545
536
554
536
525
543
572
581
549
548
555
520
505
539
554
511
503
527
521
550
549
571
557
584
567
533
540
512
589
569
539
526
551
507
527
601
582
537
538
580
554
576
538
555
512
561
553
571
517
540
612
523
551
560
538
561
592
569
518
543
517
566
559
537
533
545
542
577
519
509
527
557
545
580
558
538
524
553
561
560
578
579
550
553
536
519
548
558
537
555
558
555
561
550
552
568
587
552
557
525
578
573
563
554
537
599
637
591
520
579
551
561
572
544
588
557
543
562
590
553
586
541
568
574
597
583
549
519
602
605
580
570
585
572
605
556
585
532
561
564
536
580
590
521
512
544
582
559
555
535
551
521
507
492
533
522
489
533
519
499
488
490
494
514
460
496
482
475
443
461
418
468
462
471
425
431
408
440
434
382
436
391
449
418
408
371
412
376
410
395
399
390
396
391
396
376
457
388
381
376
377
371
408
405
358
380
359
360
393
383
353
363
353
350
353
362
359
364
370
360
378
368
378
338
343
372
360
315
341
369
367
368
348
340
333
355
344
361
345
324
322
345
339
356
319
341
343
362
362
327
349
337
336
337
377
351
335
352
328
360
356
345
341
344
327
345
328
344
337
335
321
307
322
337
321
334
324
297
348
311
312
303
340
307
356
316
341
335
335
378
391
537
732
1194
1910
3236
4904
6988
9033
10787
11267
10779
9378
7282
5512
3841
2798
2283
2048
1921
1911
2006
2151
2207
2264
2402
2388
2260
2206
2089
1954
1809
1718
1551
1526
1383
1354
1234
1170
1033
962
912
860
799
684
720
647
607
548
544
494
452
460
472
404
391
354
392
362
372
347
364
305
320
333
327
318
303
288
293
261
262
277
265
320
240
270
276
265
269
274
264
270
223
269
249
255
241
215
237
256
249
249
240
237
264
258
200
223
241
244
254
234
236
223
195
244
226
242
231
226
237
204
241
214
220
208
219
212
218
224
219
235
199
181
199
216
216
211
195
184
198
191
191
191
192
202
191
199
168
191
187
187
205
202
213
190
189
193
192
207
176
180
213
189
171
168
176
182
170
185
188
184
208
178
198
162
169
176
180
168
162
185
173
161
169
170
203
189
151
160
189
151
201
162
185
165
163
187
144
164
174
159
145
187
166
166
160
151
186
167
152
144
173
161
140
167
147
160
143
168
148
154
136
152
153
143
155
151
151
143
119
165
160
145
149
141
146
158
155
147
160
157
139
148
159
153
148
160
172
148
131
140
153
142
145
157
138
150
138
152
142
150
153
184
118
148
151
115
138
120
149
142
123
134
135
142
170
155
131
147
127
146
145
138
127
137
147
139
158
162
141
139
124
160
154
127
142
121
143
128
142
147
124
149
113
154
109
132
147
143
131
116
141
111
135
131
128
137
129
139
142
121
123
134
108
129
129
133
115
118
140
130
141
134
137
154
121
116
101
123
139
110
139
118
114
124
115
155
119
141
145
141
135
141
140
104
138
141
132
142
142
121
113
138
113
131
131
122
153
123
119
118
127
114
142
144
125
133
143
127
116
115
119
123
127
109
123
110
143
108
143
108
113
155
164
129
124
115
143
134
127
125
127
132
140
131
129
153
132
122
125
117
137
134
130
127
138
123
136
148
163
229
325
495
893
1563
2651
4103
6002
7715
9064
9834
9312
8185
6513
4913
3576
2597
2057
1689
1651
1594
1687
1802
1893
1974
1935
1967
1881
1794
1745
1695
1527
1386
1274
1272
1115
1030
942
949
824
740
735
641
582
563
501
437
437
393
339
341
313
295
262
256
252
225
227
218
174
174
194
160
178
160
183
129
169
161
113
149
154
122
120
125
121
143
137
118
126
113
138
124
126
115
112
121
92
133
128
107
120
118
100
131
125
118
110
125
111
87
111
123
125
104
106
116
116
109
109
132
115
97
112
114
109
116
94
114
121
95
110
124
105
120
104
105
119
105
109
111
108
88
108
94
104
109
120
103
100
99
127
87
111
123
112
91
117
88
88
116
93
109
107
97
116
112
108
92
104
104
105
98
112
104
92
101
82
100
103
98
105
92
98
109
116
111
93
109
107
97
98
88
102
97
103
99
96
101
92
93
102
104
92
90
83
100
98
118
97
78
96
85
86
109
100
91
91
82
98
102
93
104
93
94
105
100
104
99
97
92
85
86
102
97
85
102
93
90
106
99
95
98
107
96
108
98
105
78
95
112
111
96
86
98
104
78
99
105
87
97
98
90
79
95
84
92
93
91
96
99
80
85
97
89
99
97
96
73
80
80
96
94
89
89
89
99
101
90
101
81
94
100
85
76
108
98
63
96
104
93
96
79
80
100
86
88
87
90
86
100
107
103
97
90
90
88
91
85
97
105
87
91
90
83
95
89
88
96
80
75
84
96
85
85
86
74
95
86
103
97
70
70
79
81
100
86
83
98
74
90
91
94
94
102
87
94
91
86
72
91
81
89
94
90
92
91
93
93
84
89
94
101
97
93
84
92
89
83
80
83
96
75
83
84
76
75
94
84
99
94
68
86
70
73
78
78
78
91
77
88
61
81
92
87
73
90
89
72
85
70
76
88
88
79
78
83
111
97
75
67
94
67
87
70
89
86
76
91
81
88
83
85
93
84
89
84
64
80
76
75
97
72
82
79
83
70
84
75
79
87
89
87
75
96
92
79
81
70
76
91
61
77
83
78
71
81
77
70
77
63
74
83
80
73
80
72
72
87
79
81
77
70
86
68
74
73
73
70
87
87
80
73
75
87
86
78
68
75
64
71
70
70
60
67
87
90
81
75
91
74
85
63
84
73
66
87
77
75
90
90
85
80
67
92
66
92
77
80
68
74
73
81
66
75
76
76
82
87
71
87
88
76
77
67
85
70
64
78
86
48
75
85
62
74
80
70
71
76
60
82
67
70
83
82
68
84
74
62
83
82
70
85
75
78
63
81
71
69
80
70
86
63
82
62
57
80
65
74
72
70
53
69
71
78
83
62
69
71
71
74
87
83
67
86
79
61
71
74
71
74
66
67
66
83
66
73
62
73
81
79
68
80
70
68
58
60
88
71
78
76
63
89
73
79
80
75
69
67
74
73
74
67
86
66
65
73
62
67
84
78
80
82
76
51
65
79
69
67
69
73
69
60
79
58
63
78
66
65
71
64
83
71
62
80
70
68
66
71
70
61
66
90
71
76
74
69
67
74
66
76
65
55
68
64
73
65
78
60
68
68
78
68
68
63
86
70
83
62
69
59
69
75
58
74
72
67
67
71
70
53
61
70
72
65
71
71
73
59
77
77
69
68
78
72
70
61
75
68
71
61
57
73
77
74
54
66
50
64
80
65
73
70
70
67
62
70
71
70
71
67
54
70
77
75
65
60
64
66
57
67
61
74
64
53
78
70
96
61
78
69
60
63
55
73
56
74
74
59
54
66
63
68
67
59
71
74
64
60
61
69
77
68
79
67
75
79
78
54
83
72
60
66
63
77
66
59
73
50
62
74
75
76
54
54
62
70
74
69
69
49
59
53
74
58
69
57
73
92
71
67
76
59
61
78
60
56
59
71
57
64
73
65
73
51
69
48
62
65
61
58
67
61
72
69
57
58
46
66
67
69
59
70
54
67
53
55
74
67
68
53
73
50
56
58
70
62
53
58
79
77
54
65
60
58
66
67
60
73
72
57
57
55
56
75
68
69
59
60
45
41
69
60
70
67
60
67
60
64
59
60
68
70
69
67
54
57
52
49
66
62
57
67
59
62
48
63
78
53
54
60
51
69
61
71
60
67
62
70
66
73
49
77
70
58
63
67
50
69
68
58
66
58
65
66
68
54
45
68
62
60
56
63
59
49
62
66
56
58
55
59
57
49
55
52
59
53
60
65
68
54
58
53
54
68
53
50
69
61
58
60
55
53
56
64
54
48
54
62
71
59
52
64
56
49
43
60
47
64
56
58
64
51
53
62
60
53
56
45
61
43
59
50
55
59
43
49
59
61
70
53
53
62
70
75
60
56
52
52
62
40
62
64
56
60
54
52
67
53
59
68
52
54
49
58
43
59
56
50
54
60
49
61
50
61
58
59
64
51
60
57
62
72
45
66
45
60
47
54
62
41
46
52
45
44
57
61
54
56
64
44
69
62
56
65
60
55
56
48
48
53
55
37
73
70
57
61
48
50
56
67
46
53
51
45
60
56
54
49
60
54
50
54
53
53
54
55
59
50
78
56
51
43
53
49
49
53
60
47
54
55
49
56
52
33
52
58
64
64
46
38
56
58
62
67
47
58
54
41
53
52
59
45
42
46
52
49
51
72
53
41
62
59
56
57
51
53
44
36
51
42
40
51
41
70
64
59
60
55
53
65
45
53
53
47
59
53
50
41
47
57
54
57
57
48
62
63
56
49
41
40
42
48
63
52
54
46
48
49
57
49
49
37
46
55
50
52
42
41
42
45
51
48
51
52
61
58
46
48
59
48
64
58
61
51
43
37
43
62
45
43
62
65
58
48
61
40
49
64
53
52
47
48
43
44
57
53
49
57
45
51
53
43
56
65
49
42
55
36
42
59
44
41
48
62
32
55
66
47
52
46
55
56
48
43
44
54
52
43
54
47
51
46
61
46
43
48
44
50
46
55
55
61
45
69
42
52
47
52
43
47
43
43
48
46
62
49
46
51
51
55
49
47
51
50
42
62
55
40
51
56
56
37
38
52
54
59
46
44
51
51
41
42
47
48
59
40
46
60
54
68
47
40
47
46
36
53
45
51
51
43
53
46
53
47
59
50
47
53
48
47
56
39
58
56
52
54
41
46
51
54
51
52
40
42
48
58
50
42
50
45
43
50
39
44
39
32
39
46
52
43
44
43
52
51
57
56
52
47
49
51
40
53
52
45
48
40
52
56
58
49
51
53
51
38
51
51
40
54
51
46
45
44
51
54
50
34
47
47
49
58
53
48
45
35
49
39
39
61
62
43
42
44
47
49
42
52
37
50
52
43
48
33
42
59
34
46
33
53
44
39
39
54
44
55
45
40
55
45
39
39
47
44
33
48
46
49
46
42
41
40
37
35
36
45
44
30
46
43
35
43
38
54
49
54
42
37
42
41
41
55
43
45
37
48
54
51
37
49
33
63
47
39
50
34
46
30
44
29
51
32
49
37
43
42
55
36
44
46
33
46
43
50
49
42
53
50
38
35
38
54
45
40
43
33
35
37
45
24
31
38
42
35
44
42
43
35
43
50
42
53
39
44
47
38
40
43
44
49
47
43
46
36
52
43
40
26
52
62
43
52
36
38
46
46
50
36
46
34
53
40
42
46
50
32
48
43
35
37
48
45
39
34
44
34
36
47
36
48
49
21
43
30
40
41
47
46
37
30
47
38
40
45
44
44
40
43
38
29
37
41
52
34
47
43
35
51
48
46
50
45
43
33
37
48
44
32
43
38
38
40
45
35
44
40
48
49
42
39
36
42
37
41
37
38
36
35
26
40
39
44
36
35
47
30
37
36
27
42
49
27
40
41
48
44
36
41
33
41
36
30
51
31
37
43
34
32
41
42
39
49
26
39
33
30
44
44
44
34
33
39
42
44
41
38
37
39
35
36
32
49
41
33
42
40
35
43
33
36
32
37
51
34
33
41
49
36
41
35
44
34
46
40
36
38
39
34
45
43
39
46
37
20
30
38
36
36
38
42
47
34
36
42
39
38
37
39
28
36
52
39
34
48
33
34
38
34
42
46
46
41
29
41
38
28
32
42
25
35
39
32
43
41
38
44
30
42
44
39
40
34
34
33
25
29
38
30
26
33
54
35
33
41
26
32
35
34
27
28
48
36
46
37
38
31
34
32
34
38
37
29
36
36
30
41
28
37
49
33
26
36
37
36
43
31
47
41
38
41
33
22
39
29
40
28
33
34
30
33
37
32
27
31
34
29
39
36
41
49
48
42
36
53
40
22
39
47
28
30
30
35
33
37
29
33
41
32
27
26
31
40
32
40
34
24
33
33
27
31
31
46
30
41
45
34
27
25
35
45
40
29
39
23
31
37
39
35
32
37
25
32
31
36
32
28
36
35
38
29
35
38
28
30
36
25
43
33
42
40
28
38
38
32
33
30
28
34
28
23
31
38
40
34
30
35
27
32
20
32
25
41
35
31
25
27
38
37
34
30
30
27
32
32
41
29
43
41
13
35
27
24
29
30
34
30
34
36
48
32
29
24
27
47
36
27
28
29
36
32
32
31
36
37
29
27
44
27
35
29
32
24
23
26
30
34
28
30
38
38
19
36
28
34
29
28
23
31
29
34
23
27
32
24
37
33
28
31
23
38
24
32
27
22
28
32
26
33
33
29
28
26
41
32
28
39
34
28
32
33
31
23
29
36
26
29
34
31
18
32
31
29
32
32
31
27
31
26
32
24
29
37
33
26
27
32
26
37
42
27
39
30
27
28
24
38
25
26
29
21
32
35
31
37
22
29
37
34
34
29
25
27
31
28
34
23
23
32
33
30
25
34
24
28
31
24
30
29
23
25
28
26
32
30
43
26
28
38
32
25
25
25
27
14
29
27
28
32
28
23
26
27
23
25
26
26
27
27
29
29
28
30
26
31
24
28
27
26
31
25
36
29
26
30
29
36
25
32
27
30
33
16
28
39
30
29
14
25
25
24
26
33
32
28
27
25
21
33
27
27
31
34
29
33
30
28
20
20
20
34
26
47
23
27
32
28
39
25
25
21
22
28
33
31
21
14
36
26
23
39
24
24
34
34
29
38
29
26
20
19
30
29
34
26
22
27
29
28
26
31
31
21
32
19
35
28
25
34
23
39
35
28
32
20
25
24
30
22
24
27
28
26
28
32
27
28
25
21
26
26
26
29
23
33
23
24
26
23
30
25
32
33
26
22
26
17
32
26
33
30
25
28
24
32
20
30
34
37
17
28
25
31
30
24
22
22
28
14
25
35
29
29
28
35
28
32
10
29
28
15
19
22
26
25
23
24
28
22
25
24
31
38
21
27
26
22
28
26
32
28
25
25
22
20
27
27
25
22
26
23
32
27
32
18
31
18
27
28
18
18
25
14
27
16
23
25
26
17
27
31
27
20
15
20
30
28
24
23
25
24
32
31
30
33
25
29
22
26
26
22
25
24
20
22
17
29
29
25
31
31
21
46
24
30
27
28
22
17
27
30
23
22
23
35
20
20
32
29
29
21
16
23
30
20
28
24
32
27
20
33
23
36
21
22
41
26
25
24
24
20
24
28
10
18
23
24
22
19
26
25
18
25
27
26
26
26
29
23
23
33
21
32
29
18
31
18
22
15
23
31
20
19
16
25
27
17
14
23
23
21
24
22
16
17
23
22
35
17
25
23
35
23
22
20
17
14
19
27
20
20
20
24
11
17
18
27
20
23
21
18
18
23
20
26
20
17
27
22
26
15
23
16
23
15
20
26
18
16
15
14
19
22
25
24
17
26
20
22
16
15
16
15
18
14
18
16
15
17
19
20
16
14
16
16
21
18
23
12
20
21
12
18
26
25
19
24
20
14
20
15
30
15
18
18
17
19
27
11
16
20
13
21
27
23
18
21
13
19
22
21
22
20
15
19
16
15
18
11
14
22
23
21
23
20
8
20
20
18
18
28
19
19
22
16
12
13
26
17
17
21
20
17
15
16
10
15
18
17
16
16
5
14
14
12
13
23
20
16
19
24
17
15
19
27
16
13
14
14
21
18
20
16
8
14
23
14
17
9
13
12
14
10
18
14
19
13
8
20
15
14
21
21
16
15
12
12
20
15
13
14
16
10
15
20
9
11
11
19
20
10
7
16
13
18
12
15
12
16
7
10
10
15
7
17
13
13
10
10
10
11
9
16
9
13
7
11
14
10
10
14
12
13
16
18
16
16
8
15
12
10
16
12
6
16
10
12
8
9
11
6
11
10
13
14
10
8
13
10
13
10
11
8
11
21
7
13
14
11
11
12
8
9
11
7
11
14
9
7
4
19
12
11
14
7
10
13
11
17
9
13
9
14
11
11
8
10
13
10
14
11
9
13
13
16
13
4
9
8
18
11
10
14
9
15
11
18
8
10
12
12
11
11
14
13
7
16
7
13
18
8
12
10
8
14
11
7
17
8
15
11
5
10
14
10
12
7
9
12
11
13
15
9
12
7
14
11
14
9
15
4
13
9
10
11
15
10
17
10
12
12
16
4
9
8
10
11
14
15
11
9
13
6
8
7
8
9
15
11
9
14
10
6
13
7
6
8
9
11
12
10
8
8
15
7
5
6
8
9
7
10
8
11
6
8
17
16
9
10
9
10
7
10
9
7
11
13
7
11
8
15
9
13
11
7
8
14
12
11
16
7
15
10
11
11
6
17
4
10
7
3
5
13
9
7
10
9
6
13
9
7
5
11
8
11
10
12
7
9
12
14
8
7
7
14
4
12
18
6
10
11
11
8
9
14
9
7
11
9
13
6
9
9
8
5
13
8
10
14
8
9
12
12
6
8
9
10
15
10
18
11
13
19
13
16
18
41
26
37
67
74
88
99
101
101
108
78
63
44
35
24
21
32
31
25
21
29
21
17
20
23
23
14
27
13
27
20
20
19
16
14
10
16
8
9
13
12
8
12
11
13
5
8
8
5
9
10
6
4
6
7
6
6
7
4
7
4
4
9
4
4
9
7
4
4
3
4
6
4
3
6
2
0
5
8
3
5
5
7
4
8
4
6
2
4
5
3
6
2
6
2
6
2
3
6
4
6
3
8
6
5
8
2
7
5
7
8
7
3
6
8
8
8
5
4
5
7
3
7
3
6
6
4
2
8
10
7
8
3
4
5
3
6
7
4
10
2
5
2
5
6
6
4
6
10
7
4
8
9
5
9
6
2
7
3
9
4
5
4
4
8
2
9
6
7
9
4
3
6
4
8
4
10
6
6
6
5
7
3
4
5
6
5
4
5
8
5
6
7
3
10
3
8
4
8
11
6
7
9
5
3
7
7
8
4
5
10
8
1
10
2
4
8
12
3
6
2
2
4
4
5
2
5
4
4
4
6
6
6
9
5
3
4
5
3
4
4
1
7
5
5
4
9
2
7
1
4
4
7
7
4
10
5
6
4
4
5
6
4
8
5
4
4
3
4
1
7
5
7
4
8
3
5
4
13
3
5
6
3
6
7
6
3
7
6
8
4
2
7
3
4
5
4
2
9
5
9
6
3
4
5
5
8
6
3
3
7
6
6
4
5
8
3
3
3
1
6
2
7
0
5
6
6
4
5
5
7
3
9
3
3
4
6
6
4
4
4
4
5
4
6
4
4
7
4
4
4
8
6
4
7
4
8
4
2
3
9
3
6
2
6
7
4
4
6
4
7
6
7
1
5
5
4
8
6
2
6
5
3
4
6
7
2
6
4
3
8
3
6
5
7
9
4
5
6
3
7
5
8
2
6
5
6
4
4
9
4
8
4
8
6
9
4
8
7
5
8
8
2
5
5
10
5
3
4
6
3
5
5
3
0
7
1
6
4
5
3
5
5
2
3
5
3
2
7
3
0
0
3
3
6
3
3
2
2
5
5
5
5
2
3
2
6
5
4
8
3
5
3
8
2
3
2
5
2
10
5
0
2
1
4
2
2
4
2
2
4
6
1
5
6
9
4
4
6
9
1
4
5
3
5
2
5
3
4
5
8
4
4
4
3
4
4
4
3
4
4
1
7
5
3
3
2
4
2
4
4
2
4
2
1
3
4
2
7
6
2
2
4
2
1
2
4
6
4
4
3
2
1
5
4
4
4
1
5
3
0
4
3
5
2
1
5
4
4
6
1
5
5
2
5
2
4
2
8
2
4
4
3
1
2
4
2
3
2
6
2
5
3
2
6
2
3
3
2
0
3
4
3
5
3
2
0
3
0
3
6
1
1
1
2
8
1
3
4
4
4
1
8
3
7
3
0
9
1
4
4
3
2
0
1
6
3
2
1
4
6
1
3
6
3
0
2
4
4
1
7
2
4
4
1
5
2
3
4
2
4
1
8
2
2
4
2
6
8
7
1
2
4
4
3
0
6
4
1
4
1
4
0
6
6
0
6
2
1
3
2
3
1
8
3
4
1
5
5
3
3
1
2
4
5
1
2
3
2
5
6
3
2
2
1
2
3
2
3
6
3
2
1
1
2
3
3
6
1
3
1
2
3
2
1
0
3
5
0
3
1
2
3
2
4
5
2
2
2
2
0
5
4
2
3
1
5
0
2
5
1
1
1
2
1
6
4
3
6
3
4
2
4
3
4
6
1
1
2
2
4
0
2
3
2
1
1
4
2
5
3
2
5
1
4
3
6
3
6
1
2
4
2
2
3
2
4
3
2
1
1
2
1
2
4
1
3
3
1
4
5
1
3
4
5
7
3
2
4
2
4
3
1
2
2
4
2
4
1
4
3
3
2
2
3
0
3
1
3
3
3
2
0
3
1
5
2
0
4
3
3
3
3
5
1
0
1
3
1
4
2
0
5
2
3
4
1
2
1
3
3
1
4
4
1
2
5
2
2
1
1
1
3
2
3
6
4
1
2
7
1
2
2
4
2
3
0
3
1
4
2
4
4
2
2
4
4
2
5
1
1
3
3
2
0
1
4
3
2
0
4
3
1
2
1
3
1
3
2
0
2
1
3
3
2
3
3
0
2
1
0
1
1
2
4
0
3
1
1
1
0
0
2
1
1
3
0
3
1
8
2
4
1
4
4
1
1
4
3
3
4
1
3
3
1
1
4
3
3
2
1
0
0
1
3
3
0
2
1
0
5
3
5
2
2
4
1
1
1
0
4
3
5
3
1
3
3
0
4
3
0
0
4
2
3
1
2
2
1
0
3
1
3
4
0
1
3
1
1
3
3
1
2
2
2
5
1
3
3
2
0
2
0
3
6
1
1
0
4
1
3
7
3
3
2
2
1
1
2
2
3
2
0
5
1
0
5
1
1
4
2
3
1
1
1
1
3
1
2
2
2
2
2
2
1
1
2
4
1
0
3
0
1
2
1
2
1
4
2
4
5
1
2
1
6
2
0
2
0
1
0
1
1
1
3
1
0
1
1
2
1
1
1
4
0
1
3
0
2
0
0
5
7
0
3
1
4
4
3
0
1
1
3
1
2
4
2
0
1
0
4
3
0
2
0
0
1
5
2
1
0
0
3
2
2
3
0
3
3
1
2
0
1
3
3
1
2
1
3
4
2
1
2
2
2
2
2
0
1
2
4
1
0
3
1
1
0
0
0
3
2
4
0
4
1
2
0
3
0
0
1
1
3
3
2
2
2
0
2
2
1
2
0
2
2
1
2
3
4
2
0
3
5
2
2
2
1
3
2
3
1
1
1
0
1
4
2
3
0
3
2
3
1
2
1
0
2
1
1
3
2
2
1
1
2
1
0
2
4
1
2
1
1
2
3
3
1
2
3
2
3
1
1
0
2
1
3
1
0
1
3
2
3
1
1
2
0
0
2
0
3
2
1
2
0
1
4
1
1
2
0
3
2
2
0
1
2
1
2
2
2
1
2
1
0
0
0
1
1
3
3
0
1
2
2
2
3
3
0
1
2
1
0
1
2
2
3
1
0
1
3
3
1
2
2
4
1
1
1
3
3
4
3
3
0
0
0
1
1
1
3
1
1
1
1
3
2
1
3
1
2
3
2
0
2
1
2
1
1
1
2
1
3
1
2
2
0
4
2
0
2
2
1
1
2
4
1
1
3
2
3
4
2
0
1
3
3
1
2
0
3
1
1
0
2
3
0
0
2
1
0
1
1
2
2
3
0
2
3
1
3
1
1
2
1
2
2
1
3
1
5
2
1
2
0
0
0
0
0
2
2
0
2
2
0
3
0
0
1
0
1
2
2
2
1
4
0
0
0
0
4
1
1
2
1
2
3
0
0
1
0
0
3
3
0
0
0
1
5
1
2
0
1
2
1
4
1
0
1
3
2
0
1
2
1
2
2
2
4
1
1
1
2
0
0
1
1
1
1
2
3
0
2
1
0
2
1
0
0
1
4
2
2
1
1
1
1
2
0
1
1
2
1
1
0
1
0
0
0
6
2
1
3
2
1
0
0
1
0
1
3
2
1
1
2
2
1
0
0
0
2
3
0
3
1
0
1
0
1
0
0
1
2
2
3
1
2
0
0
2
3
0
0
1
0
1
2
2
5
1
1
4
4
2
0
1
2
2
1
0
0
2
3
0
1
1
1
0
1
2
1
3
2
2
3
0
2
1
0
1
1
1
1
4
2
0
4
2
0
0
1
1
1
0
1
3
2
11
13
17
13
9
11
8
3
18
12
13
17
18
13
8
11
12
10
16
18
13
10
10
14
14
10
10
10
10
18
12
14
11
16
18
16
8
19
11
11
3
22
11
10
14
11
19
7
16
13
10
7
13
13
14
7
8
10
11
9
12
15
11
12
18
13
11
14
18
13
9
10
7
13
8
10
9
17
13
8
13
16
11
7
9
2
9
10
10
12
14
14
11
13
11
11
12
4
14
12
13
10
4
12
21
14
10
11
8
12
13
17
11
8
12
13
14
9
7
10
15
10
14
10
16
10
14
12