0
0
0
0
0
0
0
0
0
0
0
0
0
0
0
0
0
0
0
0
0
0
0
0
0
2
0
0
0
0
0
0
0
0
0
0
0
0
0
0
0
0
0
0
0
0
0
0
0
0
1
8
6
18
20
28
49
59
53
59
78
93
84
90
120
113
100
97
104
111
126
116
125
132
145
157
136
124
172
131
182
158
184
158
172
147
189
193
158
197
203
180
187
230
228
220
218
220
258
308
296
433
567
861
1394
2307
4611
7523
8065
6296
4679
3643
2975
2357
1836
1343
953
724
620
523
501
490
465
481
473
561
592
704
681
824
861
970
1129
1218
1409
1514
1633
1844
2022
2157
2275
2438
2401
2172
1739
1417
1132
899
724
609
552
577
576
725
765
807
939
1050
1218
1474
1651
1773
1844
1984
2035
1809
1508
1217
973
797
731
698
701
789
916
1032
1164
1336
1488
1631
1767
1850
1786
1616
1426
1177
968
901
795
790
896
994
1171
1214
1427
1577
1666
1674
1690
1624
1382
1200
1073
964
878
919
943
1064
1141
1287
1365
1417
1536
1616
1647
1574
1477
1300
1198
1117
1034
1086
1096
1052
1137
1224
1275
1399
1385
1467
1467
1496
1473
1427
1351
1331
1250
1213
1256
1186
1185
1209
1259
1229
1267
1314
1345
1370
1377
1369
1418
1421
1394
1359
1425
1374
1362
1328
1284
1277
1274
1251
1325
1205
1303
1325
1268
1261
1313
1350
1361
1372
1348
1370
1416
1419
1300
1326
1363
1292
1357
1296
1334
1276
1315
1331
1301
1324
1292
1223
1354
1276
1339
1320
1321
1351
1351
1382
1339
1314
1317
1359
1318
1354
1306
1354
1380
1358
1285
1315
1359
1295
1330
1330
1340
1383
1333
1383
1365
1364
1259
1328
1408
1367
1274
1328
1370
1372
1326
1314
1385
1331
1295
1388
1304
1342
1294
1407
1384
1270
1339
1308
1296
1372
1443
1321
1365
1335
1357
1316
1313
1372
1318
1441
1335
1337
1320
1392
1435
1318
1341
1364
1333
1362
1367
1387
1417
1421
1437
1440
1452
1439
1473
1436
1397
1471
1461
1441
1449
1452
1417
1472
1434
1499
1470
1453
1444
1447
1546
1432
1436
1482
1521
1470
1504
1543
1461
1488
1550
1488
1510
1574
1514
1505
1544
1504
1517
1477
1513
1455
1521
1522
1503
1531
1509
1440
1467
1540
1434
1489
1473
1509
1540
1548
1509
1436
1468
1508
1494
1538
1485
1570
1578
1457
1516
1555
1547
1526
1433
1581
1520
1515
1520
1545
1485
1551
1549
1488
1471
1545
1550
1579
1485
1521
1516
1534
1482
1522
1541
1511
1530
1575
1518
1536
1471
1530
1454
1487
1511
1498
1536
1492
1523
1499
1555
1556
1513
1548
1544
1500
1491
1485
1475
1531
1522
1567
1552
1452
1512
1502
1538
1468
1525
1464
1545
1499
1488
1470
1501
1489
1484
1494
1448
1500
1425
1482
1503
1503
1513
1634
1454
1527
1425
1462
1410
1520
1491
1516
1497
1494
1507
1493
1429
1407
1545
1506
1513
1463
1444
1495
1515
1464
1343
1486
1412
1445
1495
1519
1525
1469
1513
1510
1492
1464
1499
1461
1508
1433
1447
1551
1486
1486
1374
1456
1449
1446
1432
1467
1465
1463
1489
1516
1458
1488
1466
1518
1498
1470
1443
1490
1518
1468
1454
1472
1523
1509
1489
1455
1498
1495
1481
1476
1441
1493
1463
1457
1427
1458
1499
1422
1473
1523
1482
1471
1433
1407
1471
1388
1414
1519
1474
1502
1523
1408
1500
1442
1455
1416
1499
1423
1470
1464
1434
1393
1424
1460
1488
1440
1466
1419
1428
1520
1483
1475
1515
1456
1436
1367
1490
1428
1429
1510
1412
1457
1446
1427
1523
1432
1513
1409
1453
1480
1407
1499
1393
1550
1482
1524
1515
1414
1507
1493
1497
1467
1471
1481
1490
1482
1506
1432
1541
1492
1452
1467
1515
1518
1551
1467
1496
1483
1492
1456
1505
1491
1469
1456
1457
1550
1479
1486
1484
1505
1529
1483
1539
1574
1484
1482
1522
1478
1485
1483
1470
1584
1555
1533
1469
1533
1506
1542
1500
1532
1475
1513
1576
1518
1545
1543
1580
1544
1483
1570
1544
1570
1542
1495
1610
1527
1607
1539
1503
1554
1543
1628
1632
1571
1528
1516
1555
1516
1641
1573
1584
1535
1574
1585
1525
1511
1634
1635
1587
1618
1583
1654
1664
1630
1625
1700
1625
1667
1720
1646
1652
1669
1622
1675
1674
1693
1617
1653
1663
1671
1749
1725
1722
1709
1717
1789
1716
1639
1690
1754
1717
1614
1676
1721
1714
1679
1759
1664
1643
1749
1694
1667
1768
1617
1699
1741
1677
1687
1695
1665
1715
1643
1710
1682
1638
1647
1650
1582
1637
1567
1709
1607
1567
1541
1497
1485
1478
1473
1416
1398
1444
1428
1330
1337
1358
1243
1302
1288
1195
1197
1244
1248
1245
1250
1158
1182
1151
1189
1157
1158
1142
1125
1153
1147
1152
1110
1198
1134
1117
1133
1060
1061
1089
1047
1051
1027
1053
1037
1035
1026
1007
1033
1021
1019
1026
1036
1001
1074
989
1037
1034
1002
955
980
978
989
994
971
1014
976
1020
949
961
931
970
923
917
919
912
890
932
894
973
933
933
945
915
886
943
873
856
885
845
904
938
846
846
845
832
882
857
884
810
831
845
841
882
818
861
823
855
840
781
781
786
782
824
836
845
830
762
828
818
820
759
814
784
798
748
797
761
758
742
824
799
795
730
745
702
740
729
733
744
732
703
762
741
739
715
756
735
744
709
756
681
684
711
682
695
713
678
683
675
698
704
706
729
704
655
629
668
673
659
699
638
632
666
670
615
630
658
647
649
650
667
630
641
645
621
650
603
691
617
636
650
586
635
654
623
599
588
599
597
621
632
601
599
599
640
614
621
668
587
590
619
633
639
613
588
657
589
619
601
587
600
596
610
633
548
541
603
614
599
591
584
581
630
574
593
616
588
568
612
589
627
585
609
621
591
548
630
553
593
576
593
645
530
611
580
650
564
639
603
531
586
606
593
586
623
571
546
565
581
571
599
611
615
604
593
537
611
563
532
564
579
574
574
557
569
565
574
577
561
578
613
541
531
577
534
583
568
584
558
607
548
576
605
555
523
550
616
552
569
543
603
548
563
533
520
554
584
556
544
542
594
546
510
531
557
552
520
578
518
565
538
556
548
560
549
556
552
513
542
543
552
552
549
525
547
507
574
552
521
563
521
565
525
582
511
527
497
524
560
522
590
546
509
535
523
552
535
541
521
515
534
536
482
555
551
530
555
483
509
540
556
538
497
485
518
527
503
547
564
520
464
529
495
508
539
525
524
516
497
531
520
544
530
509
476
533
497
534
535
524
516
550
522
535
521
523
537
526
457
480
541
558
549
633
593
626
657
834
995
1366
2057
3051
4607
6566
9325
12836
16699
20537
23863
25715
26619
25954
23886
20837
17361
13741
11220
8776
7338
6157
5633
5059
5020
4830
4846
4617
4482
4368
4184
3805
3649
3332
3098
2702
2479
2185
2028
1833
1655
1513
1420
1281
1176
1119
1048
955
864
812
826
713
711
635
674
646
588
597
559
548
530
558
547
528
529
488
489
519
524
533
470
478
509
485
507
494
430
505
462
467
477
449
481
482
441
487
440
417
450
433
482
432
443
443
440
418
432
444
460
429
425
400
454
417
456
411
427
399
408
444
447
430
428
464
421
428
462
401
401
397
428
422
450
414
437
373
410
400
417
429
413
396
430
429
407
398
387
388
412
408
424
420
411
411
380
383
395
399
390
390
414
388
410
437
446
409
433
409
399
397
405
415
399
408
433
406
375
399
391
389
389
423
359
404
397
388
379
380
380
402
408
413
394
399
388
384
395
388
389
406
426
374
389
365
396
389
393
388
384
372
386
392
402
344
390
379
392
348
396
356
385
384
384
386
409
389
409
376
377
375
341
373
402
373
343
369
369
343
383
398
318
413
333
375
406
374
328
360
371
367
397
355
369
339
368
390
352
356
416
351
357
364
356
359
373
370
362
368
354
346
386
366
367
390
349
386
332
342
378
382
376
404
336
366
381
367
340
349
345
362
353
358
320
357
319
323
334
368
363
343
331
319
342
340
322
365
332
335
330
369
369
350
363
320
371
359
351
350
340
339
339
340
340
356
327
354
334
319
371
363
361
327
359
306
370
390
348
323
331
293
350
343
303
361
340
333
351
349
325
358
332
330
346
344
354
346
336
323
354
344
348
315
342
339
358
326
360
340
336
357
345
316
328
311
331
338
306
353
341
333
318
332
327
295
357
324
333
334
366
330
325
338
358
329
312
349
324
358
318
310
310
316
305
368
309
366
350
304
323
332
340
345
340
311
320
323
310
369
324
344
342
349
292
342
337
336
328
345
310
311
315
328
344
321
360
307
345
297
311
338
335
307
327
326
313
340
311
338
358
326
354
339
329
345
333
299
335
331
311
351
320
306
324
347
332
322
324
310
325
388
321
303
356
320
299
325
329
329
334
345
350
310
313
317
311
360
330
297
313
344
322
317
341
307
328
321
312
331
326
332
315
276
278
283
307
317
349
336
274
314
315
329
292
314
332
307
347
296
330
337
298
332
265
322
286
322
307
311
296
311
332
340
309
297
350
302
338
290
325
318
305
310
295
325
321
315
296
337
307
322
302
308
310
329
328
339
335
295
329
326
317
264
304
317
304
312
294
310
347
299
341
288
326
301
284
292
320
288
294
323
298
324
302
322
349
331
299
314
301
339
297
314
318
288
294
274
267
329
274
299
311
296
308
286
306
329
271
314
288
337
309
289
292
312
284
303
296
275
316
317
312
297
319
318
296
299
329
318
298
300
303
295
313
304
296
280
299
299
325
300
287
343
315
285
310
303
310
307
324
300
284
298
313
300
323
293
282
273
324
288
293
308
331
287
281
288
324
300
290
289
311
316
317
326
304
295
338
292
312
318
328
304
301
333
293
306
290
306
285
297
312
281
274
303
323
318
312
283
312
282
285
301
296
298
301
290
291
309
273
270
300
293
300
268
292
277
283
286
300
318
312
258
256
292
269
276
283
321
298
297
268
294
300
296
300
296
316
261
294
297
312
300
287
315
324
312
261
266
294
313
305
284
287
319
309
273
311
285
287
290
283
301
278
313
290
291
302
290
298
308
283
288
273
283
297
308
274
303
287
321
296
287
305
266
323
300
311
301
268
348
326
323
292
297
290
294
302
310
266
299
277
264
293
285
307
268
290
286
286
312
323
321
325
309
273
286
315
279
288
271
296
317
274
272
302
304
320
268
279
287
255
271
297
295
278
282
279
294
283
310
290
290
314
294
311
291
306
298
301
283
297
312
275
282
312
292
299
327
281
284
286
307
275
294
264
318
287
298
287
266
306
277
272
294
325
298
294
297
293
299
279
292
292
293
299
279
313
273
303
305
288
286
283
288
291
278
314
263
277
286
278
302
265
263
278
250
288
295
291
283
271
285
292
292
285
281
259
293
327
281
282
282
268
280
284
321
267
297
278
303
299
281
259
303
305
288
275
276
248
263
255
315
305
287
266
288
319
271
268
249
305
275
288
269
276
286
264
335
282
309
293
288
271
286
284
282
268
286
293
313
294
283
274
268
295
288
297
301
288
332
305
278
303
285
275
301
282
256
266
295
278
291
259
298
299
284
320
314
320
308
289
277
312
303
290
270
317
306
322
284
317
296
281
294
294
291
304
293
273
327
269
299
251
290
296
295
283
282
284
289
313
298
290
300
306
318
282
288
286
289
302
305
318
328
302
296
304
312
292
287
294
307
311
310
277
282
314
299
321
288
281
320
293
288
318
292
300
277
328
295
277
322
327
287
309
266
299
302
269
298
311
252
324
288
254
330
297
299
300
281
290
309
278
282
304
303
290
334
305
286
308
314
318
302
309
320
274
319
292
279
314
325
299
294
331
282
311
308
289
300
313
296
299
318
306
290
274
323
315
309
315
309
315
314
287
317
323
344
313
292
321
309
308
339
306
282
300
322
304
306
303
310
334
318
336
322
301
309
308
332
353
306
308
331
312
328
347
306
322
311
316
291
345
314
353
339
315
334
321
318
319
310
340
291
318
351
321
322
318
323
303
322
322
331
317
300
299
336
324
339
314
329
354
349
349
361
346
317
298
312
347
341
328
314
328
324
319
352
336
318
318
340
337
331
335
349
323
352
342
349
339
344
316
387
343
356
353
346
348
315
382
344
343
351
332
306
344
368
358
328
354
370
338
323
345
337
366
337
361
344
357
341
360
351
349
343
336
365
381
365
363
332
332
352
330
349
353
413
360
369
389
350
351
370
370
339
370
389
358
343
384
348
371
377
353
374
365
374
363
370
376
351
418
361
409
382
381
346
407
395
369
380
383
397
376
368
407
423
373
406
433
398
389
409
384
373
389
384
383
382
392
360
418
410
380
404
423
420
409
415
413
405
416
444
438
429
435
419
452
405
420
411
357
392
391
423
394
406
362
372
401
392
423
388
410
412
413
409
387
387
373
393
371
381
425
403
385
386
368
378
385
393
430
382
403
390
397
377
393
414
373
402
411
404
402
402
415
434
420
396
449
422
403
422
412
415
419
439
426
440
426
373
463
392
419
414
428
404
442
447
363
436
440
400
419
441
428
449
446
408
419
392
410
405
407
368
396
407
416
427
393
440
427
439
395
421
377
387
391
358
354
398
354
334
303
337
354
346
329
301
322
330
314
322
313
328
288
343
258
334
316
290
295
309
295
296
284
284
276
292
282
308
279
312
284
283
301
264
274
305
275
307
267
273
269
284
258
303
276
278
277
263
287
277
258
278
257
273
277
266
256
271
287
272
247
285
268
286
295
255
281
280
274
284
243
249
268
252
274
245
243
240
256
272
247
277
261
241
270
256
257
240
246
263
242
221
247
290
272
209
267
255
265
247
258
237
243
278
256
247
222
259
244
257
261
257
221
250
267
247
234
234
220
263
240
244
255
215
196
238
259
217
221
256
225
242
233
239
236
223
235
243
230
224
216
235
222
216
223
243
242
216
238
236
233
225
227
229
247
212
238
215
204
249
223
210
233
231
206
190
219
230
224
213
233
209
201
218
205
196
202
210
185
213
213
205
197
224
220
187
226
215
184
200
199
206
199
176
178
219
193
201
199
197
197
184
201
199
189
226
179
194
204
177
180
179
176
172
179
189
194
176
160
189
155
160
178
207
203
186
185
183
212
188
167
157
175
211
179
163
176
163
181
177
173
170
171
187
164
165
148
160
170
156
156
173
146
157
153
164
184
165
164
160
158
164
164
148
155
159
160
168
161
137
175
148
143
167
149
142
170
123
149
146
150
164
160
150
167
169
145
133
158
154
146
121
153
156
150
144
134
125
164
135
155
144
136
182
154
136
156
171
166
138
138
143
140
156
146
124
133
142
127
104
141
136
149
153
140
115
129
133
121
132
160
144
130
149
136
154
127
135
130
139
141
138
152
140
139
150
131
138
140
144
126
117
116
134
136
108
123
144
135
112
123
128
128
121
131
118
118
112
120
127
143
126
141
148
131
126
118
121
142
110
132
144
109
139
128
128
110
116
119
116
121
115
135
121
116
131
121
121
134
133
92
99
122
109
134
112
122
116
127
124
109
123
117
112
125
122
105
116
118
126
94
94
130
126
123
99
119
111
126
122
122
139
120
118
123
124
122
110
121
124
120
115
123
113
117
88
137
117
134
106
130
97
124
128
112
126
123
95
129
110
107
118
106
108
138
118
137
118
96
109
90
102
114
106
111
120
114
113
136
114
90
109
121
118
130
121
118
130
108
100
115
110
108
123
115
113
127
118
110
114
105
108
126
118
102
128
118
117
113
111
119
100
111
93
110
104
120
100
100
128
132
114
124
121
126
109
123
101
110
97
103
119
140
168
249
360
556
925
1444
2211
3298
4562
5817
6698
7235
7251
6544
5562
4469
3429
2537
1982
1524
1268
1225
1139
1192
1194
1128
1178
1155
1119
1092
938
866
852
743
687
667
542
509
450
430
400
352
341
308
269
262
238
236
230
230
212
230
167
182
180
181
170
200
197
161
155
192
141
179
149
153
155
149
161
145
126
117
138
163
152
127
138
148
148
134
153
146
123
134
131
114
137
128
125
137
126
129
130
159
134
129
138
118
129
142
131
131
139
145
151
123
102
122
136
133
142
114
134
109
134
135
121
107
131
128
137
108
124
123
117
140
146
131
140
133
123
116
122
97
121
142
101
112
123
126
119
116
131
135
115
120
107
124
105
92
119
127
124
124
129
118
111
113
115
109
114
121
111
102
124
118
124
123
113
114
131
120
116
109
111
108
136
127
126
116
121
110
119
118
137
116
126
99
113
98
106
106
129
108
114
117
116
104
132
114
105
112
98
98
104
112
98
99
112
110
106
103
109
132
86
120
126
103
105
87
82
104
99
122
99
91
107
114
100
87
91
97
98
123
103
107
100
104
99
102
105
106
104
111
89
116
119
87
83
110
116
109
98
92
95
115
111
101
109
98
113
101
101
93
107
120
83
99
76
92
111
103
120
116
89
87
110
115
95
101
110
94
98
104
87
99
114
116
105
108
103
83
90
105
96
89
106
85
94
101
82
93
113
95
77
95
101
88
77
97
99
101
88
99
100
96
102
95
82
81
93
89
79
79
104
92
86
82
92
94
89
91
91
100
99
104
80
112
93
100
81
129
88
96
106
97
94
84
87
93
100
91
91
94
84
88
74
79
114
79
93
96
99
82
86
91
90
99
77
95
94
91
73
86
86
86
77
94
87
84
95
84
100
84
74
74
73
85
85
72
92
95
90
77
67
86
87
101
78
81
97
92
76
95
79
93
85
87
79
87
80
80
96
110
84
77
80
89
110
93
83
87
102
99
89
89
85
81
92
89
86
103
83
79
71
64
86
82
64
81
89
83
77
84
75
92
97
87
85
82
88
98
74
78
85
79
88
72
83
97
77
76
84
81
85
78
92
78
88
90
71
80
90
78
92
81
89
99
91
65
85
74
72
81
78
92
69
98
71
78
93
77
85
79
88
86
93
81
94
84
84
91
83
65
89
80
96
82
102
91
85
82
79
84
97
87
85
95
88
87
81
76
73
76
87
79
74
81
77
90
58
88
96
85
79
69
74
80
70
83
93
96
76
71
76
72
73
72
80
81
65
86
87
77
102
73
79
79
67
86
72
91
88
78
80
72
67
72
62
82
89
67
98
72
82
75
83
83
72
71
68
83
74
82
81
69
75
70
96
65
76
70
79
79
66
86
71
71
63
81
84
68
78
89
71
75
70
80
71
77
67
68
67
71
56
75
79
58
66
69
79
77
71
82
78
75
70
92
68
70
74
72
70
80
67
83
64
76
59
77
76
73
81
71
71
66
56
72
78
78
62
71
74
74
80
71
103
80
72
83
80
54
60
78
57
67
62
73
80
82
79
54
71
71
66
77
89
75
68
63
68
73
77
68
62
65
72
66
72
81
77
74
89
75
76
78
84
64
75
95
71
77
55
60
70
71
58
78
80
73
70
67
73
68
68
74
68
66
68
69
64
76
70
77
63
80
67
70
70
64
75
65
66
70
71
60
66
61
55
76
64
71
59
71
76
71
66
64
78
76
68
62
67
78
76
59
65
64
73
70
70
65
62
68
63
53
59
65
80
63
74
55
64
68
62
57
62
75
68
49
71
70
50
71
64
56
63
65
58
59
60
60
70
68
60
62
64
52
61
71
62
62
61
65
66
62
72
52
51
54
53
51
63
60
62
55
58
67
66
41
57
76
50
59
69
61
68
46
60
59
56
64
52
54
49
63
59
50
49
61
63
43
56
66
48
52
55
64
47
42
55
52
51
43
66
55
55
56
67
48
54
50
57
55
72
49
47
47
60
44
48
50
53
70
52
64
60
46
44
67
60
47
46
54
51
66
61
50
65
53
55
57
65
53
54
52
55
48
49
37
44
63
47
45
44
56
47
50
42
44
59
59
49
44
41
53
43
45
40
51
59
35
46
43
57
45
50
32
42
39
45
47
47
28
42
32
48
40
46
44
46
42
33
39
42
45
47
47
44
35
46
53
41
35
46
38
34
48
38
41
38
42
40
62
41
35
46
37
37
41
39
31
33
47
35
50
47
31
21
34
46
47
30
39
36
46
34
45
51
42
32
25
42
52
44
28
33
35
28
35
43
34
39
37
47
38
33
34
41
31
36
42
31
38
49
44
35
32
46
25
29
33
33
39
23
32
31
37
28
34
37
29
25
29
34
35
35
27
45
30
41
27
29
34
43
44
35
33
46
30
38
38
32
36
54
32
34
28
32
32
27
28
38
19
29
35
44
39
31
28
21
28
29
33
29
36
27
40
28
35
35
36
33
27
29
31
44
30
33
36
26
27
27
29
24
23
25
44
30
35
37
31
29
34
28
21
28
28
34
32
24
28
34
29
24
20
30
20
35
40
22
42
32
31
33
36
30
23
30
20
29
27
38
26
29
25
34
31
27
25
24
29
41
23
36
28
33
28
23
31
35
34
35
23
23
34
20
31
23
21
33
26
21
28
28
26
28
23
29
27
36
27
30
30
21
19
31
30
32
21
34
22
30
32
33
37
26
45
23
34
30
31
17
24
28
25
29
21
28
26
25
29
34
25
27
20
20
33
26
36
21
27
26
32
34
26
31
29
31
34
22
28
27
23
27
30
27
27
27
31
32
26
19
23
25
33
39
34
27
26
30
19
26
26
32
34
24
27
27
28
27
20
20
35
31
31
24
25
44
30
22
31
16
21
22
38
17
25
33
31
37
25
26
30
22
25
23
26
28
28
18
29
25
19
34
28
27
22
28
20
20
22
30
28
34
30
28
26
25
27
34
31
34
29
30
31
41
30
37
25
35
40
24
38
29
38
29
31
44
36
37
50
39
58
73
88
128
134
183
223
254
240
276
292
267
245
209
200
164
138
117
91
98
64
69
66
65
63
64
73
58
66
53
56
45
50
45
35
41
36
21
39
28
25
21
20
32
22
32
21
15
23
17
23
26
21
22
17
18
19
12
21
20
19
22
29
31
16
19
19
21
20
17
13
18
18
20
24
19
18
15
17
13
18
19
21
25
12
17
13
15
14
13
15
9
19
24
16
20
25
14
16
14
28
19
19
17
16
18
15
29
13
25
14
17
18
22
22
13
15
17
16
11
18
10
13
17
21
20
15
13
22
14
20
19
23
20
17
15
10
19
21
16
11
19
21
16
8
16
23
17
14
18
11
16
14
9
14
18
18
15
12
20
14
10
11
19
20
15
13
8
13
17
14
18
12
16
15
20
11
17
17
7
11
11
10
14
15
20
18
14
16
11
14
20
11
14
15
13
22
11
14
21
10
13
13
17
10
14
12
11
13
15
9
14
16
15
19
13
11
14
18
12
9
12
13
16
7
15
12
16
15
9
12
14
11
10
22
18
14
11
19
15
18
8
12
18
14
20
16
10
11
13
8
19
11
14
12
11
15
16
18
15
15
12
14
12
7
13
3
11
19
15
16
16
18
12
17
9
9
8
15
9
7
10
12
10
11
10
14
14
13
15
16
17
10
15
10
11
11
10
11
14
13
19
15
12
7
6
18
15
9
18
10
15
12
12
23
15
12
16
12
15
16
10
10
14
10
17
9
14
11
13
13
15
10
11
21
11
10
18
5
10
11
19
12
15
8
12
16
9
11
12
13
10
9
15
7
17
10
14
13
9
10
16
12
14
14
10
10
15
10
8
12
10
6
14
11
13
11
16
8
10
13
11
9
16
14
10
15
7
12
9
9
10
12
16
6
9
17
17
11
4
11
16
10
15
6
9
7
9
11
13
5
10
16
18
12
10
7
11
9
10
9
6
8
18
11
8
9
16
13
17
6
16
10
13
11
9
9
12
12
6
8
13
8
5
12
9
10
14
8
6
12
13
8
7
15
13
13
15
12
9
11
7
15
13
5
11
8
10
15
11
5
8
11
18
11
10
7
12
9
9
12
13
16
11
10
9
7
13
17
13
11
12
14
10
11
15
12
11
12
11
14
11
9
17
11
14
14
11
9
12
9
7
13
8
8
10
9
8
9
9
6
15
11
5
13
8
10
10
10
14
7
10
9
11
9
19
7
6
7
10
11
13
8
9
16
13
12
10
11
12
10
12
9
13
7
8
9
12
4
9
15
11
8
9
4
8
10
14
8
9
9
7
7
9
15
5
13
12
5
6
2
10
5
8
13
12
12
9
12
10
9
15
2
9
9
8
4
11
5
9
5
11
10
3
8
7
6
10
9
4
7
9
7
9
8
9
16
9
9
5
12
5
11
9
12
7
8
13
5
6
7
7
9
7
19
10
4
10
8
8
8
10
11
6
12
7
9
7
7
3
11
9
8
7
8
12
19
9
5
11
5
10
10
7
5
12
6
7
5
8
12
7
4
10
10
9
11
4
9
5
5
4
13
10
6
13
7
12
10
6
7
3
9
9
5
10
7
6
13
7
7
9
11
9
9
8
9
7
8
11
7
10
7
6
5
10
4
10
10
7
14
6
10
11
10
6
15
10
9
4
5
4
5
3
6
6
4
10
5
6
7
7
8
9
13
9
7
11
5
9
4
11
8
6
5
8
10
11
5
10
9
7
14
4
5
10
8
7
9
8
4
4
6
4
9
10
6
8
4
10
11
11
12
5
6
5
14
11
10
3
6
11
14
5
11
8
7
11
4
9
6
6
4
7
10
9
12
5
5
7
6
7
9
6
7
6
10
7
7
12
7
5
7
5
4
11
10
6
4
7
12
7
8
9
4
6
5
3
8
6
6
2
3
9
6
7
5
4
5
6
10
7
9
9
9
6
8
11
8
4
5
6
4
6
13
5
3
5
7
8
6
8
10
5
5
8
6
5
8
3
10
9
11
6
9
5
5
12
4
7
10
7
4
5
10
6
8
6
5
7
10
4
8
9
4
8
5
8
4
5
8
6
4
7
5
7
5
6
4
4
7
3
5
4
8
8
10
8
11
7
6
3
4
11
6
10
6
4
3
6
4
5
5
5
4
5
6
10
5
6
10
2
7
12
6
9
7
5
4
5
7
5
5
4
8
5
6
5
7
10
6
7
4
8
12
7
6
4
7
3
3
7
6
7
7
4
5
5
9
7
4
6
4
7
9
2
2
4
7
6
6
5
4
5
5
3
5
13
4
8
9
7
9
4
7
5
3
7
6
3
5
8
10
5
5
3
3
4
3
10
10
8
8
2
5
3
4
5
12
15
9
5
8
5
4
4
7
6
2
3
2
6
7
9
5
6
5
3
7
4
4
5
8
9
7
5
5
3
5
9
6
1
5
6
9
4
7
6
7
7
5
5
4
3
6
5
3
6
4
5
6
5
5
6
6
10
10
4
4
8
4
5
6
6
6
6
3
9
2
5
2
8
3
7
9
3
8
7
3
9
8
9
8
5
6
5
8
8
6
4
3
7
5
6
9
7
10
0
4
5
6
6
6
4
6
10
3
3
5
2
3
5
5
5
5
6
1
6
7
4
6
6
6
13
4
4
7
7
3
7
5
3
12
4
3
5
2
7
3
2
2
7
1
3
3
4
2
5
2
4
4
3
6
5
7
4
4
3
4
3
7
4
5
5
6
1
4
5
7
5
4
9
4
6
3
9
5
5
7
2
5
2
4
3
9
1
3
6
6
3
7
4
6
7
5
3
4
4
2
8
3
2
1
3
2
8
6
8
8
5
2
7
7
5
7
0
1
4
3
6
6
9
2
4
5
4
6
2
2
2
7
4
5
2
7
2
6
7
4
6
5
2
5
6
2
7
7
5
7
6
4
2
5
9
7
4
1
12
5
6
3
3
8
7
9
2
5
1
1
7
3
4
10
6
2
2
4
7
5
5
6
8
4
4
4
8
4
7
1
2
6
1
5
3
5
3
4
3
9
3
5
3
3
7
3
7
6
6
3
3
5
3
5
5
5
5
1
2
4
4
3
5
4
7
4
2
6
1
6
2
6
2
2
2
3
6
2
1
5
10
7
3
6
1
4
6
3
2
2
3
0
3
3
1
1
5
4
4
4
3
4
4
6
5
3
2
4
3
4
4
3
4
2
1
4
2
3
3
0
0
3
3
5
3
3
8
2
0
4
4
11
2
2
5
2
2
7
6
3
1
1
4
4
3
3
4
3
5
3
3
2
6
2
1
4
5
4
4
2
8
2
3
3
4
5
6
7
1
5
3
1
1
4
5
6
5
5
5
1
2
4
2
1
5
3
5
3
1
4
4
4
1
2
0
1
3
7
4
4
2
3
2
0
2
3
5
8
2
3
4
2
4
4
4
4
8
5
3
5
3
3
6
5
4
1
3
6
4
3
3
4
1
3
2
5
3
6
4
5
4
7
3
3
1
1
2
4
2
4
2
1
5
1
4
4
5
2
1
6
1
0
2
3
4
2
4
3
2
4
5
1
2
0
1
7
2
2
3
3
3
1
2
2
3
0
1
5
4
1
5
3
2
2
2
2
3
4
1
3
0
3
3
2
2
1
0
4
3
7
3
3
2
4
3
5
3
1
2
8
3
2
0
1
5
8
6
2
2
4
2
3
5
1
1
2
2
1
3
1
1
2
3
2
3
2
0
5
3
2
1
2
2
3
3
1
1
3
5
1
3
0
9
3
3
2
5
0
1
2
4
1
2
1
1
3
1
4
4
4
2
0
2
4
6
1
3
3
0
1
2
3
3
5
4
5
2
1
2
4
3
1
4
4
3
3
2
1
4
5
0
1
5
8
2
2
5
3
1
6
4
0
6
3
3
2
3
5
2
2
1
2
2
3
2
4
2
3
2
0
7
1
6
2
2
5
2
2
1
3
0
3
2
2
1
3
2
4
4
5
1
5
1
3
0
1
1
1
1
1
4
4
1
1
1
3
3
2
3
2
2
2
4
2
2
1
3
2
2
4
3
2
3
4
1
0
1
1
1
1
1
1
3
1
0
0
4
2
2
1
3
1
3
1
2
5
3
2
2
2
0
2
1
3
3
3
1
2
4
1
1
2
3
3
1
4
1
1
0
5
2
1
4
3
1
0
2
4
3
4
1
2
2
2
4
3
4
2
1
0
2
1
3
2
2
1
1
0
0
4
2
6
2
2
2
2
0
2
3
1
2
3
1
4
1
2
0
2
0
3
2
1
2
3
5
2
2
0
3
1
3
3
2
2
4
3
2
3
2
5
1
1
3
1
0
1
2
1
3
3
0
2
1
1
3
3
1
1
4
2
0
3
1
2
1
1
2
2
3
3
2
1
0
1
3
4
3
2
0
3
1
3
1
2
4
2
0
3
3
6
2
5
1
7
4
5
3
3
4
2
5
2
9
1
1
7
3
6
5
0
3
6
1
4
1
1
4
5
2
1
2
2
1
1
2
3
1
1
1
1
2
4
2
1
2
1
1
0
2
3
3
3
3
1
1
1
0
0
1
2
4
1
0
2
2
2
2
2
0
1
0
1
0
1
2
2
2
1
4
0
1
0
1
1
1
1
1
0
1
2
0
0
2
1
1
2
4
1
2
2
0
1
0
2
0
2
0
3
1
0
2
0
0
1
4
0
2
1
0
1
0
1
0
1
0
1
1
1
0
2
1
0
0
1
0
1
1
0
0
2
0
4
0
0
1
1
1
1
1
2
4
1
1
1
0
1
1
0
2
1
0
1
1
0
1
3
1
1
3
0
2
0
2
1
2
1
0
1
1
2
2
0
4
4
2
4
1
2
1
2
2
2
4
1
1
2
3
2
0
2
0
1
1
0
1
0
1
1
0
1
0
2
2
1
4
1
3
1
1
0
1
0
2
0
0
2
2
1
1
0
2
1
0
3
0
1
2
0
1
0
0
2
2
0
0
2
0
2
1
0
1
1
2
3
4
1
0
1
0
3
0
0
1
1
1
0
0
1
0
2
1
2
0
2
2
2
2
0
1
1
0
1
1
1
1
0
0
0
2
0
1
2
2
1
3
0
1
0
0
1
0
2
1
0
0
1
3
1
3
2
0
2
0
1
0
2
1
2
2
1
1
3
1
0
0
0
0
2
0
0
1
1
2
2
1
2
4
1
1
0
1
1
2
0
2
0
1
2
1
2
1
2
1
1
0
1
2
1
4
1
1
0
3
1
0
1
0
2
1
0
1
2
2
0
0
0
1
2
0
0
0
2
0
0
2
0
0
1
0
3
0
0
0
2
1
0
0
0
1
4
0
3
2
2
0
3
0
3
1
1
2
1
1
2
0
0
1
0
1
1
2
1
1
1
2
1
1
1
0
2
0
2
0
0
0
0
0
1
1
1
2
1
0
1
1
0
0
0
1
2
1
0
0
3
3
1
1
1
0
2
2
0
0
1
0
0
0
1
0
1
1
0
2
1
0
0
1
1
1
1
0
0
2
1
0
0
0
0
0
3
1
0
2
0
1
1
3
2
1
0
0
1
0
0
1
0
1
1
5
1
1
2
0
3
1
0
0
2
0
1
0
1
3
0
2
0
2
1
1
0
1
1
0
1
0
0
1
0
2
2
0
1
1
1
0
0
3
1
0
1
2
2
0
0
0
0
1
2
0
0
0
3
0
0
0
0
1
0
0
0
0
0
0
0
2
0
0
1
2
1
1
2
2
0
1
0
0
1
2
1
1
0
1
1
0
1
3
0
1
0
1
1
0
0
1
0
0
1
0
1
0
1
2
0
1
0
1
1
1
0
0
0
3
2
2
1
0
2
0
0
2
0
0
0
0
1
1
1
0
0
0
2
0
0
0
0
2
0
0
1
0
0
0
0
1
0
1
1
2
3
0
1
0
0
4
1
1
1
1
1
2
1
1
0
0
1
1
1
1
0
0
0
0
0
0
0
0
0
1
1
0
0
0
1
1
3
1
1
0
0
2
0
1
1
0
1
0
1
0
0
1
1
0
3
0
2
1
0
1
0
0
0
2
1
0
1
1
0
0
1
0
0
2
0
1
0
0
0
0
0
0
0
1
1
0
0
1
1
0
0
1
1
1
0
0
0
1
0
0
0
0
0
1
0
0
1
1
1
0
0
1
1
0
2
0
2
1
0
0
0
0
0
0
0
1
0
0
2
1
0
2
0
0
0
1
0
1
0
1
1
1
0
0
1
0
1
0
0
2
1
0
0
0
0
0
0
0
2
0
0
0
1
0
0
0
1
0
1
0
0
1
0
0
2
0
0
0
0
2
0
0
0
3
1
0
1
2
0
1
1
2
0
0
0
1
1
0
1
1
0
0
1
1
0
1
1
0
0
1
0
0
1
0
1
1
0
0
1
0
1
0
1
0
0
1
0
0
0
0
0
1
0
0
0
0
2
0
0
0
1
0
2
0
0
0
1
0
1
0
1
0
1
2
0
0
0
1
1
0
0
0
1
1
1
0
0
1
0
0
2
2
0
0
0
0
0
1
1
0
1
1
0
0
0
0
0
0
0
0
0
0
0
1
0
0
0
0
0
0
1
1
0
0
0
1
0
1
0
0
1
1
0
0
0
0
0
0
0
0
0
0
0
1
0
0
0
0
0
0
1
0
0
1
0
0
0
0
0
0
1
0
1
1
0
0
0
1
0
0
2
1
1
0
0
0
0
1
0
0
2
0
0
0
0
0
0
1
1
1
1
0
0
0
0
0
0
1
0
0
1
0
0
0
1
0
0
0
0
0
0
0
0
1
0
1
0
0
0
0
0
1
0
0
1
0
0
0
0
1
0
1
0
1
1
2
0
0
1
1
0
0
0
0
0
0
0
0
0
0
0
0
0
0
0
0
0
0
0
0
1
0
1
0
0
0
2
0
0
0
0
1
0
0
0
2
0
0
0
0
0
0
0
0
1
1
0
0
0
1
2
0
0
0
0
4
1
0
0
1
0
1
0
1
0
0
0
0
0
0
0
0
0
0
1
0
0
0
0
0
0
0
0
0
0
1
2
0
0
0
1
1
0
0
0
1
0
0
0
1
1
0
1
0
0
0
1
1
0
0
0
0
0
0
0
0
0
0
0
1
0
0
0
0
0
0
0
1
0
0
0
1
0
0
1
0
0
0
0
0
0
0
1
1
1
0
0
0
1
0
0
0
0
0
1
0
0
1
0
0
0
0
1
0
0
1
0
0
0
0
0
0
1
0
0
0
1
0
0
1
1
1
1
1
0
0
0
0
1
0
0
0
0
2
0
0
0
0
0
0
0
0
0
1
0
1
1
0
0
0
0
0
0
0
0
0
0
0
1
0
0
0
0
1
0
1
0
0
0
0
0
0
0
0
1
0
0
0
0
0
1
1
0
2
1
1
1
1
0
0
0
0
0
1
0
0
0
2
0
0
1
1
0
0
0
0
0
1
0
0
0
0
1
0
0
0
0
0
0
0
0
0
1
0
0
0
0
0
0
0
0
0
0
0
0
0
0
0
0
1
0
0
0
0
0
1
0
0
0
0
0
1
2
0
0
0
0
0
0
1
0
0
1
0
0
0
0
0
0
0
0
0
0
0
0
0
1
0
0
0
0
0
0
2
0
0
0
0
0
0
0
0
1
0
0
1
0
0
0
0
1
0
1
1
1
0
0
0
0
0
0
0
0
0
1
0
0
1
1
0
0
0
0
1
0
0
0
0
0
0
0
0
1
2
0
0
0
0
0
1
0
0
0
0
0
2
1
1
0
0
0
0
0
0
0
0
0
0
0
0
0
0
0
0
0
0
0
0
1
0
0
1
0
1
0
0
0
2
0
0
0
0
0
0
0
0
1
0
0
1
0
0
0
0
0
0
0
0
0
1
1
0
1
0
0
1
0
0
0
1
0
0
0
0
0
0
0
0
0
0
0
1
0
0
0
0
0
0
0
1
0
0
8
7
12
9
3
10
8
11
9
11
9
11
9
15
9
13
9
15
8
7
9
8
15
14
9
5
11
8
4
6
10
4
13
10
5
5
12
6
9
11
10
12
8
13
9
8
11
11
8
7
13
9
12
14
12
5
7
11
17
12
4
10
9
9
9
7
9
9
7
8
14
14
13
7
8
8
7
6
11
15
11
14
7
7
12
11
8
12
9
9
13
12
11
3
6
7
12
8
9
9
9
11
11
3
15
6
9
8
11
8
2
13
10
8
13
9
10
11
8
12
10
4
10
12
20
11
13
12