0
0
0
0
0
0
0
0
0
0
0
0
0
0
0
0
0
0
0
0
0
0
0
0
0
0
0
0
0
0
0
0
0
0
0
0
0
0
0
0
0
0
0
0
0
0
0
0
0
0
0
5
5
13
22
26
36
46
66
56
81
93
95
80
105
99
84
103
125
105
128
114
122
123
123
136
139
142
141
155
127
173
157
179
164
187
178
187
194
171
186
189
191
205
227
223
249
200
246
298
322
423
583
873
1401
2442
4732
7506
7837
6086
4260
3386
2702
2031
1632
1173
893
646
556
473
440
484
476
493
548
550
543
662
739
823
849
973
1095
1231
1344
1508
1608
1834
2052
2126
2296
2403
2195
2136
1697
1276
1017
850
736
641
544
589
604
644
694
807
928
1130
1254
1480
1598
1778
1942
1944
1949
1744
1404
1109
913
804
748
738
719
768
868
996
1188
1356
1493
1686
1812
1766
1716
1509
1225
1104
854
824
732
846
898
956
1092
1294
1396
1526
1648
1599
1661
1539
1333
1123
959
904
871
912
930
1054
1148
1298
1378
1462
1514
1511
1490
1454
1325
1183
1121
1030
1015
1000
990
1047
1146
1112
1260
1267
1340
1444
1379
1436
1364
1335
1258
1195
1174
1124
1163
1131
1122
1116
1124
1182
1171
1247
1258
1314
1264
1246
1298
1357
1338
1326
1259
1348
1219
1226
1231
1307
1245
1152
1186
1178
1169
1219
1200
1241
1223
1235
1292
1252
1266
1246
1259
1251
1308
1258
1271
1224
1296
1210
1219
1283
1262
1180
1190
1164
1212
1186
1243
1205
1156
1305
1233
1255
1211
1247
1238
1224
1258
1273
1265
1267
1237
1278
1250
1235
1287
1226
1222
1276
1156
1258
1235
1185
1253
1276
1273
1243
1253
1275
1182
1190
1270
1212
1301
1234
1264
1254
1276
1288
1222
1238
1255
1205
1246
1259
1253
1286
1277
1213
1244
1304
1255
1196
1267
1248
1258
1297
1203
1272
1222
1188
1279
1226
1317
1277
1322
1220
1294
1325
1367
1321
1324
1349
1346
1383
1321
1362
1326
1318
1352
1333
1391
1354
1415
1453
1296
1336
1321
1307
1410
1293
1390
1408
1395
1413
1411
1484
1358
1348
1405
1345
1376
1383
1447
1392
1437
1361
1414
1437
1389
1440
1441
1492
1451
1396
1446
1488
1378
1480
1479
1405
1469
1400
1475
1469
1413
1414
1412
1402
1436
1491
1434
1451
1426
1444
1456
1449
1443
1443
1426
1373
1474
1417
1508
1426
1436
1427
1437
1375
1493
1489
1432
1412
1390
1409
1449
1429
1435
1447
1429
1391
1439
1409
1457
1472
1394
1445
1463
1402
1453
1427
1449
1425
1438
1409
1352
1424
1393
1444
1384
1475
1447
1409
1432
1431
1434
1440
1425
1384
1437
1496
1404
1426
1466
1387
1410
1439
1351
1415
1392
1432
1353
1444
1408
1433
1444
1457
1433
1477
1398
1389
1465
1458
1466
1450
1393
1387
1371
1382
1453
1459
1395
1481
1447
1350
1515
1433
1367
1467
1559
1419
1480
1394
1393
1425
1420
1449
1407
1456
1441
1422
1478
1482
1451
1405
1353
1426
1438
1441
1419
1424
1407
1422
1467
1413
1367
1391
1416
1415
1406
1439
1484
1393
1482
1419
1373
1369
1398
1422
1399
1391
1420
1376
1396
1432
1383
1420
1382
1432
1417
1442
1470
1423
1508
1410
1393
1395
1428
1444
1402
1441
1367
1452
1457
1381
1422
1468
1462
1355
1426
1456
1460
1407
1423
1414
1436
1444
1390
1484
1404
1426
1412
1505
1334
1410
1421
1410
1424
1452
1436
1390
1446
1426
1453
1382
1427
1415
1447
1438
1450
1410
1366
1448
1412
1367
1441
1419
1452
1443
1482
1442
1456
1422
1422
1412
1445
1484
1453
1426
1423
1439
1462
1376
1423
1402
1511
1437
1473
1453
1397
1516
1441
1476
1518
1430
1504
1399
1430
1465
1494
1510
1488
1455
1545
1426
1491
1417
1544
1486
1417
1488
1513
1548
1440
1489
1431
1522
1490
1496
1531
1467
1505
1500
1558
1494
1457
1507
1520
1494
1490
1485
1502
1494
1548
1496
1504
1533
1474
1627
1553
1503
1482
1502
1484
1515
1459
1554
1480
1575
1514
1548
1555
1499
1510
1542
1556
1593
1606
1525
1516
1565
1532
1571
1547
1476
1539
1568
1623
1565
1546
1576
1565
1615
1620
1621
1601
1605
1601
1635
1692
1590
1540
1550
1585
1688
1640
1682
1766
1665
1681
1675
1636
1645
1709
1659
1615
1629
1655
1669
1726
1632
1687
1659
1626
1682
1696
1717
1678
1635
1696
1724
1742
1770
1719
1704
1702
1765
1738
1657
1693
1680
1652
1687
1718
1683
1730
1678
1791
1668
1721
1651
1689
1724
1633
1655
1674
1629
1621
1624
1610
1663
1549
1581
1503
1564
1481
1384
1411
1355
1404
1348
1392
1282
1327
1274
1267
1324
1313
1215
1218
1183
1152
1204
1129
1177
1138
1174
1132
1151
1073
1082
1156
1059
1090
1087
1147
1092
1079
1121
1059
1067
1097
1055
1001
1031
1003
974
1016
1054
994
976
971
938
981
964
979
955
994
961
961
974
901
927
946
977
975
984
1011
904
971
876
951
954
875
903
896
886
889
914
936
882
873
864
893
901
896
911
876
861
826
885
841
852
850
835
898
855
836
805
782
872
808
829
864
788
794
852
819
784
838
812
839
808
808
778
817
813
745
741
759
782
739
740
790
715
777
742
749
795
730
821
727
655
688
741
728
711
688
729
751
693
716
691
715
746
683
665
665
726
674
682
666
675
651
699
685
636
655
678
626
664
665
638
663
661
704
694
629
639
643
585
674
636
562
572
656
600
629
600
629
636
645
633
632
623
606
581
604
585
616
633
586
643
596
591
599
584
615
607
591
583
608
550
552
642
539
602
562
571
540
556
558
587
541
564
538
556
567
556
580
564
558
563
575
547
547
559
585
562
543
537
588
586
597
554
573
515
541
535
534
560
548
518
528
598
540
570
538
549
570
539
523
523
545
577
605
563
566
575
559
536
539
551
551
530
550
542
503
530
504
585
507
534
540
515
578
548
540
553
527
512
582
535
549
561
524
499
565
539
550
510
494
540
526
555
494
537
553
481
513
562
538
527
514
544
476
516
527
546
577
545
528
510
522
546
542
568
507
513
528
514
549
542
511
557
517
488
485
551
497
476
499
496
487
498
490
528
493
463
469
499
513
535
477
518
500
498
441
479
498
492
515
524
485
476
536
491
502
505
454
501
539
552
497
480
461
495
517
515
520
505
478
465
506
488
510
487
494
497
521
514
443
447
484
447
468
460
493
466
524
471
518
482
482
545
490
550
507
488
486
505
466
491
473
496
480
518
502
479
459
474
516
476
503
515
469
512
495
504
541
517
491
493
513
494
468
510
512
576
613
771
907
1289
1862
2643
4101
6271
8892
12687
16444
20635
24770
27297
28029
28042
25169
22141
18414
14677
11737
9357
7597
6490
5659
5332
5202
5045
4983
4953
4649
4627
4267
4065
3714
3402
2994
2731
2573
2279
2098
1860
1753
1460
1461
1261
1202
1103
1007
951
875
808
726
764
667
649
642
647
595
563
565
538
524
550
513
487
487
516
503
490
485
479
495
498
464
471
476
474
459
434
472
425
441
458
448
418
413
446
412
458
419
463
480
426
410
451
431
415
473
404
409
417
399
427
409
404
432
419
415
439
440
392
367
434
403
405
408
393
415
401
355
419
406
419
408
378
412
397
425
387
397
400
426
407
414
401
422
425
383
388
398
414
416
377
412
401
399
391
418
361
406
413
400
386
363
368
385
389
382
373
381
395
368
376
417
383
410
350
380
339
415
375
417
367
372
395
382
354
415
398
376
383
395
338
383
374
372
366
368
360
370
359
329
341
392
383
402
369
356
359
385
345
390
361
379
356
365
355
366
351
353
383
369
372
351
357
366
361
350
346
351
379
319
353
365
373
328
389
365
354
336
354
394
344
334
367
358
375
341
355
372
348
348
363
387
333
343
352
368
379
352
334
329
331
347
320
322
317
392
336
366
355
322
341
328
360
372
367
321
309
351
344
377
362
343
316
359
348
352
329
358
338
365
341
354
390
363
352
384
334
347
346
337
316
321
334
372
308
331
342
346
304
320
320
316
338
343
299
340
334
343
339
356
327
339
334
345
338
326
352
298
304
331
329
317
319
343
321
319
344
322
300
352
359
340
326
294
350
308
329
338
340
308
354
341
326
339
322
318
299
329
344
310
348
325
314
326
336
327
316
322
343
315
315
330
346
333
331
317
319
312
322
309
345
321
329
324
341
316
300
359
327
301
332
283
332
309
323
325
317
381
309
324
352
352
329
338
333
313
317
330
353
359
347
288
309
324
311
329
364
321
318
348
314
321
331
344
344
308
328
327
297
340
324
260
326
311
323
308
341
313
302
341
289
318
323
319
333
333
311
344
304
324
327
293
307
325
326
292
321
317
334
315
304
336
310
304
348
317
337
318
290
331
314
330
305
306
344
301
320
326
324
357
328
330
339
313
347
352
323
308
291
319
319
331
337
334
333
277
314
333
344
321
306
346
324
311
306
315
312
317
297
334
314
288
280
353
329
344
308
314
311
338
308
339
289
323
296
327
317
289
295
307
334
320
285
310
262
315
311
297
316
317
314
315
313
294
272
282
324
300
294
263
312
320
283
352
304
285
265
305
334
326
280
322
310
292
290
300
294
292
292
313
315
306
299
286
302
281
298
310
318
284
290
340
289
293
298
291
313
317
310
292
289
305
281
295
273
301
303
299
305
313
305
305
297
286
295
258
282
302
332
282
286
286
307
300
312
303
290
301
285
287
286
274
305
321
273
296
306
310
280
322
302
249
267
317
286
306
301
310
322
277
291
270
327
298
293
276
286
338
266
271
268
296
278
296
296
289
312
298
267
305
298
303
297
273
306
293
307
286
300
267
317
299
325
317
314
333
318
324
310
289
286
329
285
289
305
285
296
282
273
320
303
269
337
261
294
319
304
304
266
295
282
313
279
287
305
281
310
276
278
284
273
308
277
259
294
281
280
301
296
294
267
298
308
292
281
268
286
306
308
274
266
302
309
266
291
316
289
318
297
293
314
325
282
279
311
299
283
274
295
261
285
281
308
309
311
286
308
298
289
320
285
272
281
289
301
294
280
270
289
283
277
263
293
311
303
292
334
290
276
313
272
295
308
333
299
306
294
270
300
278
313
277
292
280
296
290
289
267
307
285
303
292
310
292
286
305
255
305
290
307
307
279
269
297
275
310
283
319
273
289
277
277
265
284
301
280
264
296
258
271
276
323
272
287
282
327
260
270
273
251
286
309
280
287
290
277
274
312
263
310
292
307
280
248
309
248
302
293
276
290
281
269
289
291
315
289
291
290
264
321
259
267
322
291
271
300
272
265
257
276
269
293
326
292
296
281
248
310
278
271
289
286
273
280
261
295
293
260
304
310
329
300
277
270
280
262
296
296
283
278
270
300
299
316
322
268
272
261
273
303
276
298
320
301
257
305
256
280
287
282
271
301
266
293
277
254
290
286
305
274
269
282
292
287
259
294
298
301
314
300
263
279
319
277
282
286
248
308
265
293
312
308
273
304
286
305
281
304
286
287
253
287
279
304
279
247
300
305
280
289
285
285
259
301
279
258
286
277
300
290
289
274
287
313
313
272
303
310
287
306
270
250
321
289
300
279
286
280
278
302
290
281
296
295
304
323
323
301
298
290
298
272
322
290
331
303
275
278
302
301
271
285
298
307
296
310
279
282
271
276
324
304
285
331
298
310
292
259
310
256
281
277
288
278
292
277
306
324
313
281
292
288
286
311
305
302
313
322
302
315
308
317
350
302
322
316
329
292
279
276
280
305
274
312
295
293
290
297
297
280
305
290
295
293
281
318
305
325
313
273
326
354
284
325
295
297
327
312
318
318
324
298
302
325
281
301
295
302
292
291
325
287
300
305
319
293
318
298
282
327
329
320
316
298
305
337
300
295
298
286
319
317
298
290
299
297
295
336
325
322
341
312
340
328
327
279
334
364
324
294
316
306
326
283
328
314
338
301
305
320
322
321
313
308
313
294
334
338
297
330
297
357
335
310
321
319
331
310
327
330
308
334
319
335
321
352
322
321
345
339
311
341
335
331
317
348
336
329
317
332
335
318
331
341
345
357
351
331
333
338
333
341
365
353
350
299
330
334
347
323
373
364
338
373
347
303
338
363
368
332
349
389
372
346
335
336
370
370
337
374
349
383
359
374
351
371
358
340
357
385
359
314
377
370
372
357
346
383
388
364
373
393
378
356
357
376
363
343
385
381
374
359
365
339
355
356
353
367
369
381
361
355
383
446
392
377
371
380
334
390
362
407
388
394
362
386
363
393
376
364
391
403
392
391
388
393
417
384
375
375
383
421
423
380
444
425
420
380
415
428
401
431
401
415
450
426
415
417
410
447
427
423
423
482
444
475
458
436
415
411
416
393
419
404
412
379
460
366
403
400
381
432
384
407
405
394
382
417
446
400
437
382
434
389
394
458
391
386
439
403
409
382
425
420
421
420
422
392
376
429
406
393
405
375
355
407
398
417
381
383
430
446
451
428
425
422
400
403
403
397
412
387
402
393
433
423
419
429
397
391
426
450
416
413
399
426
445
448
397
417
438
446
375
401
430
398
384
410
430
395
435
401
410
392
381
386
380
375
349
327
391
389
362
362
338
364
333
326
341
339
322
354
299
319
324
332
350
325
333
274
298
288
282
287
319
259
317
323
285
301
290
296
274
299
309
284
312
295
281
273
281
281
317
274
286
292
282
280
267
287
264
259
274
283
274
270
292
270
245
227
274
285
284
255
275
236
264
289
247
291
281
255
245
285
257
278
287
286
274
269
251
279
256
242
254
259
253
255
248
236
248
256
276
252
255
270
214
255
265
265
268
260
251
259
262
240
260
246
260
253
244
225
228
243
235
259
273
243
250
240
214
257
254
238
258
248
232
243
248
262
239
244
251
229
239
216
221
232
251
272
230
252
217
258
239
219
234
219
213
225
223
216
257
232
201
252
223
212
205
220
224
223
234
245
224
233
200
197
199
224
234
208
215
228
240
242
220
214
235
224
220
196
229
222
190
202
187
216
202
192
236
237
221
202
215
185
201
210
193
176
191
196
216
201
168
197
177
198
184
187
213
213
174
182
192
207
166
205
172
177
163
214
215
166
182
196
168
189
185
189
189
190
175
173
184
171
182
164
177
164
159
159
147
165
168
179
170
172
158
159
155
187
139
164
181
159
179
199
175
163
151
165
138
131
146
160
170
164
159
138
155
173
147
158
158
150
138
145
178
149
135
160
127
164
156
145
143
152
126
162
145
146
133
159
139
154
130
151
135
117
131
143
123
149
146
137
152
144
159
127
154
135
137
111
147
132
127
124
155
135
125
151
111
126
136
139
142
103
140
142
128
137
148
141
131
143
120
115
145
115
127
145
125
119
136
118
152
126
146
127
141
130
118
120
138
138
128
127
116
120
118
124
131
126
126
129
121
118
119
133
116
108
126
118
116
108
121
142
114
144
125
113
119
114
133
116
108
99
119
121
99
122
115
126
125
113
127
123
120
133
115
113
119
103
124
98
124
116
127
127
109
143
139
108
129
122
114
133
110
113
113
132
113
117
104
127
118
122
105
102
104
105
122
119
102
121
110
129
104
126
108
116
107
99
106
122
121
114
113
110
102
111
111
106
112
117
97
107
115
103
103
115
109
112
102
103
102
118
104
91
101
103
110
98
112
142
107
115
116
106
98
108
131
92
96
110
106
113
113
109
83
126
118
146
110
102
109
111
100
113
114
111
109
89
121
102
109
104
109
101
110
117
124
98
118
126
90
104
108
108
103
122
125
114
110
112
125
109
105
112
131
112
122
120
119
128
156
185
250
446
698
1205
2063
3109
4523
5937
7176
7726
7631
7061
5857
4723
3515
2662
1996
1532
1337
1212
1175
1125
1206
1167
1283
1211
1100
1101
1019
842
808
783
634
635
569
525
490
446
403
366
328
372
291
281
257
254
232
221
215
200
192
203
175
162
160
155
150
156
173
167
167
145
166
169
149
142
144
150
145
156
148
154
166
117
135
140
163
144
124
140
129
140
128
132
139
149
138
113
124
99
145
119
127
140
122
123
129
126
138
132
122
108
127
120
139
138
107
125
123
126
120
129
121
125
112
118
117
125
127
104
104
132
120
112
128
109
113
127
122
101
123
110
111
116
122
116
140
136
126
117
117
128
123
119
129
131
103
124
103
105
117
115
96
111
105
124
114
132
125
111
124
117
122
103
109
108
102
110
123
126
103
105
120
114
127
109
107
105
98
103
127
107
128
102
114
115
97
102
108
97
128
96
107
92
98
117
98
92
118
110
114
111
120
120
109
98
86
105
119
100
96
97
108
100
101
118
109
114
105
89
99
128
106
101
98
101
114
94
106
100
98
114
101
99
103
97
109
119
97
101
97
108
116
78
119
95
119
97
114
97
115
86
84
104
109
123
113
94
87
78
100
115
103
94
83
109
86
112
106
102
89
78
117
103
88
93
103
93
102
84
88
100
95
88
82
111
82
110
87
109
96
92
89
108
92
105
93
86
103
114
79
106
79
90
87
102
97
105
82
87
91
107
79
87
91
84
93
88
99
85
87
104
75
77
86
98
78
92
89
93
88
93
98
94
104
85
97
99
64
104
83
85
89
84
98
91
76
80
80
88
98
78
88
105
100
85
100
89
85
90
88
79
95
87
83
85
83
87
78
76
91
91
87
88
99
83
91
88
76
85
66
101
63
93
97
87
88
78
95
70
89
92
96
82
79
103
79
84
85
97
104
91
107
95
77
87
78
114
98
79
88
81
89
82
96
103
82
84
94
79
89
89
75
86
105
69
95
72
85
74
84
96
90
79
88
78
89
88
80
89
92
85
82
95
77
85
93
72
66
83
95
73
82
72
104
95
86
84
82
89
75
86
99
80
85
90
72
91
93
82
91
83
86
97
93
80
80
91
88
84
76
80
97
75
86
83
76
84
75
82
88
102
98
89
87
94
94
83
74
82
95
66
91
91
85
76
81
91
78
73
84
90
64
64
92
80
72
76
87
77
63
74
65
83
70
90
63
71
87
87
88
82
83
79
85
89
79
65
75
91
99
81
83
88
65
55
72
82
75
85
85
78
73
77
85
76
79
76
82
77
68
64
72
86
61
74
58
84
66
80
68
64
70
63
82
74
61
71
87
65
73
89
52
74
64
60
72
74
77
83
77
65
82
53
74
72
94
86
72
76
71
64
89
67
83
89
76
84
71
74
71
64
80
77
89
68
72
88
81
81
58
62
86
80
76
65
75
75
93
77
73
77
65
72
70
65
65
95
78
69
71
73
70
72
80
73
81
64
73
74
76
59
84
66
64
69
75
60
81
61
69
73
71
68
84
70
56
71
67
81
74
74
57
60
62
78
69
67
67
76
64
78
74
65
82
65
72
67
84
75
68
64
65
72
71
57
59
62
76
60
63
66
88
71
73
75
68
61
64
74
73
74
75
57
65
70
68
69
88
52
58
63
69
67
75
75
77
59
82
64
66
77
58
68
66
72
63
76
65
75
65
82
61
62
84
60
70
73
70
73
73
64
58
69
55
62
72
64
78
58
65
83
69
59
67
61
68
73
56
55
72
62
70
51
68
64
69
62
60
52
74
62
62
61
73
50
72
76
61
59
70
57
66
72
54
67
73
58
55
58
64
64
56
57
64
69
70
67
57
81
55
47
59
71
60
65
68
67
64
49
60
60
48
54
57
58
73
53
59
73
45
55
55
58
67
63
49
57
56
42
49
61
61
54
55
69
57
62
60
48
62
67
55
47
75
58
58
66
58
58
66
72
66
67
42
51
55
63
53
56
63
63
58
53
60
62
63
52
54
57
54
55
58
60
58
56
55
40
47
51
50
40
56
51
45
46
50
60
51
41
55
41
58
39
46
39
47
56
44
48
47
44
45
49
52
51
59
48
45
43
48
53
55
44
46
49
39
44
40
49
37
49
46
41
58
59
45
47
39
49
30
32
51
39
36
37
61
37
34
32
52
48
43
32
46
42
31
35
50
35
41
53
45
43
36
42
44
38
43
33
27
38
40
35
43
34
25
31
39
38
32
39
39
34
33
46
30
40
34
49
44
38
29
46
29
31
40
37
40
45
55
35
39
32
34
42
42
27
39
36
40
32
32
43
29
37
47
44
33
36
33
43
37
49
34
28
35
44
37
44
31
36
35
27
38
37
39
40
30
35
31
27
28
26
32
29
38
43
31
35
31
24
36
39
34
35
30
27
30
30
41
25
35
25
28
22
31
32
18
33
34
31
32
22
28
30
17
23
29
30
31
23
24
36
35
32
29
36
43
34
23
28
30
29
32
25
25
23
26
27
30
32
33
31
30
25
27
30
28
24
33
39
23
25
25
19
23
33
29
24
19
27
31
30
33
29
30
39
22
19
28
25
22
30
22
30
36
25
30
26
25
25
23
17
29
20
28
28
32
28
26
29
27
28
31
21
27
26
25
23
33
27
29
35
22
37
22
19
28
23
27
35
29
20
29
24
27
23
24
23
23
27
33
23
20
33
23
28
28
33
29
30
28
22
21
24
27
25
26
29
23
27
24
32
21
34
29
25
14
33
32
27
27
23
31
22
28
30
29
28
29
26
28
23
16
29
25
28
28
21
26
18
20
26
23
34
26
33
34
39
23
31
34
31
17
35
18
23
30
25
37
37
24
30
24
24
28
23
29
25
24
28
32
36
26
32
24
29
22
39
27
23
19
35
26
36
28
29
23
29
33
22
21
27
30
23
33
20
31
33
21
27
31
29
28
32
30
32
22
29
22
37
31
28
29
26
31
42
43
37
27
24
49
34
33
43
33
31
34
49
59
55
63
100
119
155
187
235
243
299
274
292
276
235
205
178
152
130
132
113
83
84
76
75
65
70
65
70
78
60
61
56
56
35
44
42
44
32
27
27
40
28
23
32
31
25
20
26
25
19
21
16
16
18
21
12
12
16
21
13
17
21
10
13
17
14
17
19
23
18
17
13
19
12
15
12
17
15
15
12
14
10
14
17
10
21
14
21
11
15
9
14
20
18
26
11
13
13
24
13
12
12
10
19
16
21
17
17
22
20
18
20
16
14
16
11
13
13
19
16
23
16
17
16
7
12
14
17
17
16
11
17
20
16
13
22
17
12
12
12
10
17
13
12
13
20
15
17
16
12
12
11
16
15
24
11
18
15
19
12
13
21
12
13
17
18
14
12
22
11
18
19
12
17
18
7
10
21
22
10
15
17
12
17
13
15
11
10
17
19
19
16
14
15
15
18
15
11
16
12
5
13
13
16
21
15
12
18
11
10
15
13
14
16
24
18
15
13
20
16
20
10
13
13
8
17
17
12
13
17
10
8
12
13
16
20
17
12
18
15
19
13
11
13
13
14
15
23
18
8
10
10
15
16
12
15
12
15
20
16
14
13
11
13
12
16
12
16
9
17
17
16
10
12
9
11
16
21
13
14
8
17
12
13
12
8
18
12
15
7
18
14
8
14
18
7
13
13
11
16
18
12
9
12
12
5
22
11
13
14
13
11
12
18
14
10
10
16
13
13
14
15
10
8
15
17
9
8
16
20
8
18
9
10
14
10
7
16
9
14
15
10
8
11
15
17
13
12
10
11
10
7
11
16
8
13
12
12
12
12
9
12
12
13
13
7
9
11
12
9
14
12
12
19
10
12
18
8
10
12
15
14
8
9
9
8
10
10
17
13
12
11
11
14
9
9
7
10
8
10
8
17
5
11
17
15
15
12
8
11
14
13
14
16
11
9
17
12
15
10
14
12
15
10
11
11
10
12
10
10
8
6
11
10
17
10
12
9
12
13
10
10
15
11
10
11
15
10
16
10
12
8
11
11
6
11
7
5
6
16
15
10
14
5
9
11
14
11
13
13
14
6
8
8
8
11
8
6
9
8
6
8
13
14
13
12
16
11
18
11
10
8
6
12
10
6
7
7
11
8
12
8
14
8
14
12
7
12
10
8
13
15
14
7
12
11
15
6
15
15
10
7
8
12
9
8
6
10
8
9
6
9
8
11
8
11
10
11
9
7
7
10
13
10
9
11
14
7
10
10
8
9
14
10
4
9
8
8
8
8
8
7
10
11
7
9
4
9
6
15
6
11
11
12
6
4
10
8
8
8
4
6
12
6
13
10
8
11
9
19
13
10
9
9
6
13
14
6
10
10
10
10
9
12
2
8
5
6
12
9
5
14
9
8
6
10
9
7
11
8
8
10
14
8
10
10
13
8
10
7
9
8
8
10
7
7
11
9
9
6
11
12
12
7
12
9
11
10
10
9
14
10
12
12
7
3
9
7
8
6
9
12
13
7
10
5
12
10
11
7
9
5
7
11
10
11
5
5
7
14
10
8
4
7
8
5
9
6
6
6
13
6
6
5
6
5
8
7
8
13
7
11
5
8
6
5
5
6
12
6
4
10
5
9
9
5
9
12
9
4
5
11
10
4
10
12
5
10
5
12
2
9
7
11
6
3
9
9
8
5
10
12
11
8
8
9
5
8
11
10
7
9
10
7
9
4
6
7
10
11
12
10
5
6
12
6
11
7
6
5
5
6
7
9
10
8
8
6
5
10
6
9
9
11
7
8
7
8
11
9
7
7
9
13
11
6
9
8
7
7
9
11
11
8
10
3
5
8
9
5
6
12
6
11
7
5
7
9
8
3
4
9
10
4
6
9
6
4
10
7
8
4
7
6
5
5
9
5
8
7
4
3
5
6
10
5
6
9
2
9
5
6
8
3
8
4
6
8
5
5
9
4
8
7
7
10
6
6
7
10
6
5
2
12
6
7
6
6
6
5
10
7
8
4
5
8
8
11
7
4
6
5
5
3
10
5
7
4
4
3
6
5
6
7
8
6
7
8
7
5
8
5
8
9
7
6
10
6
10
3
5
2
4
5
8
10
8
11
7
5
8
4
8
6
8
10
4
9
5
8
7
8
3
2
8
5
9
11
4
12
4
11
6
2
14
6
8
5
5
4
6
6
5
9
9
6
4
9
7
6
5
10
4
2
4
6
6
6
9
8
4
7
6
5
5
2
5
5
4
8
6
7
4
6
9
8
5
6
4
10
4
10
4
2
4
4
13
6
8
5
9
2
6
3
5
2
5
4
7
9
4
6
3
5
9
5
8
4
12
5
5
9
7
5
6
2
6
4
7
5
3
6
9
3
8
4
6
10
5
6
6
6
8
4
3
8
6
5
6
4
1
5
7
6
8
5
3
4
5
6
9
5
4
4
3
7
5
3
4
5
4
3
3
4
12
1
4
3
11
6
5
7
5
6
3
9
11
4
4
9
7
6
15
7
3
5
12
3
5
3
4
5
3
4
6
6
6
6
7
6
6
5
5
5
6
1
7
7
5
7
3
8
5
5
4
4
8
5
4
2
5
4
5
7
7
4
3
7
2
5
5
5
8
6
7
6
5
3
5
1
2
5
1
9
6
3
7
6
4
3
7
4
5
5
4
3
2
3
8
3
10
2
9
5
4
7
4
7
5
2
6
5
8
3
3
11
7
8
3
7
6
6
3
3
5
4
6
5
6
7
1
4
5
5
4
4
2
4
6
5
5
4
1
9
1
9
3
3
3
7
4
6
8
2
5
6
3
6
3
4
9
5
3
10
6
3
3
5
4
5
2
4
1
4
5
9
2
3
6
5
3
2
3
8
2
7
6
4
4
4
3
7
4
10
3
3
9
3
4
3
3
5
8
6
5
7
3
4
8
6
6
8
2
4
6
6
1
4
8
7
3
7
6
2
6
3
2
4
6
8
4
9
4
2
3
6
4
5
3
8
8
5
4
8
7
7
2
3
5
7
4
3
8
3
4
4
4
9
3
3
1
3
4
5
3
3
3
5
2
6
4
3
1
2
7
3
2
5
2
5
4
3
4
8
1
7
6
8
4
8
1
3
4
4
3
5
1
1
2
3
2
3
3
4
3
5
2
7
2
6
12
6
5
7
5
5
9
4
4
4
4
5
1
4
5
1
7
2
5
6
7
3
3
3
0
7
2
2
3
7
3
4
9
4
2
2
4
3
4
3
5
6
1
3
8
3
4
3
3
7
2
3
2
6
1
4
2
6
3
2
3
7
5
0
3
4
2
4
0
4
3
7
5
4
1
5
1
2
3
1
3
5
1
5
5
5
4
3
3
1
2
5
5
4
2
5
6
3
1
1
2
5
4
7
2
2
3
3
1
4
3
5
3
3
1
4
7
5
3
4
4
4
6
1
5
5
2
6
3
2
3
1
2
6
4
6
6
3
2
2
4
3
2
3
2
5
2
6
3
3
2
4
1
3
2
5
4
4
3
2
0
4
2
2
4
3
8
4
4
2
3
3
2
3
4
8
3
3
2
3
2
4
3
2
3
4
1
0
5
1
3
1
0
4
3
2
2
0
2
1
3
3
0
2
4
2
3
3
6
2
4
1
4
5
2
2
1
1
2
3
4
6
3
2
3
5
2
3
5
2
2
0
1
1
3
0
4
3
2
6
2
3
1
1
2
2
0
1
3
3
5
3
2
4
5
4
2
4
4
2
0
2
1
3
2
5
1
0
0
2
4
1
1
2
1
3
3
0
1
5
1
3
1
2
1
5
0
2
2
2
3
0
1
0
4
0
2
4
6
1
5
4
3
4
4
2
0
2
2
1
3
5
1
5
2
2
1
1
1
4
1
1
2
2
0
0
1
1
2
2
4
3
2
1
2
2
3
1
4
6
3
1
3
1
2
2
3
2
0
2
1
1
1
3
4
3
3
2
0
4
1
5
1
3
2
2
4
4
3
4
1
4
2
1
2
1
3
1
2
5
3
0
1
1
2
1
1
2
0
2
1
4
1
1
3
1
2
1
1
4
0
2
2
5
1
1
2
3
3
2
2
3
1
3
2
2
6
2
2
0
2
2
1
3
1
3
2
6
3
0
1
3
2
3
0
2
3
3
1
4
1
1
4
3
2
3
1
0
0
3
2
3
1
3
7
2
1
3
4
1
4
0
2
2
2
2
3
1
1
1
2
4
3
2
2
1
0
1
1
3
1
1
3
3
3
2
3
2
4
8
5
2
4
4
5
0
2
1
3
2
1
3
5
1
1
2
1
3
1
3
1
2
2
2
1
1
2
4
2
2
2
4
0
3
1
0
2
3
3
2
3
0
4
1
1
3
3
2
2
2
2
1
2
3
1
0
1
3
1
1
0
2
5
0
2
0
2
1
2
3
4
2
1
1
1
1
0
1
2
4
2
3
4
3
4
1
3
7
4
3
4
5
4
0
0
1
6
4
0
4
3
6
2
5
5
1
4
2
1
1
1
0
4
2
0
3
2
3
1
1
1
2
0
1
1
1
1
1
0
0
0
2
3
2
3
5
2
1
1
0
0
1
0
3
1
1
0
3
0
1
2
0
3
1
2
1
1
3
1
1
1
2
0
1
1
2
2
1
1
1
1
0
3
1
2
3
1
0
1
1
4
0
4
0
1
2
0
1
1
1
0
4
1
0
1
2
3
0
1
3
3
0
1
0
0
3
1
0
2
1
1
2
0
0
2
4
1
1
2
2
4
3
1
0
1
0
2
1
2
0
0
0
4
3
2
2
2
2
0
2
1
2
1
3
2
1
1
3
3
0
2
0
2
0
1
3
1
2
1
0
0
1
1
1
1
2
0
3
0
3
4
1
3
6
3
3
0
1
1
4
1
2
2
1
5
2
2
5
1
2
2
2
1
1
1
1
0
1
2
0
1
1
1
2
1
0
3
2
2
2
1
4
1
0
2
2
1
1
2
0
0
1
1
0
1
1
2
2
1
4
0
0
1
1
1
1
1
3
3
2
0
0
0
0
1
1
1
1
2
1
1
0
2
1
1
1
2
2
0
0
0
1
1
1
0
2
1
1
0
1
2
2
3
0
1
1
1
2
1
4
1
1
0
2
2
1
1
2
0
1
2
1
1
1
1
0
0
2
0
1
1
1
2
0
1
1
2
1
0
2
0
2
1
0
1
2
0
2
1
3
3
3
3
0
1
0
0
0
0
0
1
3
1
1
4
0
0
0
1
2
0
1
2
1
0
0
1
0
0
1
1
2
0
1
0
1
0
0
1
1
1
1
1
0
0
2
1
0
1
0
0
1
0
3
3
1
1
0
0
2
0
1
1
2
1
1
0
0
1
1
1
0
0
0
1
0
0
2
1
0
2
2
0
1
0
0
1
2
0
0
1
1
0
0
1
1
0
1
0
1
1
1
0
0
1
2
2
0
1
0
1
2
0
0
0
1
0
0
0
2
2
0
0
1
0
1
2
2
0
0
0
0
1
1
0
0
2
0
0
1
0
3
1
1
0
1
1
0
1
3
0
1
1
0
0
1
0
3
2
0
0
0
0
1
3
0
0
2
1
2
0
0
0
1
0
2
0
1
0
1
2
0
0
0
1
0
1
0
2
2
3
0
2
2
1
2
0
0
1
2
0
1
0
2
3
0
0
1
0
2
0
0
1
2
0
2
1
2
1
1
0
0
0
1
0
0
0
0
0
0
2
0
1
2
0
0
0
1
3
1
1
0
1
2
0
1
2
1
0
1
1
0
0
2
1
2
2
1
0
1
1
0
1
1
1
1
1
1
0
0
0
0
0
1
0
0
0
0
1
1
0
2
0
2
1
1
0
1
0
1
0
0
0
1
0
0
0
0
1
0
0
1
0
0
0
2
1
0
1
0
1
0
1
1
1
0
0
2
2
0
1
1
1
0
1
0
0
0
3
2
1
0
1
1
0
0
0
0
4
0
0
0
0
0
0
0
1
0
0
1
1
0
1
1
0
0
1
0
1
0
0
0
0
0
0
0
0
0
1
1
0
0
0
0
1
1
1
0
1
0
0
0
1
0
0
1
0
0
0
1
1
0
1
2
0
3
0
0
0
1
0
1
0
0
1
0
1
2
1
2
0
2
1
2
0
0
1
0
1
0
0
0
0
0
0
1
1
1
0
1
0
0
0
0
0
2
2
0
0
0
0
2
1
1
1
1
1
1
0
0
1
1
1
0
2
0
0
2
0
0
1
0
0
0
1
1
1
0
0
0
0
0
0
1
1
0
0
0
0
1
1
0
0
0
0
0
0
1
1
0
0
0
0
1
0
0
0
0
0
0
0
1
0
0
2
0
1
0
1
0
0
0
0
0
0
0
0
0
0
0
0
0
2
0
0
1
1
0
0
1
0
0
0
1
2
0
1
1
0
0
0
0
1
0
0
0
0
0
1
0
0
1
0
0
0
0
0
0
0
0
0
0
1
0
0
1
0
1
1
0
0
1
0
1
1
0
1
0
1
0
0
0
1
0
1
0
1
1
0
0
0
0
0
0
0
1
0
0
0
0
1
0
1
0
0
1
0
0
0
0
0
0
1
0
1
0
0
0
0
1
2
2
0
0
0
0
1
0
0
0
0
0
1
0
0
0
0
0
0
0
0
0
0
0
0
0
0
0
2
0
0
0
0
0
0
0
0
0
1
1
0
0
2
0
0
0
0
0
0
0
0
0
1
0
0
0
1
1
0
0
1
1
0
0
0
1
0
0
0
0
1
1
0
0
0
0
0
0
0
0
0
0
0
1
1
0
0
0
0
0
0
0
0
0
0
0
0
0
0
0
0
0
0
0
1
0
0
0
0
0
0
0
1
0
0
0
1
0
0
1
1
0
0
0
0
1
1
0
0
0
0
1
0
0
0
0
0
0
0
0
0
0
0
0
1
0
0
0
1
0
0
0
0
0
1
1
0
1
0
0
1
0
0
2
0
0
0
0
1
1
0
3
0
0
0
0
0
0
0
0
0
0
0
1
0
0
1
1
0
0
1
0
0
1
0
0
0
0
0
0
0
0
0
1
0
0
0
2
0
0
0
0
0
0
0
0
0
0
0
0
0
0
0
1
0
0
2
0
1
0
1
0
0
0
0
0
0
0
0
0
0
0
0
0
1
0
0
1
0
1
0
0
0
0
1
0
0
0
0
1
0
0
0
0
0
1
1
0
0
0
1
0
1
0
0
1
0
0
2
0
0
0
0
1
0
0
0
2
0
0
0
0
0
0
0
0
0
0
0
0
0
1
0
0
0
1
0
0
0
0
0
0
0
0
0
0
1
0
0
0
0
0
0
0
2
0
0
0
0
0
0
0
0
2
0
0
0
0
0
0
0
0
0
1
0
0
0
0
1
0
0
0
0
1
0
0
0
0
0
0
0
0
0
1
0
0
0
0
0
2
0
0
2
0
0
0
0
0
1
0
0
0
0
0
0
1
0
0
1
0
0
0
0
0
1
1
0
0
0
0
1
0
1
0
0
0
0
0
0
0
0
0
0
0
0
0
0
0
0
0
0
0
0
0
1
0
1
0
0
0
0
0
0
3
0
0
1
0
0
1
0
0
0
0
0
0
0
0
0
1
0
0
1
0
1
0
0
0
0
0
0
0
0
0
1
0
0
0
0
1
1
0
0
0
0
1
0
0
1
0
0
0
0
0
0
1
0
0
0
0
0
1
0
0
0
0
0
0
0
0
0
0
0
0
0
0
0
1
0
0
0
0
0
1
0
0
0
0
0
0
0
0
0
0
0
0
1
0
0
0
0
0
1
0
0
0
0
0
0
0
1
0
0
0
1
0
0
0
1
0
1
0
0
0
0
0
0
0
0
2
0
0
0
0
0
0
0
0
0
0
0
0
0
1
0
1
0
0
0
0
1
0
0
0
0
0
0
0
0
0
0
0
1
0
0
0
1
0
0
0
0
0
0
0
0
0
0
0
0
0
0
3
7
6
10
12
7
8
9
7
4
11
16
8
10
14
10
7
10
12
9
6
5
8
9
6
4
9
9
12
9
10
9
7
9
5
8
5
8
7
9
8
13
6
9
10
8
9
10
7
6
15
8
7
8
5
10
9
8
6
7
10
8
14
6
9
13
11
11
6
13
9
5
10
19
7
8
7
7
7
7
11
14
7
9
8
8
8
6
10
14
5
8
5
18
11
7
8
9
7
10
7
7
8
7
15
8
7
6
14
9
2
9
8
6
13
14
9
4
15
9
12
7
9
10
6
10
9
7