0
0
0
0
0
0
0
0
0
0
0
0
0
0
0
0
0
0
0
0
0
0
0
0
0
0
0
0
0
0
1
0
0
0
0
0
0
0
0
0
0
0
0
0
0
0
0
0
0
0
2
5
8
20
21
36
39
32
69
61
80
83
116
118
113
90
121
105
134
138
123
134
136
158
142
168
174
164
158
170
166
158
174
202
200
206
185
184
204
192
231
220
207
243
244
247
267
258
302
394
439
566
766
1173
1694
2679
4700
6783
6982
5173
3743
2848
2278
1766
1364
1047
845
646
535
459
467
450
513
514
512
566
641
669
764
799
886
976
1118
1225
1336
1520
1535
1766
1833
2010
2034
2144
2076
1854
1532
1228
939
749
668
643
599
573
598
677
730
824
914
1112
1198
1421
1548
1753
1838
1847
1739
1623
1333
1026
888
789
676
740
722
789
887
997
1165
1298
1445
1602
1654
1682
1555
1388
1212
970
873
787
777
845
912
1021
1064
1255
1364
1505
1574
1620
1667
1444
1348
1185
1034
925
903
919
937
1072
1158
1234
1386
1459
1533
1491
1546
1469
1345
1275
1135
1063
1043
1026
1031
1119
1142
1255
1349
1371
1407
1404
1396
1411
1420
1387
1390
1200
1248
1197
1232
1139
1239
1218
1209
1301
1263
1270
1326
1346
1356
1339
1344
1309
1287
1309
1388
1320
1373
1279
1265
1318
1299
1231
1228
1240
1268
1315
1311
1278
1376
1326
1431
1305
1373
1358
1335
1285
1326
1346
1323
1316
1333
1317
1335
1307
1374
1272
1316
1323
1338
1270
1325
1299
1395
1363
1296
1351
1327
1306
1367
1348
1299
1301
1283
1328
1317
1364
1265
1277
1253
1268
1292
1299
1390
1323
1321
1353
1339
1299
1279
1369
1310
1341
1385
1305
1308
1316
1419
1355
1322
1389
1290
1353
1309
1377
1291
1327
1275
1382
1415
1284
1267
1297
1350
1348
1326
1323
1339
1329
1335
1369
1345
1314
1352
1334
1379
1336
1349
1363
1363
1334
1322
1402
1485
1353
1425
1368
1401
1339
1433
1390
1347
1364
1417
1435
1351
1397
1304
1474
1382
1435
1370
1386
1359
1397
1403
1438
1326
1446
1440
1369
1336
1387
1413
1457
1407
1421
1406
1397
1407
1380
1359
1448
1379
1342
1446
1386
1319
1372
1320
1325
1408
1423
1396
1444
1402
1449
1403
1367
1344
1339
1397
1416
1381
1393
1400
1431
1390
1357
1400
1388
1449
1391
1431
1440
1421
1370
1376
1420
1409
1376
1406
1444
1422
1438
1392
1402
1445
1378
1453
1394
1439
1434
1487
1370
1341
1375
1415
1421
1435
1412
1485
1452
1358
1393
1477
1453
1392
1410
1361
1411
1299
1349
1348
1424
1375
1441
1424
1430
1477
1363
1502
1468
1356
1436
1474
1422
1414
1391
1431
1448
1358
1385
1368
1349
1407
1415
1403
1364
1445
1373
1319
1385
1368
1365
1429
1368
1418
1377
1390
1417
1382
1356
1423
1481
1446
1415
1396
1392
1355
1402
1345
1362
1410
1333
1364
1411
1359
1339
1397
1363
1362
1349
1354
1329
1367
1297
1346
1399
1394
1323
1338
1323
1339
1449
1293
1377
1335
1382
1410
1421
1405
1306
1325
1314
1285
1422
1400
1380
1329
1329
1299
1276
1390
1345
1335
1381
1388
1363
1420
1380
1385
1379
1357
1327
1289
1338
1360
1358
1303
1318
1371
1340
1400
1312
1344
1359
1345
1302
1279
1297
1326
1349
1352
1315
1297
1329
1367
1407
1346
1396
1358
1377
1339
1298
1258
1364
1268
1306
1342
1323
1395
1262
1342
1287
1286
1329
1328
1322
1304
1309
1369
1311
1330
1312
1316
1331
1337
1373
1388
1334
1317
1319
1340
1327
1361
1361
1209
1361
1300
1318
1353
1280
1327
1309
1272
1342
1317
1329
1439
1343
1354
1324
1385
1308
1292
1301
1289
1357
1379
1326
1308
1362
1321
1384
1336
1376
1380
1338
1360
1370
1344
1276
1341
1287
1309
1376
1364
1325
1343
1280
1327
1346
1297
1304
1332
1312
1371
1377
1330
1361
1405
1416
1367
1391
1342
1386
1350
1368
1351
1343
1339
1409
1356
1361
1401
1331
1321
1359
1286
1343
1370
1354
1336
1364
1356
1294
1382
1420
1355
1307
1343
1306
1330
1410
1397
1383
1350
1371
1417
1384
1394
1364
1382
1420
1400
1411
1295
1392
1379
1356
1432
1367
1406
1381
1435
1330
1434
1400
1421
1467
1443
1440
1427
1462
1375
1398
1467
1444
1389
1449
1494
1442
1495
1461
1528
1447
1508
1432
1430
1329
1491
1451
1426
1471
1453
1455
1398
1492
1482
1403
1464
1449
1417
1398
1460
1455
1443
1432
1446
1458
1437
1380
1350
1485
1352
1429
1357
1422
1356
1457
1380
1387
1323
1335
1290
1337
1290
1250
1215
1203
1207
1169
1200
1177
1160
1145
1162
1131
1127
1109
1077
1101
1071
1048
1095
1106
1073
1004
1074
1034
1039
984
989
1030
984
1025
982
980
1027
962
926
959
958
923
950
908
975
897
923
931
887
934
891
937
931
916
896
903
918
883
886
906
890
885
876
877
883
869
873
909
859
875
845
879
915
868
821
848
824
846
820
798
890
835
840
844
826
813
806
823
798
803
808
805
786
833
755
778
720
802
813
786
756
815
813
752
755
750
774
821
777
761
782
787
735
716
759
728
782
719
759
734
742
746
738
709
760
740
790
772
750
715
722
734
703
719
670
728
740
703
735
679
724
682
707
696
714
689
709
733
647
648
691
681
673
666
686
694
714
642
662
688
658
618
674
641
627
665
676
629
667
650
619
651
657
612
612
661
655
623
643
629
605
640
625
617
606
628
568
609
634
645
587
630
620
609
607
594
600
551
588
574
579
630
594
603
579
581
533
606
556
621
640
563
579
566
592
643
602
582
601
591
588
602
562
581
590
590
577
580
557
545
550
534
582
590
578
595
540
579
560
567
593
541
602
594
598
576
549
570
581
554
594
601
613
599
562
569
567
567
555
569
620
518
584
558
522
631
546
575
566
545
551
530
541
553
529
610
577
540
564
570
523
538
543
568
506
603
584
551
571
571
584
579
538
577
572
538
519
529
522
596
548
566
559
525
525
549
568
538
574
574
544
605
514
569
550
542
494
566
555
536
579
500
551
516
532
484
544
550
555
531
541
540
529
577
557
551
502
502
465
580
565
538
517
520
566
527
506
496
547
500
510
530
527
524
518
540
558
511
555
467
507
555
506
506
531
547
543
476
565
514
558
491
526
521
503
514
487
529
500
518
525
521
535
513
501
524
498
464
503
560
517
487
491
541
472
516
514
524
487
528
513
488
524
494
510
485
570
527
511
480
534
537
502
504
510
476
521
497
475
525
482
504
491
473
488
532
503
507
543
554
635
720
836
1038
1448
2087
3210
4790
6969
9464
12349
15276
18243
20399
21161
21022
19380
17062
13996
11346
8784
7026
5513
4524
3766
3538
3278
3174
3009
2931
2779
2633
2475
2251
1967
1879
1644
1481
1337
1163
1058
995
910
805
746
693
672
667
525
558
551
540
487
501
497
398
473
442
384
409
407
436
412
372
401
366
397
358
379
380
364
364
376
352
369
335
333
387
321
360
351
353
356
387
377
371
379
394
338
365
378
345
332
351
355
349
362
343
376
342
384
348
374
343
366
335
344
338
315
330
334
326
330
336
313
324
328
303
327
340
309
318
359
360
316
362
350
313
329
339
304
328
359
312
310
292
327
338
309
305
318
305
334
326
326
327
337
296
348
338
326
339
301
351
331
355
297
312
323
322
295
308
317
317
307
335
291
290
307
309
309
332
321
299
320
307
328
294
288
328
309
315
335
301
327
315
337
295
312
295
326
337
298
303
275
312
310
361
294
311
304
307
293
316
275
295
309
311
304
314
284
278
299
310
305
312
327
268
309
298
289
289
306
328
274
295
292
281
267
320
283
326
308
306
310
298
296
295
293
332
283
324
309
311
305
289
298
258
302
330
278
272
297
293
258
279
264
276
276
254
277
282
298
256
292
286
334
282
273
282
290
278
292
285
320
278
303
310
280
276
281
302
291
257
261
280
310
288
268
288
263
293
293
277
281
308
296
276
299
268
293
266
253
268
260
243
285
272
288
266
281
261
271
288
275
294
294
270
248
278
251
292
312
320
273
280
271
261
257
290
275
274
260
259
292
274
276
272
281
270
254
264
294
261
276
254
271
269
267
289
260
282
263
292
234
295
276
268
282
283
259
268
283
288
257
267
261
310
283
280
229
258
275
276
275
307
251
243
282
237
306
288
278
258
278
275
269
279
285
246
259
271
305
302
251
276
281
275
254
278
237
263
277
237
301
256
272
263
282
265
262
290
263
254
276
269
261
247
232
262
272
238
234
279
274
268
272
265
240
249
281
267
249
261
228
256
248
247
272
259
278
261
240
274
266
246
240
235
254
289
255
271
251
254
243
275
262
254
292
239
252
247
243
265
250
255
260
271
271
254
245
274
266
271
268
271
258
244
243
256
223
253
267
237
228
254
269
290
230
266
246
258
245
242
273
253
276
253
235
244
245
251
267
260
248
257
248
258
273
223
241
235
272
252
241
254
249
252
262
266
235
245
262
247
245
251
245
246
260
239
243
258
241
263
250
224
228
261
256
247
278
253
238
252
232
214
241
249
246
232
266
219
215
253
247
251
229
257
260
253
241
265
237
243
242
244
272
234
252
236
218
239
249
255
293
226
229
241
273
259
242
245
248
264
229
225
271
233
225
245
235
238
239
274
274
240
260
248
247
246
238
267
229
246
239
217
241
270
238
265
222
239
226
225
252
223
256
239
241
235
234
253
254
259
247
261
262
253
265
228
232
241
265
224
248
220
255
260
223
243
216
246
210
247
244
214
238
251
230
234
221
235
219
224
251
259
245
238
278
231
234
262
269
244
241
234
277
248
272
252
251
243
252
241
247
225
238
218
257
282
203
231
240
235
233
238
229
241
279
260
236
251
248
242
245
245
223
246
230
257
221
215
241
265
240
245
231
209
250
225
228
238
222
234
257
230
216
210
239
215
192
255
241
231
203
239
230
222
271
244
230
245
211
208
233
241
223
220
241
256
235
237
255
257
257
221
238
233
244
236
258
231
241
220
234
226
222
238
230
239
237
229
239
228
233
241
239
228
209
251
240
239
242
241
253
228
244
255
244
237
239
232
240
214
213
239
227
233
254
237
270
242
215
227
227
237
231
225
237
206
234
232
229
202
233
202
232
212
235
207
215
245
241
223
242
221
242
246
241
235
244
257
220
219
235
208
235
243
232
244
247
272
233
238
219
257
210
234
244
232
249
225
242
237
213
220
241
226
230
232
268
226
223
259
226
246
258
247
236
223
228
220
229
228
265
227
238
243
263
248
230
227
222
256
206
221
238
250
233
211
248
226
241
244
244
242
241
199
185
250
220
213
236
285
247
232
210
218
247
233
213
248
241
243
231
245
228
230
228
227
253
221
221
227
222
210
222
235
225
240
225
211
253
227
227
238
227
227
237
232
234
213
248
247
205
239
226
218
203
235
229
238
235
242
224
231
232
249
227
235
231
242
230
226
227
238
262
232
249
255
232
228
221
261
216
239
230
233
231
220
235
227
243
240
239
252
225
230
241
219
248
206
250
235
237
226
226
236
222
231
251
255
240
259
234
243
236
224
249
258
234
257
217
217
275
225
231
239
236
238
244
240
254
229
238
223
239
246
259
234
242
229
229
249
225
236
244
267
246
220
242
237
226
245
221
242
241
236
238
234
226
238
230
249
227
240
253
239
219
245
263
224
247
228
192
266
273
255
241
242
239
248
258
226
240
247
231
242
238
219
255
253
215
251
248
257
252
253
251
235
236
248
277
268
267
256
242
273
267
251
263
304
271
251
234
242
232
252
251
262
244
272
249
252
220
240
243
263
244
253
278
240
283
218
217
257
246
230
241
220
251
235
254
276
270
243
247
240
259
251
243
264
249
237
233
236
244
255
252
295
244
254
231
231
270
258
257
240
268
229
251
263
290
239
269
268
264
242
270
254
264
282
255
246
262
282
262
256
278
260
251
268
267
269
263
241
267
273
239
278
235
252
268
284
268
251
273
254
268
269
254
228
284
257
280
245
263
257
259
253
262
278
307
325
251
255
285
281
289
281
263
271
250
266
283
258
279
272
234
316
254
288
268
298
265
262
243
275
280
286
287
293
276
303
268
284
301
250
279
296
289
277
271
265
258
287
303
258
248
301
262
296
279
280
259
267
266
305
288
300
262
287
275
274
277
267
272
272
296
309
299
284
277
286
303
306
277
318
308
305
304
288
277
272
304
290
301
280
295
282
275
284
282
313
285
298
331
272
290
272
298
309
294
268
304
302
310
298
288
305
333
339
317
315
330
317
338
356
319
319
309
282
354
304
312
314
321
331
322
315
326
337
346
322
343
321
339
326
276
327
316
304
294
279
293
311
298
304
312
297
312
297
329
296
328
333
314
309
304
346
292
306
302
304
338
292
335
326
315
347
317
312
319
336
326
336
335
337
341
282
306
328
308
328
348
335
312
365
308
324
336
327
320
306
320
358
312
337
313
320
332
306
359
325
342
320
323
318
329
329
342
320
337
329
362
338
303
317
344
330
324
361
343
323
308
324
337
325
313
310
299
333
305
312
324
311
329
315
276
327
279
258
258
285
279
243
269
291
276
247
261
229
246
245
256
278
269
268
248
267
270
230
227
218
260
250
232
252
231
249
238
227
213
237
241
229
238
232
213
208
225
212
229
203
198
196
211
197
224
222
235
209
210
231
216
222
231
212
204
198
220
191
194
204
208
219
256
170
209
183
199
187
195
216
184
223
181
216
196
214
202
194
194
218
193
215
199
214
163
212
221
205
197
214
237
213
178
237
201
193
190
189
180
202
194
184
209
227
182
190
194
170
194
213
211
174
193
191
191
199
182
201
187
180
186
183
178
160
191
185
182
156
191
186
194
180
171
174
178
200
184
155
198
161
196
187
180
193
174
169
205
152
153
170
191
198
174
170
168
191
178
144
171
182
174
158
165
177
173
168
168
173
158
139
155
166
166
153
154
152
180
167
167
175
162
163
182
155
162
161
136
120
150
151
155
155
169
166
151
153
148
155
126
158
159
147
141
134
145
149
158
164
138
152
125
154
132
159
134
147
135
144
142
132
135
135
158
126
114
131
142
128
128
127
153
131
147
130
122
148
134
140
137
136
137
129
108
121
130
134
134
123
124
121
118
125
121
124
141
116
111
111
162
141
113
110
119
111
110
130
104
120
110
111
105
107
150
125
102
135
119
108
113
118
130
129
101
122
117
96
105
114
125
102
113
112
114
87
106
119
110
105
127
107
120
95
118
115
107
118
100
99
93
112
96
114
104
99
101
104
108
96
97
102
119
99
112
104
124
107
96
113
129
101
104
122
90
94
88
98
86
92
95
86
79
111
98
116
87
92
104
107
89
94
95
84
93
95
99
95
81
103
78
106
113
85
91
107
103
70
94
91
106
90
83
82
95
81
107
81
88
91
89
96
117
83
93
99
89
77
88
91
95
90
95
80
74
88
101
92
78
91
96
100
94
98
96
88
85
99
81
100
81
103
93
87
99
90
72
82
84
78
76
91
98
83
102
110
81
88
84
85
77
106
88
75
77
96
84
77
79
95
82
81
96
82
77
91
74
81
83
86
91
89
88
84
92
91
80
72
82
73
78
81
73
66
71
91
88
83
78
82
92
72
79
78
87
87
78
73
80
74
65
75
76
84
98
73
89
72
71
88
91
81
81
81
94
72
85
90
97
85
73
80
80
76
85
86
77
98
87
82
70
68
73
87
84
81
70
87
87
75
82
102
83
78
76
86
68
81
74
78
72
70
72
90
95
78
111
96
147
217
337
637
1101
1699
2719
3816
5013
5774
6626
6602
6122
5317
4206
3121
2195
1577
1196
994
836
832
817
816
796
811
791
657
677
640
548
497
463
398
367
326
269
245
240
226
192
184
171
186
154
156
104
117
119
130
137
126
94
130
106
111
105
100
86
118
103
105
106
81
97
101
89
101
90
91
95
83
103
92
81
100
108
83
88
85
74
69
91
78
84
77
84
73
84
87
82
68
73
80
92
98
80
78
78
86
87
81
96
66
74
93
75
91
75
90
78
75
86
88
83
86
67
93
72
88
82
75
91
92
72
80
75
80
66
74
81
80
63
87
63
77
68
90
84
73
77
72
57
87
80
80
69
77
87
71
89
65
79
76
71
85
65
74
68
85
76
84
66
76
93
74
73
82
79
75
72
70
79
58
66
74
68
73
66
59
67
74
62
81
72
63
76
79
68
74
70
63
86
55
65
54
63
73
87
80
57
72
66
64
81
65
60
58
67
82
67
65
64
66
74
59
63
59
74
83
67
68
68
62
69
72
72
62
68
63
68
76
71
62
83
68
62
68
76
71
67
66
70
66
77
65
58
56
58
71
69
61
60
58
60
76
79
52
68
63
77
70
61
76
75
71
77
65
61
58
52
61
64
74
59
61
66
63
59
69
58
60
55
57
77
63
69
63
63
68
64
53
69
63
61
54
70
62
69
55
67
58
59
50
65
58
59
49
66
57
59
56
58
67
67
80
59
67
71
47
54
63
51
61
58
52
61
51
54
54
56
58
51
65
52
60
59
62
60
59
75
57
52
62
59
61
58
50
61
64
75
58
58
54
77
51
54
64
74
51
50
62
65
62
64
58
56
67
54
60
60
60
59
51
61
62
66
54
56
65
66
51
51
60
62
52
64
61
52
51
61
38
57
60
50
59
56
48
55
60
56
52
46
70
60
57
62
71
56
54
46
62
57
44
48
54
57
44
41
60
57
63
59
55
75
57
48
58
52
63
46
56
59
50
61
48
45
60
67
56
40
47
55
59
45
56
53
61
61
45
55
50
46
52
51
65
52
50
43
57
40
42
51
50
60
48
49
46
57
55
53
51
51
55
57
49
46
50
57
50
53
39
59
55
50
57
75
58
44
62
67
54
51
53
56
57
54
45
62
47
51
65
54
65
55
45
49
55
49
60
44
52
56
52
32
64
52
39
49
59
60
46
43
39
50
53
40
41
61
50
50
52
43
43
53
49
45
51
54
45
48
61
60
36
42
38
50
47
34
54
47
48
46
58
50
55
41
53
42
46
41
62
46
40
62
38
40
53
47
52
44
54
58
55
50
36
48
58
41
47
44
48
45
43
55
54
60
57
60
49
41
32
41
49
45
47
34
35
43
51
31
48
42
44
43
36
57
41
52
37
43
53
41
52
46
59
49
50
46
39
63
49
35
57
53
51
62
55
47
35
40
37
36
51
56
41
50
38
46
40
52
39
55
54
41
45
48
40
39
28
42
29
46
32
49
34
47
34
52
53
41
46
42
45
34
42
49
37
46
42
49
43
35
47
39
32
33
36
47
49
42
40
39
30
36
47
48
33
45
59
36
44
47
34
45
36
29
44
43
46
45
42
42
52
49
36
46
41
40
37
42
40
39
45
45
42
36
44
50
41
39
42
43
31
46
41
60
39
41
44
44
41
35
45
45
47
31
49
42
34
44
28
35
51
41
38
38
36
46
51
35
52
46
32
35
42
29
37
40
41
40
38
51
44
31
39
42
49
44
34
36
43
45
42
36
28
29
42
42
28
42
50
27
44
36
41
29
43
34
49
34
38
35
33
34
42
37
23
35
37
32
39
39
39
36
41
34
43
32
36
30
27
24
44
22
33
29
33
40
31
24
43
47
33
34
32
31
35
37
29
31
31
40
38
34
36
37
18
31
40
25
39
36
40
40
21
22
39
24
41
36
24
31
36
29
46
40
28
28
42
48
29
35
24
39
34
25
40
32
25
30
35
34
36
39
33
29
28
33
32
24
28
39
22
28
31
27
27
34
34
29
23
28
26
37
31
25
26
25
39
25
30
25
33
29
26
22
37
34
32
31
39
26
37
26
32
23
33
29
33
26
28
34
26
28
16
34
38
26
30
25
14
30
29
20
27
12
24
34
37
28
22
25
27
27
29
32
21
33
19
21
21
20
23
18
30
27
30
19
23
22
29
28
24
26
16
25
23
22
29
33
27
18
20
19
20
22
24
19
19
21
36
20
22
11
17
28
27
24
27
25
20
29
21
25
28
17
17
16
24
18
20
20
17
22
25
21
23
21
20
25
20
28
24
23
20
22
23
16
24
23
27
26
18
12
19
27
16
19
24
19
19
21
18
17
24
20
18
26
15
20
21
16
30
28
18
19
22
18
23
25
19
19
13
21
16
25
24
14
17
19
16
16
12
17
10
22
12
16
14
19
15
12
22
18
18
21
16
11
18
22
20
18
10
14
24
13
16
24
20
21
18
20
12
12
18
24
16
12
21
19
20
19
12
17
14
19
14
25
14
15
25
15
14
12
24
15
21
19
17
13
20
13
10
12
20
19
17
25
26
21
13
26
21
16
14
13
12
23
12
19
16
12
21
17
14
22
26
16
21
9
18
19
29
17
12
14
15
20
17
17
20
17
16
9
19
26
21
26
14
19
17
18
26
20
22
13
16
12
21
15
16
24
9
20
17
11
15
12
17
13
14
19
13
16
13
21
19
16
14
17
12
19
24
19
13
16
15
21
20
19
19
17
12
13
14
18
22
13
19
17
18
17
15
15
18
10
16
21
15
16
6
17
14
15
22
15
15
18
15
8
14
14
17
15
13
19
17
8
14
15
13
19
22
14
10
14
17
12
21
22
18
9
12
16
18
9
11
24
16
18
16
24
16
11
11
20
14
14
13
12
20
22
24
19
13
19
12
15
8
16
10
12
13
18
12
16
19
17
16
20
17
15
11
24
15
9
23
15
26
14
13
21
17
15
22
18
20
18
27
33
25
35
46
49
53
72
106
118
146
136
134
140
153
135
118
87
106
62
55
45
42
38
41
40
27
28
33
32
21
21
19
20
18
18
14
14
16
17
12
26
11
9
11
10
12
7
9
8
15
10
12
9
13
13
9
12
9
12
11
11
8
7
6
5
9
10
5
7
24
11
12
10
11
8
7
8
3
7
10
12
8
10
12
7
17
10
12
10
9
8
9
8
13
14
4
7
9
9
11
9
2
7
16
10
7
8
11
13
10
9
10
7
4
8
9
8
6
11
10
11
14
8
9
5
6
5
10
12
4
10
7
11
8
8
7
13
6
10
3
8
13
11
7
10
7
8
4
6
7
8
7
14
8
7
5
5
8
9
6
5
7
9
4
5
10
11
5
8
15
15
6
17
5
9
4
8
5
11
7
10
10
7
13
9
4
8
5
5
8
7
5
14
10
11
8
6
6
7
5
7
6
7
6
7
8
6
5
11
9
8
7
7
6
5
3
10
6
7
1
10
5
2
4
6
7
10
9
9
12
9
9
7
3
10
6
11
5
7
8
7
7
11
8
5
9
8
6
5
5
5
6
4
6
8
11
3
10
11
3
9
2
5
8
4
11
9
4
7
9
17
8
5
7
5
9
6
8
9
4
3
6
5
4
9
5
3
2
4
8
6
4
1
8
1
4
3
13
8
5
6
7
9
9
6
6
10
8
5
7
3
8
7
13
9
9
8
5
4
5
8
11
5
5
8
7
7
4
5
3
3
5
5
5
13
8
7
10
7
5
5
5
9
4
10
4
8
6
5
8
12
7
6
5
3
6
7
5
6
3
6
6
7
6
9
3
5
6
5
7
2
6
6
9
12
7
10
10
4
5
6
6
6
5
7
4
5
6
5
7
7
8
6
11
7
6
4
6
10
7
5
4
7
9
2
4
2
8
6
8
4
3
7
13
8
6
4
10
9
10
6
0
9
7
3
7
3
5
4
6
4
3
8
5
2
5
2
6
11
8
9
7
6
5
9
2
4
3
4
9
3
6
4
10
13
5
8
4
6
7
8
6
5
6
8
3
3
6
9
5
5
6
10
4
7
8
4
9
8
6
2
6
3
6
7
1
5
5
9
6
4
6
2
6
5
7
5
4
3
2
8
6
7
6
7
8
5
6
5
6
4
4
8
6
3
5
5
8
7
5
7
10
4
4
1
6
4
6
8
3
5
10
1
6
5
5
8
8
7
3
5
3
6
2
3
4
7
4
6
6
6
4
4
2
11
3
7
3
4
4
5
2
12
8
4
2
8
5
4
9
5
7
7
4
4
3
5
7
4
7
6
6
2
6
10
4
3
4
4
8
5
4
1
5
3
5
6
2
5
7
4
2
6
2
5
4
6
5
0
0
5
6
4
6
9
6
7
3
3
8
10
5
4
7
5
8
5
5
6
3
1
3
1
3
2
7
4
6
3
4
5
4
3
2
4
8
7
8
1
3
1
7
3
4
6
3
2
4
5
6
5
4
8
6
5
2
2
8
7
8
3
4
4
7
4
5
5
3
4
8
2
7
5
3
5
5
3
5
1
5
7
3
6
2
9
6
3
2
1
7
2
3
7
6
1
1
7
6
7
3
7
7
5
5
2
4
2
2
3
4
1
2
3
4
2
2
3
5
2
3
9
1
3
1
4
2
4
6
5
3
4
1
5
4
3
4
8
3
2
3
1
4
10
7
4
6
8
7
3
5
2
7
7
2
5
5
7
6
2
6
2
2
4
5
3
0
3
8
1
6
2
8
5
5
1
5
5
3
4
3
4
4
2
2
1
3
5
4
6
1
3
7
4
6
0
4
1
2
6
1
2
5
2
5
3
4
7
5
4
4
2
8
8
5
5
6
5
4
1
3
1
4
6
5
6
2
1
4
3
2
5
5
5
2
7
3
2
4
2
5
5
4
2
3
7
3
6
3
6
1
4
2
2
1
4
3
2
3
2
2
4
2
1
2
5
3
7
6
1
2
4
2
5
2
1
3
4
5
2
1
4
3
1
3
3
6
5
3
0
1
2
9
9
4
3
2
3
1
5
4
4
3
2
7
2
5
3
6
4
1
4
2
4
2
3
4
3
4
5
1
6
1
3
3
2
2
3
2
2
6
2
0
9
3
5
4
3
4
3
2
4
1
4
3
6
2
5
5
4
2
4
3
2
1
2
0
0
4
3
5
2
4
5
3
2
4
2
1
4
5
3
4
4
1
2
2
2
4
5
0
2
2
3
4
3
1
4
3
3
3
2
2
3
5
5
0
5
5
6
1
2
0
5
4
4
1
2
4
1
0
2
5
2
5
3
6
4
4
4
6
4
7
4
3
4
2
3
3
0
5
2
2
2
3
1
2
3
4
4
2
5
6
2
2
1
2
3
3
4
3
0
0
3
4
1
2
2
6
2
2
3
6
5
5
0
5
3
4
2
0
3
1
5
3
2
1
0
4
2
5
2
4
3
4
5
1
3
2
3
2
4
4
1
4
5
1
3
5
3
2
0
3
3
3
1
2
3
1
4
5
1
2
3
3
5
3
1
4
2
4
0
1
4
3
3
3
6
1
5
1
2
3
2
3
3
4
1
2
5
1
4
4
1
3
3
2
2
5
7
2
1
3
2
1
2
1
2
3
1
3
3
2
7
2
4
3
7
10
4
0
4
3
2
1
3
2
0
4
6
3
3
3
0
3
4
2
2
1
2
3
1
2
1
3
4
3
6
2
2
3
4
2
2
1
4
4
4
1
2
4
4
0
2
4
4
0
2
4
1
2
1
3
2
2
0
4
1
2
4
2
1
0
1
0
3
1
3
1
1
3
2
1
2
3
3
2
3
2
0
2
3
5
3
1
1
2
0
4
2
1
5
1
0
4
2
1
4
0
1
1
0
0
3
2
3
0
2
6
3
5
4
2
2
3
1
3
3
4
4
2
1
1
1
0
4
0
4
3
1
3
0
3
3
1
2
3
5
4
3
1
3
2
1
5
0
1
2
0
4
2
1
1
2
2
3
3
2
1
2
1
2
4
3
1
4
2
3
3
2
0
3
5
4
1
1
1
2
4
2
4
4
1
2
1
0
4
4
4
2
5
1
1
0
4
3
2
1
2
2
3
1
3
2
2
0
1
4
2
1
6
1
4
3
2
4
3
2
5
2
3
2
5
2
0
2
3
2
6
2
3
2
2
1
1
2
2
2
3
2
2
4
2
0
0
1
1
1
2
0
0
2
3
1
3
4
0
2
0
0
3
3
6
1
0
4
2
3
0
2
2
3
4
0
1
0
5
1
1
1
2
1
0
1
3
3
0
2
4
1
2
5
2
2
1
1
0
0
0
4
3
1
1
4
2
3
4
1
5
0
3
1
1
2
3
2
3
1
2
2
2
1
1
2
0
3
1
1
3
2
3
1
2
3
0
1
1
2
1
2
0
1
2
2
2
1
2
1
1
0
3
2
0
0
2
1
2
2
1
1
2
3
0
1
0
0
1
1
0
0
2
2
2
0
2
1
2
0
2
1
0
0
3
2
2
1
0
1
1
1
2
2
0
1
2
2
1
2
2
5
0
1
1
0
1
1
3
3
2
1
1
1
3
1
2
0
3
2
2
1
3
0
3
1
1
2
2
3
0
1
1
3
1
0
2
3
0
2
0
2
2
2
0
0
0
1
1
0
0
2
0
1
1
1
0
2
0
1
3
1
1
0
2
2
0
1
0
0
0
2
1
0
3
1
2
1
2
1
0
1
0
2
0
0
2
0
1
3
1
1
0
0
0
0
0
2
1
1
2
0
2
0
2
1
0
1
2
4
1
4
0
0
1
1
1
0
0
1
1
2
0
2
1
0
0
0
0
0
0
1
1
1
2
3
0
1
1
1
1
0
1
0
0
1
0
0
1
1
1
1
1
2
1
0
0
0
1
2
2
2
0
1
0
0
2
0
0
2
1
0
0
2
0
4
0
2
1
0
2
0
2
3
0
0
1
2
0
2
0
1
0
2
0
0
5
1
0
3
1
0
0
0
0
1
2
0
0
0
0
0
2
0
0
1
2
0
2
2
0
1
1
1
2
1
1
3
0
2
2
3
0
1
1
2
0
1
2
0
0
1
1
0
1
1
1
1
3
3
0
0
1
0
2
0
1
2
2
0
0
1
0
0
2
2
3
0
2
0
0
0
0
3
1
0
2
0
1
1
1
1
0
0
0
2
0
2
1
2
1
1
2
1
1
2
2
0
1
0
2
3
0
0
2
1
2
0
0
1
0
0
1
1
0
0
1
0
0
0
1
2
0
1
2
0
2
0
1
1
0
3
0
0
2
1
0
3
2
1
3
1
0
3
1
1
2
0
1
0
0
2
1
2
1
2
1
1
1
2
0
2
1
1
1
0
2
2
1
0
3
3
5
3
0
0
0
2
1
1
3
1
1
1
1
1
0
2
3
1
1
0
3
1
0
0
4
0
3
2
3
5
4
2
4
2
3
1
3
0
2
1
0
2
2
2
0
2
1
3
2
1
1
0
1
2
1
1
0
0
0
1
1
1
2
1
0
0
2
0
1
1
0
2
2
2
2
0
0
1
1
0
1
0
1
1
1
1
1
1
0
0
0
2
1
0
0
1
0
0
0
1
0
0
0
0
2
0
1
0
0
0
0
1
0
1
3
0
0
0
1
0
1
1
0
1
1
0
2
0
0
0
0
0
0
0
2
0
1
0
2
2
0
0
1
0
1
0
0
2
0
0
1
0
0
1
1
1
0
0
0
0
0
0
1
0
0
0
0
0
0
2
0
0
0
0
1
0
0
1
0
1
0
0
0
1
1
1
1
1
1
1
0
1
2
0
0
2
2
4
0
1
1
0
3
1
1
2
0
0
0
1
1
1
1
1
0
1
0
0
0
0
0
1
0
0
0
0
1
0
0
2
0
2
0
1
0
0
0
0
1
0
1
2
0
0
1
1
0
0
1
0
2
0
0
0
1
0
1
0
0
0
1
1
1
1
3
0
0
1
0
0
0
0
1
0
1
0
2
0
1
1
0
1
0
1
1
0
0
1
1
1
0
1
0
0
1
1
0
0
0
1
0
1
1
0
0
0
1
2
1
0
0
0
0
1
1
0
1
0
0
1
0
0
0
1
0
0
0
0
0
0
0
1
0
0
1
0
0
1
2
0
2
0
0
0
1
1
0
1
1
0
0
0
0
1
0
1
0
0
1
0
1
1
0
1
0
0
3
0
0
1
0
0
1
0
0
0
0
0
0
0
2
0
0
1
1
0
1
2
1
1
1
0
0
0
1
1
1
1
1
0
2
0
1
1
0
0
1
0
0
0
0
0
0
0
0
2
1
0
2
1
0
0
0
0
0
1
1
0
2
0
0
0
0
1
0
1
0
0
0
0
1
0
0
1
0
1
0
0
0
0
0
0
3
1
1
1
0
0
1
0
1
0
0
1
0
0
0
0
1
2
2
0
0
0
0
0
2
0
0
0
0
0
0
0
2
0
0
0
1
0
0
0
0
0
0
2
0
0
1
1
1
0
0
1
0
0
0
1
0
0
0
0
0
1
0
0
0
0
1
0
0
0
1
0
0
0
1
0
0
1
1
0
0
0
0
0
0
0
0
0
0
0
1
0
1
0
0
0
0
0
0
1
0
1
0
0
1
2
0
0
1
0
1
0
0
0
0
0
2
0
0
0
0
0
0
1
0
1
0
0
1
0
0
0
0
0
0
0
1
0
0
0
0
1
1
0
1
1
0
0
0
2
0
0
0
1
0
1
0
0
1
0
0
0
0
0
0
0
0
2
0
0
0
1
0
0
1
0
0
0
0
0
1
0
0
0
0
1
0
0
0
0
0
0
1
0
0
2
1
0
0
0
0
0
0
0
0
0
1
0
0
0
0
0
0
0
0
0
2
0
0
0
0
0
0
0
0
0
0
0
0
0
0
0
0
0
0
0
1
1
0
0
0
0
0
0
0
0
0
1
0
0
0
1
0
1
0
0
0
0
0
0
0
0
1
0
1
0
0
0
0
0
0
0
1
0
0
0
0
1
0
0
0
0
0
0
0
1
0
0
0
0
1
0
0
0
0
0
0
0
1
0
2
0
1
0
0
0
0
0
0
0
0
0
0
1
1
0
0
0
0
0
0
0
0
0
0
0
0
1
0
0
0
0
0
0
0
0
0
0
0
0
1
0
0
0
0
1
1
0
0
0
0
0
0
1
1
0
0
0
0
1
0
0
0
0
0
0
0
0
0
0
0
0
0
1
0
1
2
0
0
1
0
0
0
1
1
0
0
1
0
1
1
0
0
0
0
0
0
0
0
0
1
0
1
0
0
0
0
0
0
0
0
1
1
0
1
0
0
0
1
0
0
0
1
1
0
1
0
0
0
0
0
0
2
0
0
0
0
0
0
1
0
0
0
0
0
1
0
0
1
0
0
0
0
0
0
1
0
0
0
0
0
0
0
0
0
0
0
1
0
0
0
0
0
0
0
0
0
0
0
0
0
0
0
0
0
1
0
1
0
0
0
0
1
1
0
0
0
0
1
0
1
0
1
0
0
0
0
0
0
0
0
0
0
0
0
0
0
0
0
0
0
0
0
0
0
0
1
0
1
0
0
0
1
0
0
0
0
0
0
0
0
0
0
0
0
0
0
0
0
0
0
0
0
0
0
0
0
0
0
0
0
0
1
1
0
1
0
0
0
0
1
0
0
1
0
0
0
0
0
0
0
0
0
1
0
0
0
0
0
0
0
0
0
0
0
0
0
0
2
0
0
0
1
1
0
0
0
0
0
0
0
0
0
0
0
0
0
0
0
0
0
0
0
0
0
0
1
0
1
0
0
0
0
0
0
0
0
0
0
0
0
0
0
2
0
0
0
1
0
0
0
0
0
0
1
0
0
0
0
1
0
0
0
0
0
0
0
0
0
0
0
0
1
0
0
0
1
0
0
0
0
0
0
0
0
0
0
0
1
0
0
0
0
0
0
1
0
0
0
0
0
0
0
0
0
0
0
0
0
0
0
0
1
0
0
1
0
0
0
0
0
0
0
0
0
0
0
0
0
0
0
1
0
0
1
0
0
0
0
0
0
1
0
1
0
0
0
0
0
0
0
0
0
0
1
0
0
0
0
0
0
0
0
0
0
0
0
0
0
0
0
0
0
0
0
0
0
0
0
0
0
0
0
0
1
0
1
0
0
0
0
0
0
1
0
0
0
0
0
1
0
0
0
0
0
0
0
0
0
0
0
0
0
0
0
0
0
0
0
0
0
0
0
0
0
0
0
0
0
0
0
0
0
0
0
0
0
0
0
0
0
1
0
0
0
1
0
0
2
0
0
0
0
0
0
1
0
1
0
0
0
1
0
1
0
0
0
0
0
0
0
0
0
0
0
1
0
0
0
1
0
0
0
0
0
1
0
0
0
0
0
0
0
1
0
0
0
0
0
0
1
0
0
0
0
0
0
0
0
0
1
0
1
0
0
0
0
0
0
0
0
0
1
1
0
0
0
0
0
0
0
0
0
0
0
1
0
0
1
0
1
0
0
0
0
0
0
0
0
0
0
0
0
0
0
0
0
0
0
0
0
0
0
0
0
0
0
0
0
0
0
0
0
0
0
0
0
0
0
0
0
0
0
0
0
0
0
0
0
0
0
1
1
1
0
0
0
0
0
0
1
0
0
0
0
0
0
0
0
0
0
0
0
0
0
0
0
0
0
0
0
0
0
0
0
0
0
0
0
0
1
0
0
0
0
0
0
0
0
0
0
0
0
0
0
0
0
0
0
0
0
0
0
0
0
0
0
0
0
0
0
0
0
1
0
0
0
0
1
0
0
0
0
0
0
0
0
0
0
0
0
0
0
0
0
0
0
0
0
0
0
0
0
0
0
0
0
0
1
0
0
0
0
0
0
0
0
0
0
0
0
0
0
0
0
0
0
0
0
0
0
0
0
0
0
0
0
0
0
0
0
4
8
3
8
7
2
11
6
7
11
4
7
5
7
9
5
7
4
6
8
9
8
10
5
6
7
6
6
7
2
5
3
5
5
8
8
7
7
8
4
3
8
6
11
4
12
4
8
10
6
4
2
6
9
4
10
9
7
8
4
5
7
5
9
6
7
5
8
8
7
4
10
4
4
6
11
8
5
4
7
8
5
4
9
7
7
6
10
7
7
7
5
6
6
5
7
14
8
8
8
6
10
5
11
4
7
8
11
7
8
7
8
6
3
3
5
8
11
5
3
14
7
5
11
2
2
8
5