0
0
0
0
0
0
0
0
0
0
0
0
0
0
0
0
0
0
0
0
0
0
0
0
0
0
0
0
0
0
0
0
0
0
0
0
0
0
0
0
0
0
0
0
0
0
0
0
0
0
0
3
11
14
21
31
44
45
71
67
92
96
99
86
103
104
124
114
118
117
138
116
136
137
138
140
154
146
132
145
174
170
190
194
160
197
166
210
219
183
205
198
182
223
216
233
226
242
263
337
358
505
613
947
1485
2548
4842
7538
7724
5909
4242
3225
2533
2071
1529
1168
825
660
570
508
484
460
488
515
535
575
627
689
739
862
906
1106
1112
1245
1365
1592
1737
1759
1967
2161
2310
2320
2280
2151
1656
1356
1005
852
733
620
634
594
598
643
731
823
953
1106
1271
1482
1589
1743
1901
1996
1936
1806
1486
1183
992
829
724
675
738
769
912
1024
1208
1389
1535
1620
1815
1849
1696
1575
1305
1082
894
776
835
849
900
1015
1110
1269
1484
1677
1612
1679
1694
1583
1418
1211
1053
922
927
919
966
1065
1268
1307
1492
1562
1551
1555
1631
1495
1442
1313
1215
1179
1074
1058
994
1135
1216
1258
1311
1374
1442
1439
1509
1430
1459
1440
1346
1379
1248
1255
1183
1208
1186
1199
1229
1261
1297
1284
1324
1397
1394
1410
1364
1354
1343
1420
1343
1400
1312
1333
1394
1317
1247
1272
1363
1337
1258
1306
1260
1249
1339
1306
1348
1409
1367
1349
1395
1312
1351
1349
1327
1362
1320
1361
1354
1323
1350
1378
1316
1347
1302
1325
1368
1343
1312
1354
1363
1351
1314
1320
1345
1328
1323
1435
1379
1434
1301
1316
1328
1398
1387
1311
1358
1309
1342
1317
1332
1339
1361
1372
1322
1350
1398
1337
1291
1392
1368
1324
1342
1333
1307
1384
1399
1332
1373
1372
1359
1344
1373
1431
1295
1364
1360
1323
1375
1306
1406
1321
1388
1355
1396
1380
1359
1343
1383
1338
1332
1262
1376
1361
1410
1394
1375
1438
1401
1443
1412
1412
1380
1465
1412
1410
1438
1441
1419
1375
1492
1404
1453
1446
1448
1416
1442
1415
1422
1427
1428
1356
1433
1467
1469
1427
1403
1457
1414
1490
1452
1392
1490
1550
1443
1429
1442
1479
1475
1496
1503
1457
1441
1516
1471
1452
1456
1497
1425
1436
1523
1513
1478
1505
1494
1443
1499
1504
1398
1516
1532
1554
1495
1540
1473
1462
1428
1412
1456
1530
1486
1568
1479
1529
1492
1508
1499
1474
1483
1506
1464
1504
1455
1504
1479
1437
1464
1478
1420
1440
1524
1560
1448
1517
1467
1462
1377
1474
1481
1473
1406
1567
1465
1464
1552
1435
1514
1545
1461
1485
1413
1489
1451
1505
1485
1456
1537
1470
1457
1542
1513
1533
1512
1495
1429
1448
1460
1515
1490
1552
1521
1456
1460
1538
1478
1430
1465
1470
1447
1492
1440
1455
1445
1442
1533
1502
1431
1473
1501
1530
1487
1539
1465
1430
1451
1421
1385
1396
1517
1439
1461
1510
1442
1537
1462
1517
1419
1442
1423
1411
1426
1431
1369
1490
1487
1367
1444
1430
1449
1554
1465
1465
1462
1421
1459
1522
1479
1543
1525
1405
1455
1502
1433
1426
1481
1501
1432
1359
1458
1407
1514
1527
1435
1414
1432
1498
1449
1420
1446
1443
1350
1433
1490
1531
1411
1484
1399
1411
1424
1436
1428
1402
1431
1413
1424
1366
1377
1445
1441
1477
1406
1407
1433
1457
1376
1473
1460
1392
1413
1409
1410
1428
1388
1392
1387
1476
1445
1417
1443
1448
1417
1360
1472
1386
1501
1447
1348
1379
1408
1419
1399
1415
1541
1425
1420
1463
1494
1383
1386
1454
1406
1408
1414
1375
1431
1446
1442
1434
1364
1421
1419
1454
1423
1451
1403
1377
1413
1404
1432
1410
1437
1445
1364
1428
1452
1403
1451
1429
1427
1439
1425
1490
1407
1440
1422
1414
1460
1489
1413
1405
1470
1470
1460
1493
1398
1512
1429
1396
1412
1444
1444
1524
1425
1407
1449
1434
1456
1470
1481
1400
1445
1431
1454
1416
1415
1418
1510
1461
1457
1530
1476
1504
1477
1520
1430
1507
1505
1500
1440
1505
1517
1508
1514
1568
1444
1506
1493
1532
1490
1513
1478
1503
1468
1557
1597
1485
1538
1538
1582
1449
1472
1568
1554
1519
1566
1488
1542
1505
1570
1581
1526
1643
1627
1516
1542
1498
1574
1597
1605
1609
1569
1508
1531
1602
1577
1654
1717
1650
1543
1652
1505
1672
1569
1673
1581
1626
1636
1657
1590
1598
1618
1613
1531
1629
1646
1580
1584
1634
1589
1538
1632
1603
1590
1650
1621
1618
1664
1588
1646
1572
1609
1578
1538
1568
1529
1536
1504
1468
1479
1516
1426
1415
1463
1420
1395
1425
1306
1340
1285
1287
1311
1272
1252
1246
1183
1213
1255
1199
1186
1136
1191
1161
1118
1165
1113
1172
1110
1068
1162
1128
1155
1044
1064
1090
1048
1070
1064
1067
990
1037
1037
1045
1010
1022
978
980
993
997
1045
1002
1001
998
972
967
972
936
978
919
951
954
961
972
981
938
934
918
908
920
962
911
900
982
934
925
899
946
933
832
896
888
917
875
926
922
876
882
880
880
866
865
901
824
843
854
778
861
858
791
853
830
800
783
820
788
829
834
831
815
840
850
767
812
848
811
813
825
847
765
829
764
750
756
734
758
811
755
793
746
765
799
773
790
731
735
750
720
759
774
721
711
724
800
782
698
711
683
697
677
714
727
690
722
663
672
732
715
709
679
705
676
700
684
642
669
696
671
682
693
681
678
683
646
637
634
612
664
645
692
646
675
651
646
659
606
683
608
662
675
639
693
668
639
655
642
669
625
587
608
646
639
621
641
656
620
595
652
604
614
601
639
647
587
567
581
634
561
609
600
563
591
600
619
606
597
619
565
606
543
596
599
631
643
594
575
599
555
600
541
591
635
638
568
628
606
638
641
620
611
682
579
599
574
629
639
614
605
606
596
569
601
595
599
601
568
549
592
623
602
586
599
617
553
574
596
592
585
580
601
540
581
565
591
626
574
592
593
578
564
601
592
575
583
585
565
540
547
561
552
579
620
548
608
523
575
592
565
594
521
569
559
599
567
546
543
564
590
599
530
593
512
554
588
558
558
540
591
568
557
570
544
543
586
577
574
518
543
556
542
521
531
560
545
564
551
551
574
533
508
536
573
562
536
555
552
521
592
488
526
564
529
495
535
515
590
525
556
546
553
496
520
533
520
546
507
551
547
555
531
521
493
528
531
540
517
543
538
535
512
520
520
514
532
521
527
496
540
515
510
535
518
501
528
530
501
475
526
499
495
530
516
582
533
541
541
485
490
509
524
533
519
532
527
520
477
524
573
576
532
655
707
899
1258
1778
2609
3915
5677
8361
11600
15090
18426
21795
24111
24962
24002
22034
19521
15830
13088
10229
8211
6537
5495
4849
4596
4227
4185
4078
3955
3904
3690
3376
3190
2927
2707
2384
2211
1931
1873
1692
1457
1355
1227
1105
946
978
907
834
756
726
735
672
613
560
540
563
549
531
509
517
515
504
487
468
447
475
481
439
459
457
455
438
429
450
459
458
422
425
396
432
433
452
428
437
415
420
410
423
446
425
409
409
435
421
384
377
429
414
448
381
407
417
414
412
364
409
417
379
391
404
368
375
347
384
369
426
354
401
411
368
402
374
400
365
401
377
374
405
402
376
413
362
365
339
384
383
426
404
358
355
365
373
396
397
350
390
374
408
385
361
332
359
336
379
367
373
359
390
380
371
391
396
344
392
368
345
397
351
389
378
356
366
335
331
375
388
356
380
375
378
377
339
357
337
389
349
378
347
368
345
372
351
358
368
357
324
363
345
350
353
373
325
384
332
343
343
361
328
369
326
328
349
294
351
354
328
321
325
357
324
352
368
348
336
341
331
310
350
358
354
356
357
352
349
318
318
317
316
352
327
336
319
338
377
316
333
380
347
357
311
345
354
306
341
342
324
347
351
288
334
336
358
324
339
355
298
323
334
332
352
349
346
358
315
333
324
348
317
326
314
361
318
345
335
338
324
358
324
343
309
332
343
325
308
290
332
304
333
326
323
277
365
361
339
324
328
310
357
317
337
339
314
304
328
303
302
315
312
300
319
351
282
306
333
324
325
341
278
324
324
303
305
319
308
317
319
299
310
331
314
281
317
313
332
317
342
334
298
321
327
297
340
315
295
312
321
323
306
317
317
303
338
321
307
305
301
346
333
324
290
310
314
314
331
296
345
300
320
296
319
303
303
313
307
310
319
279
279
333
319
309
279
315
299
326
335
290
297
319
270
292
314
274
298
345
302
320
319
303
307
311
330
307
320
334
315
318
297
311
305
300
321
330
297
327
323
295
286
312
317
289
283
295
296
332
299
287
322
286
295
305
307
318
293
308
301
299
286
318
308
335
276
284
282
288
328
291
314
320
281
330
294
281
300
301
273
295
326
286
314
319
276
320
280
309
284
306
287
307
321
303
281
294
277
268
317
301
315
308
301
296
295
313
295
328
287
274
288
309
297
355
274
307
282
287
306
314
299
291
294
305
311
291
277
282
321
281
259
323
324
315
307
288
301
281
315
305
272
299
269
278
304
312
293
283
270
270
273
318
278
305
305
304
298
257
287
288
273
303
289
283
271
278
288
233
279
304
302
282
280
277
319
266
314
300
255
265
287
280
266
311
267
280
287
297
284
286
274
300
269
295
282
273
307
291
298
274
252
254
260
276
270
292
254
317
267
269
298
259
288
300
290
244
270
255
270
275
260
295
278
259
273
324
289
284
278
300
306
284
256
328
272
256
316
273
230
277
285
306
288
265
294
269
265
291
304
270
297
277
259
314
250
277
287
276
251
273
307
283
260
294
293
283
279
266
296
269
299
276
286
281
270
292
273
298
279
293
286
300
270
267
300
272
261
287
274
279
276
306
282
270
255
266
271
282
290
294
302
281
291
305
258
279
245
242
291
268
287
258
275
279
283
270
252
270
248
257
286
270
251
267
310
260
284
262
273
290
278
280
281
279
265
303
269
269
251
267
254
240
280
277
300
291
285
252
300
263
261
288
269
256
272
261
268
251
281
240
271
278
253
285
259
239
279
280
301
284
256
263
287
275
280
264
265
284
286
250
264
262
292
282
263
263
284
290
287
279
262
287
255
233
274
267
252
252
271
272
252
276
270
269
277
271
283
285
262
295
275
265
269
263
275
252
287
298
290
275
290
275
252
250
290
291
254
264
281
294
292
241
262
255
252
281
276
259
293
269
285
272
262
272
274
272
238
256
278
261
254
284
256
255
270
256
287
257
282
255
266
271
267
295
292
306
266
254
291
260
275
234
271
276
253
280
220
265
270
278
277
264
229
258
282
257
281
264
279
272
252
264
283
275
253
270
282
249
277
281
257
271
285
276
280
273
267
294
271
245
272
260
280
255
263
296
259
273
275
235
262
265
277
231
280
290
266
275
265
272
268
254
279
286
267
324
253
264
281
279
292
267
290
276
235
253
269
258
244
249
263
296
265
268
283
233
255
277
281
267
273
272
269
307
253
291
275
272
256
254
275
279
257
252
248
275
229
293
275
276
265
252
283
275
233
269
275
276
274
265
263
246
264
252
281
273
251
258
280
256
274
264
259
275
285
287
276
259
267
274
319
266
310
277
269
287
251
257
269
281
249
246
253
268
285
264
272
309
297
241
287
314
288
270
279
295
259
281
283
297
256
306
271
285
272
238
260
288
259
288
290
294
327
253
280
252
260
268
308
263
278
278
300
258
271
260
292
290
283
259
265
251
260
268
291
275
267
277
278
265
293
294
243
302
294
278
284
251
288
278
290
273
296
289
276
280
295
259
301
300
276
278
288
290
300
298
275
293
274
257
295
279
287
279
303
252
329
294
269
288
270
286
283
302
237
290
275
252
286
304
276
317
276
281
290
269
295
259
302
267
305
308
285
294
317
265
306
288
288
277
301
328
266
305
297
302
276
322
308
292
278
285
269
296
309
277
300
325
297
304
291
312
282
283
271
267
312
283
310
323
331
278
280
304
317
305
292
308
294
292
305
307
301
283
314
299
295
348
278
290
303
301
293
290
318
325
308
281
315
310
306
322
310
339
291
339
321
303
330
291
303
309
333
300
328
331
323
334
289
297
325
321
287
330
276
343
316
367
293
335
319
313
296
323
316
326
331
324
340
316
347
317
363
327
294
326
316
320
328
324
301
310
337
334
349
325
338
329
320
298
333
335
308
342
337
335
328
360
334
341
349
355
331
345
317
339
348
318
369
327
319
335
329
324
345
329
322
375
361
358
353
372
345
314
333
350
330
361
368
367
365
340
365
360
334
365
361
357
323
350
384
372
357
357
334
344
366
369
334
364
338
377
349
385
359
355
386
366
398
366
367
398
371
364
364
421
365
428
387
380
410
399
310
342
373
344
348
392
358
385
350
334
361
366
385
356
323
391
360
352
369
325
388
377
377
349
335
374
338
373
349
386
374
378
414
345
382
370
366
378
363
373
369
379
388
366
374
370
375
421
356
379
366
401
385
385
373
337
353
392
414
386
339
373
369
387
365
364
384
376
405
388
355
380
391
406
364
414
362
376
390
403
396
385
395
371
335
377
355
374
375
372
368
409
386
410
360
368
386
392
286
354
344
330
329
310
299
330
333
329
308
296
278
305
280
334
307
282
290
307
287
291
292
317
308
261
293
278
241
256
294
255
284
285
251
270
235
240
252
263
252
278
263
244
281
266
272
240
280
267
279
269
248
253
224
248
227
231
265
250
245
272
260
231
256
241
279
240
246
250
238
233
263
246
232
222
253
231
248
217
245
227
221
222
246
228
265
219
249
233
211
238
229
231
233
237
240
222
232
220
240
242
238
258
268
251
223
238
213
237
253
234
196
201
197
216
235
207
255
214
214
207
231
207
238
203
227
208
229
215
229
216
228
222
218
241
209
214
217
206
232
221
246
192
211
230
202
216
216
203
204
235
205
198
225
210
203
221
216
203
203
218
221
222
200
212
236
194
191
210
202
208
203
191
194
206
207
188
194
192
187
182
168
170
198
199
174
188
188
182
183
203
186
176
203
207
190
188
164
172
184
174
184
171
189
190
168
180
197
191
176
162
184
177
157
187
192
175
170
172
186
154
180
170
159
167
149
179
166
149
172
181
161
157
170
143
146
187
157
186
156
176
157
172
178
151
167
157
180
140
156
172
181
142
159
169
176
157
147
155
159
145
138
123
145
126
163
152
159
148
144
136
151
154
148
150
135
142
135
149
150
141
174
134
133
126
144
124
126
128
127
157
140
138
111
134
130
129
134
153
139
129
152
146
127
139
117
144
150
126
162
131
136
132
120
126
119
125
123
126
119
142
133
102
115
117
134
98
110
127
127
127
126
121
109
126
114
128
111
127
133
126
124
129
138
116
117
124
105
103
124
106
125
117
109
123
123
138
123
134
113
137
105
113
116
111
119
97
115
122
102
108
105
107
107
117
111
118
114
93
132
116
107
122
121
127
104
98
90
89
117
105
86
118
123
114
93
105
116
134
113
114
97
113
112
105
93
120
115
120
104
131
104
95
104
99
120
128
104
109
98
96
94
116
102
99
101
105
104
106
118
105
102
110
100
124
106
103
113
106
96
94
99
112
111
119
118
89
100
104
107
120
89
93
91
105
117
118
110
100
108
101
94
117
90
99
105
104
102
89
95
110
92
104
112
109
116
94
96
110
93
108
90
99
98
85
96
103
91
95
94
93
93
109
94
118
115
97
104
91
97
108
92
91
99
99
84
77
108
91
89
113
98
92
96
86
101
107
107
111
111
103
109
120
109
94
106
91
96
102
101
104
100
104
107
104
100
102
80
123
131
142
157
237
431
722
1204
1992
3036
4255
5443
6562
7217
7171
6490
5590
4320
3226
2421
1747
1398
1190
1076
1029
1015
1078
1076
1039
1042
933
914
882
776
684
647
581
505
464
404
417
344
326
324
281
254
249
219
218
202
192
183
157
179
163
156
173
144
149
131
130
115
126
137
148
134
151
129
122
145
133
120
134
130
138
124
132
126
95
130
124
98
138
114
117
100
128
114
122
116
124
130
113
112
114
103
119
124
132
118
115
118
117
112
121
98
114
120
112
119
88
109
114
125
117
109
106
97
107
107
104
111
112
127
99
120
90
112
103
123
116
108
119
90
106
102
118
95
83
126
102
102
119
104
101
96
93
93
101
84
87
90
112
99
98
89
97
109
89
127
97
94
128
100
112
97
92
117
83
100
110
101
101
112
89
95
110
104
99
81
94
109
93
82
103
75
114
102
83
93
100
88
93
105
92
100
105
79
103
83
99
82
90
83
107
94
107
101
75
90
101
94
92
80
92
91
92
94
96
87
76
77
88
79
104
92
90
80
90
93
103
92
96
86
91
98
91
78
98
86
81
84
101
88
77
71
101
93
87
114
99
88
75
83
108
91
75
84
99
107
81
94
91
89
90
82
87
88
87
90
79
80
92
85
82
104
69
103
94
94
100
92
88
75
93
90
79
84
103
82
90
74
77
76
90
75
89
82
89
104
91
85
84
78
87
87
95
96
78
85
84
90
96
79
80
86
85
80
94
65
86
88
91
88
80
76
70
75
89
70
97
80
90
79
80
90
87
84
87
98
86
73
64
77
81
86
82
83
85
82
78
82
89
80
83
71
89
72
81
76
69
75
76
84
74
68
84
69
88
76
73
69
86
92
81
90
64
90
80
81
61
83
74
81
77
77
80
98
75
75
82
78
69
75
93
74
64
73
106
69
87
74
88
74
80
87
92
69
77
88
85
69
64
79
72
74
79
77
78
77
81
76
70
65
64
67
77
68
59
82
73
70
73
79
90
70
67
79
68
72
76
59
66
59
91
65
78
81
63
65
77
79
64
66
74
69
68
50
68
82
69
62
75
95
71
63
70
84
69
64
67
63
67
53
65
80
54
68
77
57
72
75
70
72
84
58
74
73
69
49
72
87
85
91
48
94
90
73
66
82
78
70
61
73
76
70
73
72
59
60
73
61
54
68
71
69
70
77
71
67
63
62
64
75
74
66
71
67
72
69
73
87
61
81
83
64
68
64
68
63
76
70
72
82
74
70
56
72
59
64
66
84
75
60
81
68
68
66
71
53
91
60
71
63
58
53
68
60
60
71
76
68
55
73
68
72
64
71
66
64
63
70
42
64
64
71
59
67
60
65
71
54
63
56
63
54
73
63
60
64
77
50
46
56
54
68
67
69
60
54
56
63
54
69
57
61
63
47
60
62
65
61
58
56
75
72
53
56
61
66
49
60
66
61
61
77
66
74
48
58
65
55
50
50
67
46
62
66
51
78
61
51
59
64
60
52
68
63
68
75
59
55
55
72
75
61
38
56
52
66
51
64
63
52
53
65
69
53
54
53
64
57
63
74
73
63
38
60
57
53
51
63
53
71
69
74
51
51
56
43
62
51
53
47
46
60
56
52
62
52
74
52
62
70
56
48
49
63
63
67
75
65
55
59
67
49
55
63
61
68
48
62
62
55
60
62
61
55
53
61
60
71
52
58
69
64
57
56
39
64
45
60
57
54
45
64
56
65
60
63
61
63
54
63
62
54
72
58
59
60
44
62
52
43
55
60
45
57
59
53
62
50
57
57
48
62
56
57
49
60
53
61
53
46
48
52
54
53
48
48
68
57
58
50
56
49
55
43
46
63
39
56
50
49
45
45
40
48
60
58
40
38
46
41
48
50
47
58
45
50
51
45
57
54
41
49
53
45
56
52
55
51
51
46
63
49
47
44
40
42
58
50
49
43
50
40
54
31
47
45
41
44
37
36
53
50
55
44
49
51
54
59
50
54
51
53
40
42
36
45
51
54
36
37
43
56
55
39
33
34
37
46
44
43
38
42
42
38
43
52
46
35
41
41
38
28
44
47
48
51
30
34
45
42
44
32
41
42
43
47
35
34
42
41
51
39
25
36
39
39
41
36
43
39
29
42
40
44
26
36
33
37
30
49
35
32
45
43
27
30
35
33
28
29
47
25
38
35
35
30
40
34
42
37
41
39
29
36
38
31
27
26
24
33
48
34
25
33
22
36
41
30
43
29
39
22
35
28
35
38
33
27
37
25
34
44
33
31
42
47
27
26
26
34
24
27
39
36
22
34
32
24
32
29
31
38
25
29
22
30
41
33
20
33
24
28
29
25
30
23
30
30
31
40
31
35
27
21
26
25
27
37
24
36
29
27
30
21
31
33
27
23
31
24
22
19
31
29
31
25
30
30
20
29
31
33
34
25
36
22
23
27
19
25
27
21
25
27
18
27
28
26
27
34
31
28
19
24
29
27
28
26
19
25
27
27
28
19
24
28
26
18
13
24
20
28
22
24
31
37
28
22
31
30
39
28
34
28
29
22
26
26
35
22
16
24
23
23
18
20
28
26
22
23
33
30
18
24
24
21
32
21
25
24
22
24
20
21
22
16
25
34
22
24
25
28
25
21
31
18
39
25
26
38
22
24
24
26
26
23
24
19
18
18
29
26
29
25
19
24
24
29
31
26
29
34
26
21
22
21
22
18
15
24
25
21
27
27
23
25
20
18
24
21
25
28
24
19
30
33
31
25
18
25
18
20
29
35
18
21
24
21
27
27
23
25
22
24
22
23
22
32
20
23
21
25
27
22
27
26
19
19
27
17
20
23
23
20
31
22
23
34
22
19
14
25
19
22
28
22
27
27
27
14
23
24
12
27
17
16
20
25
17
23
20
26
22
38
33
26
27
22
35
24
24
17
15
17
20
27
30
21
18
21
20
22
25
26
22
25
20
20
18
28
24
21
13
28
18
20
29
18
30
28
25
19
27
29
24
25
37
29
28
48
48
52
65
88
118
122
146
179
191
206
214
259
189
201
170
169
122
91
89
73
66
58
59
47
46
53
53
50
37
31
37
38
40
40
35
28
37
23
21
32
25
21
14
20
14
15
12
15
15
18
20
14
12
14
18
13
16
15
13
8
15
16
14
18
5
16
12
15
15
20
12
17
17
16
13
9
16
13
11
16
12
6
13
14
10
10
16
16
24
13
23
13
12
16
16
18
18
8
19
11
10
9
13
14
18
18
9
9
21
14
15
9
11
11
16
11
10
9
8
9
10
11
13
4
18
11
15
16
11
15
14
10
20
21
28
8
6
9
10
10
15
17
9
11
14
15
8
14
16
10
16
13
11
10
18
14
17
15
16
13
17
14
9
13
11
12
10
17
16
12
10
15
17
20
10
5
9
14
14
14
10
7
7
14
11
12
8
12
13
13
12
16
15
8
13
11
15
10
7
8
13
17
12
14
7
15
9
11
13
17
13
11
4
8
8
13
21
14
9
11
9
8
17
8
12
19
10
8
10
15
12
12
7
6
10
11
18
10
14
16
16
9
12
11
14
7
14
7
13
11
10
9
9
14
13
8
9
13
14
11
8
6
14
14
16
17
9
12
11
7
16
9
18
10
11
13
6
9
10
12
13
10
6
13
11
14
10
7
12
9
13
12
8
3
11
12
9
10
17
19
7
11
8
6
20
10
16
10
10
12
7
6
10
7
11
6
8
10
6
8
5
11
11
13
7
9
12
6
8
6
11
11
19
12
12
13
9
9
8
8
9
5
6
13
7
8
7
12
10
9
8
14
13
7
7
11
15
9
13
11
12
10
8
9
6
13
8
10
8
3
10
10
13
9
8
5
5
10
14
6
8
4
10
10
7
7
5
8
12
5
9
6
9
7
9
9
17
11
13
7
9
10
6
8
13
10
10
9
12
9
8
15
11
9
10
8
10
10
11
9
12
12
5
10
9
7
6
8
9
13
10
15
7
15
6
10
9
8
9
12
12
9
11
9
11
7
10
9
10
10
7
13
7
9
6
10
5
12
19
10
9
9
7
9
11
6
2
16
8
4
12
9
9
8
8
9
13
3
7
9
11
9
7
9
10
9
9
3
13
11
12
6
9
10
5
4
3
9
12
5
10
12
7
8
4
10
6
5
14
8
13
11
9
8
9
11
5
10
8
6
6
5
4
7
15
8
8
8
8
8
6
8
9
8
6
6
9
11
3
10
9
4
10
14
8
4
11
9
11
5
5
6
9
8
11
8
5
6
9
2
4
10
7
6
6
5
8
6
6
7
1
7
9
8
6
7
5
8
8
8
9
2
4
9
5
7
4
3
4
10
9
5
8
7
5
11
3
5
5
8
8
7
7
8
5
5
8
7
6
8
6
5
8
10
11
5
7
3
5
8
6
11
11
6
4
6
2
7
9
7
5
4
8
11
16
8
6
7
14
3
3
9
10
9
5
5
6
7
5
6
9
6
8
7
10
9
7
7
5
10
10
10
12
9
9
3
12
4
7
7
5
8
1
6
6
4
5
4
5
8
4
5
6
7
7
4
7
5
7
12
5
2
0
3
7
3
5
4
9
6
8
5
4
2
6
6
1
7
5
7
5
8
4
2
9
7
6
6
7
6
6
7
4
2
6
8
6
5
6
7
4
3
4
8
7
6
6
6
7
7
7
6
5
10
3
9
6
8
13
5
2
7
12
9
7
6
5
8
11
9
12
14
7
5
2
5
5
11
4
6
1
8
7
5
5
3
1
2
5
8
9
7
7
5
6
3
4
4
6
3
11
6
6
5
8
4
5
6
14
4
5
2
1
4
3
4
5
7
4
6
6
0
7
2
6
3
6
6
6
3
4
3
5
4
6
4
5
5
6
10
8
2
5
8
9
2
4
0
7
4
3
5
3
9
7
6
3
5
10
10
7
6
6
3
3
5
5
7
9
10
3
4
5
5
4
5
4
2
4
3
5
5
6
6
7
9
1
3
8
6
10
4
5
7
6
7
6
8
7
1
7
1
11
3
4
6
6
0
6
2
6
8
4
7
5
4
2
6
2
10
10
4
5
8
7
9
7
5
4
4
5
5
6
2
4
4
6
3
7
6
4
3
1
8
4
9
9
3
5
4
3
5
3
7
6
6
6
6
4
7
3
5
3
2
10
5
6
7
5
7
7
8
4
6
6
1
2
7
3
2
2
3
5
2
7
4
3
1
7
9
5
6
5
5
6
4
4
5
4
5
3
8
4
7
3
5
2
9
4
6
5
8
5
5
0
3
5
5
3
8
9
5
5
5
0
4
5
4
1
5
3
5
2
4
5
9
4
3
7
3
3
4
4
8
10
3
2
3
3
3
3
6
6
7
7
8
3
2
0
3
9
8
6
6
5
6
6
7
7
7
3
2
4
4
2
4
2
2
3
4
4
3
5
4
4
4
8
4
2
4
6
1
0
0
5
5
4
3
8
3
6
2
7
3
4
6
3
2
6
3
2
2
4
3
8
5
1
2
4
5
6
1
4
4
1
4
4
2
2
4
2
3
2
8
7
5
2
5
10
2
4
5
5
3
3
3
2
5
5
6
2
3
4
4
2
1
2
5
5
2
5
7
4
4
5
8
4
3
1
9
0
2
8
4
3
4
4
3
6
5
3
4
1
5
4
3
3
3
7
6
10
1
0
4
3
4
4
1
4
3
3
4
1
4
4
11
4
2
6
4
3
6
2
3
3
2
4
2
3
3
7
6
3
7
8
9
3
2
2
4
5
5
3
4
3
4
4
5
4
6
1
0
4
4
3
3
6
2
2
2
4
3
4
5
0
4
7
5
5
2
2
1
4
2
6
7
6
6
4
7
5
4
5
3
5
2
1
8
6
2
2
1
4
3
7
6
3
2
5
3
3
3
3
4
5
4
7
3
8
6
2
3
5
2
4
2
3
2
7
6
1
5
3
4
8
2
5
6
2
5
4
2
3
3
3
2
3
1
2
1
2
12
6
4
2
4
4
2
6
3
3
2
4
3
2
6
4
3
5
6
7
3
5
4
4
2
3
3
5
4
3
4
1
0
1
1
2
2
1
4
1
2
5
1
2
3
4
2
4
3
3
6
4
1
3
1
3
3
3
3
3
4
0
5
4
3
3
3
4
3
10
3
4
1
1
1
1
3
2
1
3
7
0
4
3
3
3
2
2
4
4
4
2
3
7
4
2
2
5
4
4
1
4
1
2
3
4
5
6
2
3
1
2
1
2
2
1
5
6
4
3
3
3
3
1
3
3
4
4
6
1
2
2
4
1
2
2
2
1
3
4
2
4
2
1
1
2
2
2
1
2
4
3
2
2
2
1
5
2
4
2
1
3
3
1
0
2
3
1
3
3
1
1
5
0
3
2
0
2
1
6
5
2
4
2
3
2
2
3
2
0
2
3
4
1
3
2
4
2
2
1
3
3
2
3
4
3
4
3
1
0
5
3
3
3
4
3
2
4
0
3
4
4
2
6
0
3
1
3
0
2
2
1
3
0
1
2
6
3
5
1
5
3
4
2
2
2
2
3
1
1
1
4
2
5
1
1
4
4
1
4
1
2
3
0
3
1
1
1
3
2
2
2
2
2
2
1
4
3
2
3
3
2
1
1
2
2
0
0
1
1
3
1
1
3
4
2
2
2
2
4
0
0
1
4
1
2
2
3
3
2
1
3
2
0
3
1
4
0
2
0
3
0
3
3
2
4
3
1
1
2
5
0
1
3
1
5
2
1
2
2
1
3
2
1
1
1
2
1
2
2
0
2
2
1
2
3
0
0
1
6
0
2
0
3
2
2
0
5
1
0
1
1
2
3
4
2
3
0
1
2
2
3
1
1
2
2
0
0
1
2
3
0
1
4
3
7
2
1
3
3
2
2
1
3
1
1
1
2
1
2
2
0
1
2
2
2
1
2
1
3
2
0
0
3
1
3
0
0
4
2
1
2
1
2
1
2
1
3
3
1
3
2
1
4
1
2
0
2
1
0
1
2
2
1
0
2
1
0
4
2
0
1
0
1
2
0
1
1
3
0
0
6
1
1
0
0
2
1
3
4
0
3
0
3
1
2
0
1
3
1
3
0
2
1
1
1
1
1
0
4
0
2
0
2
1
3
1
1
0
0
2
0
2
2
4
2
4
3
2
1
0
3
1
1
2
3
0
1
2
2
3
3
3
0
3
1
1
1
0
2
2
2
1
2
2
2
2
0
1
2
1
1
3
3
3
1
3
1
2
0
2
0
1
3
1
2
1
2
2
4
2
0
1
1
1
2
1
1
1
0
1
2
0
3
4
1
0
1
3
4
2
3
4
4
3
3
2
4
1
1
2
2
1
0
1
2
1
1
2
1
3
2
1
3
1
4
2
3
2
1
2
0
2
0
1
1
4
2
3
2
1
5
2
1
0
0
1
1
3
2
4
2
2
1
0
2
1
4
8
0
1
3
2
5
2
4
5
2
2
1
6
3
3
2
4
2
0
1
2
0
1
2
1
1
3
6
2
1
2
0
2
1
0
2
2
1
5
0
1
1
1
0
0
1
2
2
3
2
1
0
1
2
3
0
2
5
0
1
3
0
2
1
2
0
1
0
2
2
2
3
0
0
1
1
0
0
2
0
2
0
3
3
1
0
0
0
3
1
1
1
4
1
1
2
1
1
1
1
1
1
3
2
0
1
3
1
1
1
0
2
1
1
1
0
2
0
3
1
0
1
1
0
3
1
1
1
0
1
3
1
0
0
0
0
0
2
0
0
0
1
0
0
0
0
2
0
2
2
1
0
2
1
1
0
2
0
1
1
2
1
1
0
0
0
0
0
0
0
0
0
1
1
0
2
1
2
2
1
0
2
2
1
2
2
2
0
0
1
1
3
1
1
0
1
0
0
0
0
0
1
0
0
3
2
1
0
1
2
3
0
2
2
0
0
0
0
0
3
2
0
1
1
1
2
0
2
1
1
1
1
1
1
1
1
2
0
2
3
1
1
0
0
1
1
3
1
0
0
1
0
0
2
2
1
0
0
1
0
2
0
0
0
0
1
0
2
2
0
0
1
0
2
0
5
0
0
0
0
0
0
0
1
1
1
0
0
0
2
1
0
1
0
2
2
1
1
2
0
0
0
1
1
1
1
0
0
0
0
4
1
0
1
0
1
1
0
2
0
0
1
1
2
0
1
0
1
0
0
1
1
0
2
0
3
0
1
0
1
1
1
0
2
1
0
0
1
3
1
1
0
0
2
0
0
0
0
0
0
1
0
0
0
2
2
1
2
0
0
0
1
0
0
0
1
1
2
1
0
0
0
0
2
1
0
0
0
2
1
1
0
1
1
0
0
2
0
2
1
0
0
1
1
2
2
0
1
0
2
0
0
0
0
0
2
1
1
0
0
1
0
0
2
1
2
0
0
0
2
0
0
0
0
1
0
0
0
0
0
3
1
1
1
0
1
1
0
0
0
1
0
0
0
2
0
0
1
0
3
2
1
0
0
0
1
0
1
1
1
2
1
0
1
0
1
0
0
1
0
1
2
0
1
0
1
1
3
0
1
1
1
2
2
1
0
1
0
2
2
0
0
1
1
0
0
1
0
0
0
0
0
0
1
1
2
1
0
1
0
1
1
0
0
1
1
1
0
1
1
1
1
1
0
1
0
0
1
1
0
0
0
1
0
1
0
1
0
0
1
0
3
0
1
0
1
3
1
0
0
1
0
1
0
0
0
3
1
0
0
2
0
1
2
1
0
2
0
0
0
1
0
0
0
0
1
0
0
0
1
1
1
0
0
0
0
0
3
1
2
0
0
0
0
0
3
0
1
2
1
0
0
0
1
1
1
0
0
0
1
0
0
0
0
0
0
1
0
1
1
1
0
0
0
0
0
1
0
0
0
0
1
0
1
0
0
0
0
2
1
2
0
1
1
0
2
0
1
2
0
0
0
0
0
0
0
0
0
1
0
0
0
0
0
0
0
0
2
0
0
2
0
0
2
1
0
0
0
1
1
0
0
2
0
0
0
0
0
0
0
0
1
1
0
0
0
0
1
0
0
1
0
1
0
1
0
0
0
0
0
0
1
1
0
0
1
1
1
1
1
0
1
0
0
0
1
0
0
0
0
0
1
0
0
0
0
0
0
2
1
0
0
0
0
0
1
0
0
0
0
2
1
0
0
1
0
1
0
0
1
0
0
0
0
0
0
0
1
1
0
2
0
0
1
0
0
0
0
1
0
2
0
0
1
0
0
0
0
0
0
1
0
1
0
0
0
0
0
1
0
0
0
2
0
0
0
1
0
0
1
0
0
0
2
0
0
1
0
0
0
0
0
2
0
0
1
1
1
0
0
0
0
0
1
0
1
0
0
1
0
0
0
1
0
1
0
0
0
0
0
0
0
0
1
0
0
0
0
0
0
0
1
2
1
1
0
0
0
0
0
0
0
0
0
0
0
0
0
1
0
0
0
0
0
0
1
0
0
1
0
0
0
0
0
0
0
0
0
0
0
0
2
0
0
0
0
0
0
1
0
0
0
1
0
1
0
1
0
0
0
1
2
1
0
0
0
0
0
0
0
0
0
0
0
1
1
0
0
0
0
0
0
0
0
1
0
0
0
0
0
0
0
0
1
0
0
0
0
0
1
0
1
0
0
1
0
0
1
0
1
0
0
0
0
0
0
0
0
1
2
0
0
0
0
0
0
0
0
0
1
0
2
1
0
0
0
0
0
0
0
0
0
0
2
0
0
0
0
0
0
0
0
0
3
0
0
0
0
1
0
0
0
0
0
0
0
0
0
0
0
1
0
0
1
0
0
0
0
0
0
0
1
1
0
0
0
0
0
0
1
0
0
0
0
0
0
0
0
0
0
0
0
0
0
0
0
0
0
0
1
0
1
0
0
0
0
0
0
0
0
0
0
0
0
1
0
0
0
0
1
0
0
0
2
0
1
0
0
1
0
0
0
0
0
0
0
1
0
0
0
0
0
0
0
0
0
0
0
0
0
0
1
1
0
1
0
0
0
1
0
1
1
0
0
0
0
0
1
0
3
0
0
0
0
0
1
0
0
0
0
0
0
0
0
0
0
1
0
0
0
0
0
0
0
0
1
0
0
0
0
0
0
0
0
0
1
0
1
0
0
1
1
0
0
0
0
0
0
0
0
0
0
0
0
0
0
0
0
0
0
0
0
0
0
0
0
0
1
0
1
1
0
0
1
0
1
0
0
0
0
0
0
0
0
0
1
1
0
1
0
0
0
0
0
0
1
0
0
0
0
0
0
0
0
0
0
0
0
1
0
0
1
0
1
1
0
0
0
0
1
0
0
0
0
0
1
0
1
0
1
0
0
1
0
0
0
1
0
0
0
1
1
0
1
0
0
0
0
0
0
0
0
1
0
0
0
0
0
0
1
0
0
0
0
1
0
0
0
1
0
0
0
0
0
0
0
1
0
0
0
0
0
0
0
0
0
0
0
0
0
0
0
0
0
0
0
0
0
0
1
0
0
0
0
0
0
1
0
0
0
1
0
0
0
0
0
0
0
0
0
0
0
0
0
0
1
0
1
1
0
0
0
0
0
0
0
0
0
0
1
0
0
0
0
0
0
0
0
0
0
0
0
0
0
0
0
0
0
0
0
0
2
0
0
0
0
0
1
0
0
0
0
1
0
0
0
0
0
0
0
0
0
0
0
0
0
1
0
0
0
0
1
0
0
0
0
0
0
0
0
0
0
0
0
0
0
0
0
0
0
0
0
0
0
1
0
0
0
0
0
0
0
0
0
0
0
1
0
0
0
1
0
0
0
0
0
0
0
0
0
0
0
0
0
1
0
0
1
0
0
0
0
0
2
0
0
0
0
0
0
0
0
0
0
0
0
0
0
0
0
0
0
0
0
0
0
0
0
1
1
1
0
0
0
0
0
0
3
0
0
0
1
0
0
0
0
0
0
0
0
0
1
0
0
0
0
0
0
0
0
0
0
1
10
10
13
7
13
8
10
7
12
9
7
8
6
6
11
6
4
5
6
9
8
8
6
7
10
8
5
7
7
18
7
8
7
11
7
14
5
8
9
2
4
9
8
10
2
3
4
6
8
7
8
10
11
10
8
6
8
14
2
12
6
6
5
6
5
8
7
10
7
13
9
6
9
5
8
9
8
7
8
9
10
4
11
5
9
6
13
7
11
9
8
5
7
12
16
11
9
8
14
11
6
9
12
7
7
10
9
8
8
9
10
9
4
12
8
10
10
6
4
4
8
10
10
6
10
8
8