0
0
0
0
0
0
0
0
0
0
0
0
0
0
0
0
0
0
0
0
0
0
0
0
0
0
0
0
0
0
0
0
0
0
0
0
0
0
0
0
0
0
0
0
0
0
0
0
0
0
1
3
6
15
17
30
33
35
47
71
82
97
97
98
130
104
126
103
111
138
130
164
133
156
144
142
150
164
157
158
167
177
163
182
206
194
183
167
211
189
236
218
226
237
209
226
240
282
297
354
448
526
753
1050
1600
2620
4818
7110
7072
5373
3805
3041
2393
1855
1427
1083
794
650
492
447
493
433
491
546
543
594
636
694
757
815
931
999
1061
1185
1381
1467
1652
1722
1799
2019
2135
2202
2142
1934
1618
1248
1003
791
664
590
592
546
571
649
695
843
965
1086
1240
1452
1616
1791
1850
1846
1958
1633
1332
1081
919
760
714
706
776
794
924
992
1152
1282
1351
1569
1710
1694
1647
1500
1209
973
955
810
781
836
940
1036
1139
1208
1470
1507
1611
1681
1685
1507
1244
1056
990
933
920
919
956
1070
1170
1219
1372
1452
1554
1566
1528
1445
1385
1230
1119
1064
1065
1035
1066
1115
1179
1258
1277
1356
1384
1344
1481
1489
1435
1368
1367
1272
1253
1202
1167
1136
1165
1196
1185
1209
1272
1308
1335
1322
1435
1301
1427
1377
1394
1372
1269
1287
1318
1320
1323
1281
1222
1224
1235
1299
1322
1313
1268
1280
1289
1275
1393
1286
1335
1349
1345
1281
1293
1321
1302
1396
1294
1321
1265
1310
1313
1231
1276
1282
1275
1311
1304
1265
1240
1341
1385
1249
1261
1311
1289
1260
1411
1374
1374
1322
1321
1349
1302
1355
1353
1299
1283
1313
1355
1323
1263
1322
1335
1311
1330
1259
1348
1248
1328
1344
1340
1310
1359
1338
1300
1380
1314
1320
1289
1367
1320
1255
1362
1230
1226
1373
1300
1332
1300
1405
1307
1283
1338
1413
1337
1341
1439
1349
1351
1371
1341
1301
1352
1351
1329
1339
1350
1377
1409
1426
1339
1362
1357
1439
1337
1395
1357
1380
1385
1390
1375
1399
1386
1439
1347
1353
1444
1438
1388
1389
1320
1342
1394
1386
1397
1427
1380
1352
1416
1398
1378
1415
1379
1366
1389
1363
1464
1454
1353
1438
1392
1292
1354
1416
1399
1377
1397
1447
1388
1473
1382
1396
1474
1403
1509
1379
1481
1391
1398
1450
1473
1406
1467
1427
1453
1429
1406
1397
1458
1481
1431
1397
1433
1448
1434
1368
1402
1404
1483
1461
1394
1433
1420
1466
1406
1460
1425
1444
1415
1412
1383
1385
1426
1487
1421
1387
1471
1357
1444
1387
1435
1386
1408
1438
1409
1387
1430
1447
1439
1433
1385
1453
1401
1438
1495
1398
1405
1417
1402
1447
1458
1401
1406
1410
1357
1355
1449
1409
1346
1451
1451
1362
1429
1413
1469
1362
1398
1402
1437
1436
1357
1416
1325
1372
1388
1418
1445
1402
1375
1456
1394
1382
1428
1386
1416
1413
1375
1329
1391
1424
1454
1341
1454
1458
1456
1416
1405
1386
1368
1399
1431
1386
1340
1428
1389
1413
1357
1399
1357
1381
1366
1398
1420
1367
1400
1388
1423
1369
1381
1435
1366
1358
1328
1364
1426
1386
1393
1394
1410
1368
1362
1380
1350
1312
1360
1334
1326
1346
1394
1363
1450
1371
1413
1389
1340
1414
1336
1384
1375
1337
1387
1368
1368
1371
1401
1350
1384
1321
1303
1429
1450
1373
1339
1447
1326
1326
1315
1331
1373
1363
1375
1423
1358
1363
1331
1386
1303
1390
1408
1303
1366
1373
1347
1358
1345
1314
1325
1337
1308
1372
1368
1347
1407
1356
1397
1392
1336
1363
1373
1321
1401
1367
1376
1333
1363
1355
1281
1391
1289
1343
1346
1364
1333
1365
1331
1363
1382
1339
1419
1398
1359
1326
1399
1371
1374
1359
1340
1310
1353
1349
1314
1414
1322
1312
1387
1414
1370
1354
1349
1354
1426
1333
1410
1420
1333
1325
1396
1380
1322
1348
1337
1344
1407
1377
1410
1318
1385
1458
1339
1380
1407
1376
1352
1401
1444
1383
1407
1382
1404
1384
1459
1349
1349
1428
1441
1390
1455
1443
1428
1381
1366
1384
1445
1465
1406
1389
1414
1478
1407
1417
1463
1509
1458
1405
1466
1440
1497
1444
1453
1418
1420
1456
1413
1417
1460
1485
1441
1483
1471
1457
1449
1483
1456
1452
1433
1459
1475
1512
1541
1461
1460
1504
1451
1463
1481
1448
1462
1484
1548
1498
1523
1459
1431
1455
1548
1503
1528
1444
1456
1553
1465
1580
1502
1492
1509
1525
1528
1421
1517
1554
1597
1496
1528
1516
1506
1475
1494
1442
1442
1437
1532
1429
1527
1524
1418
1500
1432
1424
1404
1353
1378
1325
1381
1328
1262
1338
1296
1257
1234
1205
1261
1204
1131
1148
1113
1136
1147
1199
1088
1088
997
1071
1088
1100
1016
1067
1024
1025
999
1051
981
987
1053
990
947
948
1006
990
996
916
985
1036
884
934
1000
962
998
944
967
1002
950
922
932
953
910
857
881
939
887
935
905
884
857
925
932
866
883
872
891
856
845
850
852
847
856
901
832
899
861
885
831
853
841
787
796
817
829
787
827
790
844
813
828
826
855
815
769
806
795
806
808
813
783
757
769
786
756
733
724
809
792
737
775
763
753
783
770
753
707
749
764
790
690
708
806
734
737
735
748
752
724
680
717
728
667
662
734
717
688
697
696
700
733
707
704
732
738
646
698
639
621
672
670
685
678
686
698
659
659
621
670
580
700
653
632
667
661
644
643
658
632
622
704
634
610
615
625
645
649
627
625
590
657
617
629
613
678
621
611
634
609
625
610
596
589
588
603
600
580
572
609
572
587
575
602
588
598
588
619
545
629
576
563
619
604
576
578
610
609
602
621
609
594
559
602
617
608
618
543
616
562
575
562
561
589
585
554
587
591
567
610
595
590
587
574
577
618
651
572
571
525
585
567
558
581
592
549
619
588
566
622
546
565
576
604
529
584
556
601
567
567
574
564
626
634
520
599
548
547
569
583
576
605
588
546
555
560
538
540
544
551
563
543
592
548
539
524
533
582
530
584
536
560
552
571
526
606
546
548
564
542
550
539
570
570
534
538
535
587
541
554
530
545
514
538
592
510
509
545
553
529
534
558
518
504
544
535
556
543
539
500
496
538
507
544
517
547
492
519
501
547
506
508
525
510
555
495
523
534
555
507
558
531
528
515
506
500
555
474
545
527
559
503
531
516
524
525
571
548
547
559
528
574
510
510
538
513
487
557
481
533
506
518
503
532
501
561
510
511
514
503
531
517
525
483
512
500
519
465
489
513
470
492
509
535
548
552
524
536
512
535
536
499
512
515
575
542
572
636
702
825
1081
1527
2142
3317
4880
7027
9918
13242
16567
19523
21587
22735
22356
20743
18108
15175
11972
9424
7489
5797
4667
4238
3818
3555
3481
3447
3253
3152
2984
2780
2641
2327
2137
1944
1688
1496
1407
1257
1108
1078
976
847
811
763
698
672
567
577
564
542
564
484
485
479
478
444
438
440
452
391
423
424
385
426
412
413
399
397
408
394
377
373
372
394
367
394
379
397
374
406
362
386
365
382
371
332
394
359
372
380
357
367
374
350
352
389
373
371
361
385
312
328
328
335
348
326
320
366
374
370
353
363
387
310
354
342
364
354
343
349
348
372
338
333
340
336
333
336
362
333
366
339
313
342
337
332
313
389
331
359
346
351
311
349
330
323
344
331
342
367
355
326
338
321
344
338
328
341
325
310
330
328
353
323
294
367
301
357
353
325
301
326
301
336
333
328
318
315
299
346
323
326
308
328
317
310
347
336
297
346
292
338
299
351
342
329
324
296
341
313
327
376
308
336
260
331
316
354
313
288
290
304
316
317
347
325
325
314
305
309
341
319
317
279
298
309
302
301
317
311
304
295
309
318
303
302
312
344
298
286
290
298
294
300
275
332
312
306
309
303
275
296
313
299
297
273
316
297
312
316
318
327
285
277
315
285
286
283
281
316
322
303
337
298
303
274
292
305
285
332
300
259
296
324
308
298
344
288
282
291
318
284
321
302
271
287
283
288
313
310
297
298
304
259
276
292
275
281
302
311
281
277
306
274
294
311
274
290
286
285
292
276
262
275
304
293
290
302
278
283
302
317
284
260
291
265
280
283
286
287
283
295
298
281
271
272
287
291
282
268
273
281
255
298
310
311
294
294
274
288
277
268
302
307
281
280
255
285
275
276
262
297
297
277
272
312
292
298
271
280
283
311
270
269
284
291
299
276
296
280
311
289
314
278
291
284
262
282
274
280
271
263
298
307
273
282
320
279
261
283
279
293
272
246
283
305
288
279
250
257
273
278
272
280
270
237
277
285
273
288
260
296
282
254
273
253
261
292
288
294
282
284
269
237
269
255
281
282
269
281
265
255
265
276
264
292
262
280
255
296
268
242
272
262
275
242
267
255
262
281
245
289
280
296
281
268
305
244
268
267
263
269
285
257
263
240
280
248
258
257
244
262
250
296
278
274
277
265
250
256
277
270
281
241
275
279
275
244
262
251
260
272
267
247
254
224
270
272
249
275
273
246
274
288
259
246
263
243
292
262
264
231
281
265
247
266
264
240
250
283
245
287
262
262
257
277
255
260
265
251
266
267
258
269
260
251
278
262
283
270
250
280
283
239
262
240
258
267
245
244
248
256
246
265
265
221
261
217
273
246
268
240
284
274
241
228
258
245
264
215
242
258
254
241
276
242
250
238
267
263
235
282
267
253
258
245
271
272
264
255
254
235
283
268
271
242
218
267
265
229
246
269
249
230
239
246
247
255
265
272
262
233
274
245
249
260
295
277
228
236
237
226
229
256
263
261
252
242
294
252
269
248
229
247
201
249
237
255
256
256
254
260
277
253
257
249
273
269
263
261
283
257
239
237
235
226
249
237
222
259
212
240
239
246
267
256
233
262
241
234
253
264
228
249
269
263
233
226
227
234
282
251
233
250
259
231
257
252
247
228
221
263
230
241
262
247
246
224
230
250
239
276
262
233
271
207
224
245
258
238
246
253
253
271
241
256
209
238
256
228
246
230
243
257
237
280
222
255
252
249
234
253
251
246
263
237
248
230
219
198
237
260
263
213
273
238
239
237
264
221
223
262
270
229
236
242
273
238
267
255
246
209
246
270
264
246
248
273
256
233
211
266
243
247
237
231
266
236
254
239
243
236
274
239
256
244
260
236
247
249
250
258
243
267
261
233
225
250
258
235
247
235
233
268
249
241
237
242
245
248
239
264
273
239
247
223
225
227
270
246
233
254
248
255
230
250
245
222
242
245
232
264
220
262
232
249
248
227
254
259
234
245
257
250
243
234
268
248
248
225
240
261
255
232
226
275
231
236
278
246
239
219
251
248
269
235
217
246
261
255
222
251
225
254
254
227
254
230
250
238
258
255
226
228
244
248
227
241
237
245
237
255
229
257
264
245
251
249
246
254
228
260
241
233
238
256
232
233
245
260
243
234
225
239
235
248
235
245
256
232
222
223
248
247
244
265
245
235
266
242
230
245
247
256
217
216
263
251
239
249
241
245
232
262
236
223
267
254
248
237
245
237
243
254
226
233
233
261
211
247
258
264
228
258
266
240
236
237
236
251
276
245
245
279
259
253
245
235
255
249
253
261
246
223
232
274
246
241
230
257
263
276
250
236
272
245
254
240
235
270
227
229
247
256
236
256
258
243
256
259
229
249
234
245
271
244
264
237
259
243
208
243
255
280
253
275
239
272
247
242
244
260
276
221
233
258
238
259
291
250
247
245
258
256
272
267
266
241
284
252
254
272
272
261
251
280
244
242
254
263
238
274
239
252
217
256
249
267
249
278
281
248
257
283
243
273
249
260
260
250
251
269
253
254
273
269
265
260
265
293
290
287
255
271
226
248
272
280
275
269
243
254
290
248
244
268
278
236
269
259
295
263
263
271
265
234
293
269
261
281
276
254
279
262
262
259
276
252
278
255
292
241
286
274
261
290
266
256
270
275
257
265
281
309
269
294
260
289
303
292
266
266
240
261
268
257
279
257
246
242
288
308
262
281
252
276
274
292
278
275
269
277
283
276
265
276
304
298
262
283
291
247
294
268
258
254
291
288
273
282
320
339
263
318
299
278
299
266
301
291
306
278
298
280
306
303
280
277
258
310
288
290
313
323
287
289
287
303
292
296
309
313
261
298
289
319
304
325
290
329
295
307
264
298
265
290
309
293
320
311
333
281
305
316
322
313
323
308
295
285
333
309
292
316
298
310
298
309
324
302
277
318
309
320
315
302
316
340
310
266
330
324
313
326
316
326
322
320
317
317
313
327
320
311
357
320
339
367
332
312
303
327
302
326
326
315
333
336
339
335
346
342
333
338
344
303
337
322
356
381
303
342
347
360
357
371
339
345
352
351
356
345
316
361
302
317
333
329
365
329
321
347
331
335
340
354
327
339
327
364
311
330
348
353
302
332
328
336
330
363
353
348
336
322
338
329
332
334
347
341
348
325
371
364
339
336
362
335
351
364
357
359
367
358
365
317
322
362
340
347
371
348
376
354
334
362
357
369
361
361
377
325
364
373
348
332
347
359
346
359
356
313
379
371
339
321
371
338
312
378
321
295
290
322
339
337
323
348
318
301
302
291
322
271
289
300
267
315
260
265
291
293
274
266
263
286
310
253
271
250
243
261
224
248
247
245
267
230
246
250
245
266
236
235
259
248
242
249
236
242
248
252
237
229
242
254
243
212
205
201
222
241
217
229
227
219
183
229
204
215
220
225
219
234
219
220
206
204
208
234
220
207
235
213
217
228
244
226
207
203
225
222
208
213
203
204
221
218
218
199
232
226
202
208
195
214
213
198
201
209
184
198
173
205
189
206
197
217
204
213
224
201
179
210
199
195
223
184
177
211
186
181
209
209
172
190
222
206
195
170
200
192
213
188
161
198
180
187
186
209
191
190
195
186
190
184
217
197
168
175
185
185
185
199
188
199
191
182
180
163
167
194
179
182
164
192
182
158
185
173
205
179
173
207
195
170
162
170
161
159
175
176
155
169
153
175
175
157
170
162
178
167
173
152
167
155
165
179
173
172
166
208
150
162
157
163
186
163
148
150
156
159
148
169
148
144
150
146
158
141
143
172
153
148
170
149
178
164
134
138
135
151
122
156
123
145
123
170
150
156
150
116
169
126
126
144
130
151
135
117
134
148
127
128
124
136
131
134
148
136
123
147
119
122
114
107
123
137
140
101
149
143
115
133
131
139
114
117
132
134
126
126
117
113
124
145
122
124
140
129
114
123
124
133
103
128
101
123
120
102
118
102
112
119
127
125
114
105
140
121
110
111
120
125
111
139
111
103
116
125
110
109
102
117
110
104
113
99
106
110
111
111
110
121
99
92
113
93
92
109
117
107
112
101
126
96
111
108
105
107
97
114
110
98
93
109
81
98
103
87
102
106
100
100
114
85
90
91
115
91
119
95
101
96
111
106
100
100
89
95
89
100
93
118
98
98
77
84
95
93
81
90
97
83
93
108
94
91
88
94
76
94
95
98
101
95
90
89
94
93
76
110
93
101
100
85
81
100
92
99
104
95
96
95
89
109
86
68
75
91
106
96
94
86
80
97
88
87
91
95
87
84
92
98
90
98
88
97
83
101
82
75
86
82
98
92
98
73
92
84
92
90
100
86
93
85
90
77
90
79
101
109
88
91
83
91
80
83
74
76
89
75
85
73
89
97
75
68
107
94
93
106
115
86
97
74
94
85
79
94
87
76
95
78
101
91
83
83
95
100
85
97
101
105
102
77
75
78
90
73
79
108
83
106
89
80
91
95
99
89
91
82
76
97
88
99
112
152
227
397
573
1060
1800
2774
3854
5028
6167
6791
6937
6288
5439
4233
3196
2310
1627
1293
1036
898
879
905
843
900
844
867
788
740
694
648
550
538
467
382
375
314
313
285
269
219
210
195
197
201
170
171
161
159
132
137
128
124
117
124
130
98
130
102
137
119
97
109
123
96
93
107
99
92
96
104
99
102
127
113
93
94
101
94
110
102
103
102
102
86
97
90
98
93
107
100
95
81
102
93
118
78
88
95
95
92
100
98
104
93
91
78
82
97
94
95
107
101
76
97
90
87
84
94
87
94
99
95
88
82
84
94
81
90
79
74
83
91
103
102
92
89
105
82
77
94
87
77
95
92
93
81
78
80
93
93
95
91
76
86
75
68
97
85
63
75
80
82
62
77
86
76
90
88
80
97
75
98
72
81
87
92
69
72
65
78
75
75
86
85
70
82
69
86
63
77
68
78
82
69
97
72
85
91
79
83
63
79
92
89
72
92
81
90
78
93
63
81
88
84
85
74
70
73
81
73
53
83
73
61
76
57
54
59
79
73
85
74
82
70
78
70
71
67
77
72
71
67
63
78
72
76
72
64
75
70
64
79
84
60
70
81
85
77
78
70
75
80
69
69
56
74
70
72
72
73
69
69
73
78
52
83
68
79
70
69
69
57
67
56
61
75
76
71
74
66
71
64
72
73
78
67
58
68
65
58
70
72
56
61
75
51
84
69
78
62
61
68
62
59
69
59
64
58
73
69
62
76
55
84
55
80
57
71
78
63
56
76
59
59
71
49
76
68
85
48
70
51
73
64
68
64
67
64
60
67
65
65
70
67
60
68
63
47
58
71
66
63
58
68
73
70
67
67
52
49
55
66
63
75
61
70
59
61
57
65
59
74
78
72
50
65
56
66
60
70
65
54
66
68
57
65
66
65
68
54
81
55
52
70
63
52
58
62
55
72
57
72
59
56
59
66
60
61
58
54
45
66
54
78
65
57
59
55
67
55
53
61
58
67
46
60
58
56
63
48
74
58
63
62
55
62
64
52
64
74
61
62
70
51
53
50
75
60
65
57
58
65
51
45
61
70
65
61
51
54
65
49
70
46
55
61
59
48
50
57
59
62
71
58
60
55
59
64
60
71
78
66
80
55
79
50
64
67
59
68
55
52
62
65
58
53
58
58
56
44
56
61
53
53
55
49
66
57
65
61
44
64
61
57
54
55
56
61
56
45
66
48
54
52
69
42
39
41
59
55
54
55
55
55
52
45
59
47
42
60
56
59
47
59
60
58
55
53
58
58
53
61
52
57
52
63
50
45
50
53
45
53
68
51
56
62
57
55
57
49
62
60
48
38
61
58
40
57
54
34
53
49
44
55
54
59
49
51
54
54
44
65
57
54
42
58
46
53
47
49
51
44
50
46
55
45
50
40
50
63
52
49
51
46
51
45
42
50
39
53
45
45
55
54
43
47
67
58
38
46
46
52
41
51
51
51
42
42
60
56
63
60
53
47
49
44
51
47
40
50
38
49
60
50
44
55
65
38
42
46
52
65
51
44
51
44
41
45
61
47
60
60
47
48
51
47
39
63
55
51
46
40
48
47
48
41
38
42
54
48
54
48
48
46
44
36
43
42
49
48
49
53
63
45
41
58
34
54
56
43
66
46
33
49
41
56
41
50
45
43
54
44
41
42
54
38
45
37
41
43
41
50
40
47
52
47
36
39
47
50
48
49
47
50
45
42
49
38
46
38
40
42
30
48
45
50
51
47
58
39
53
53
46
47
44
33
50
36
43
47
42
38
47
39
42
45
31
37
41
45
46
48
24
39
44
34
40
35
38
44
41
38
38
40
37
44
37
46
38
36
29
36
31
33
44
43
41
29
47
44
37
31
41
48
42
35
48
35
39
28
40
43
45
37
40
30
40
39
40
31
35
41
53
29
33
41
35
35
42
46
30
38
37
42
35
29
29
41
32
55
30
40
46
47
36
37
30
30
33
32
35
33
32
37
45
35
37
41
27
41
42
40
42
34
40
31
25
37
41
30
41
32
23
32
29
28
39
26
29
35
31
26
40
26
28
45
36
27
27
34
31
28
22
33
29
31
28
34
39
36
28
35
26
31
29
32
29
29
27
30
23
21
35
27
33
33
27
27
30
30
28
33
30
31
31
23
31
26
23
19
21
31
30
24
29
34
33
25
28
20
28
27
26
31
30
25
26
32
34
24
19
24
18
29
26
32
21
17
21
24
31
30
18
28
30
29
29
26
22
32
21
26
21
29
24
25
23
30
29
26
23
28
25
21
16
29
23
29
19
22
30
26
21
26
18
24
22
22
14
15
32
31
24
28
23
24
23
24
19
27
14
26
32
25
26
25
22
26
19
26
19
22
19
24
24
17
25
15
32
19
34
18
30
22
25
19
15
16
21
23
19
15
20
21
24
27
22
15
19
25
25
17
25
23
20
13
22
15
25
22
25
25
22
19
26
19
21
17
21
27
21
14
17
26
15
22
19
19
18
16
19
21
24
23
16
27
14
24
24
18
22
22
19
20
29
18
21
29
10
21
17
15
20
22
25
19
15
25
14
15
13
10
21
20
14
26
21
17
15
19
18
22
13
21
19
24
22
14
16
20
19
23
12
25
14
20
16
27
16
10
25
23
23
19
18
21
21
16
16
23
22
16
22
9
14
33
20
18
17
13
12
20
22
14
21
13
16
22
22
20
14
14
20
15
20
14
14
21
21
17
15
20
23
17
8
23
28
20
22
18
21
17
17
8
26
19
17
20
19
14
14
18
14
18
28
17
24
17
20
24
12
18
21
14
17
19
11
18
12
18
19
17
20
25
11
28
26
23
19
22
18
21
19
24
13
13
16
24
18
28
19
13
21
14
13
19
15
21
15
21
20
19
20
16
23
19
24
11
17
16
14
19
18
14
19
23
18
19
18
23
16
19
23
22
19
24
21
20
16
20
17
19
19
17
16
27
18
20
24
20
13
17
20
20
15
21
25
26
27
33
23
34
53
60
92
83
114
152
173
162
162
183
190
167
139
115
109
83
65
67
61
54
39
41
24
33
33
41
35
30
25
32
29
23
19
21
21
21
20
10
20
15
10
13
17
15
12
13
23
5
14
20
13
9
8
13
12
13
9
7
6
10
9
16
10
7
13
13
11
9
6
12
10
22
9
13
9
6
12
11
12
12
14
13
16
10
14
11
9
15
11
11
13
6
10
9
12
9
7
7
11
8
13
15
10
11
14
17
12
12
8
10
15
5
6
12
10
9
9
12
11
8
10
8
5
11
7
14
10
12
9
7
10
11
14
7
13
6
8
5
9
9
9
11
10
12
14
12
11
12
10
17
11
6
11
9
9
6
15
9
11
11
7
12
11
7
7
2
8
7
11
6
9
10
11
14
11
8
8
9
9
7
10
3
7
9
12
10
10
6
9
11
8
10
6
6
15
13
3
11
10
6
9
10
3
9
11
6
12
7
10
5
4
8
6
9
7
13
7
5
13
14
4
10
8
8
5
12
9
7
12
10
13
7
10
9
13
3
9
9
5
12
8
7
11
13
7
3
6
6
8
9
7
7
11
11
11
9
11
10
9
10
7
7
7
10
5
7
5
6
8
4
9
10
7
7
7
8
6
5
5
7
7
10
12
5
10
8
11
8
4
3
10
5
6
2
5
8
4
10
7
7
9
6
5
10
7
15
8
6
9
6
7
8
5
6
8
4
9
8
8
9
8
6
5
13
6
4
8
7
6
8
8
4
9
7
5
4
4
7
8
6
5
8
8
10
7
3
8
6
6
10
5
3
8
7
8
9
14
4
4
6
6
6
8
5
4
6
14
9
7
6
6
10
7
9
6
5
3
5
9
7
7
8
7
7
3
10
12
4
7
7
8
6
7
10
7
8
2
8
4
7
8
5
8
8
7
8
6
6
3
9
8
7
6
7
6
7
10
7
6
3
6
8
7
6
6
3
5
4
7
10
11
3
9
5
7
8
6
11
6
8
5
15
3
7
12
6
4
6
8
8
3
6
4
12
10
9
5
8
7
9
5
6
12
8
8
7
7
9
8
4
5
11
6
6
7
3
3
7
12
3
9
4
8
11
4
8
9
7
7
7
11
7
6
3
5
8
4
3
7
2
6
4
7
2
7
7
8
9
9
8
7
6
9
10
10
6
11
7
6
8
7
7
7
8
5
9
6
11
3
8
6
4
4
8
6
4
3
9
9
5
7
6
2
10
5
2
9
8
10
3
6
5
2
1
8
14
8
5
4
7
9
4
5
6
5
12
7
7
3
7
4
5
4
5
2
6
6
7
6
4
5
3
10
3
6
8
5
2
5
8
4
15
4
5
5
4
6
6
3
13
6
3
7
2
6
4
3
5
2
5
7
4
5
6
4
3
10
5
4
5
5
10
4
4
7
4
6
2
5
5
6
5
8
8
15
1
6
4
4
4
8
5
4
7
2
11
2
5
4
3
4
3
6
4
8
3
2
4
2
5
6
5
7
10
2
6
9
7
1
3
0
3
4
7
6
7
6
4
9
6
5
5
8
3
10
5
5
4
6
8
6
9
1
5
10
8
4
9
2
4
1
10
5
3
3
6
5
4
8
6
6
8
2
5
3
9
6
4
8
6
4
3
7
5
2
6
8
8
8
6
5
9
5
1
4
5
4
7
3
3
4
6
10
4
4
4
4
10
5
5
3
5
6
2
1
5
5
2
5
10
7
5
2
4
3
2
5
8
7
6
6
5
6
7
2
5
3
5
6
4
9
5
3
5
4
6
3
3
3
3
2
4
8
1
2
7
10
5
7
5
3
2
3
3
2
2
6
3
2
3
3
1
6
1
7
1
4
3
3
5
8
5
4
4
4
5
6
1
5
5
7
3
6
4
2
5
4
4
3
7
5
2
7
3
7
1
6
3
1
2
5
3
6
4
1
4
8
5
4
5
0
3
3
1
4
8
3
6
9
4
7
2
3
4
6
3
3
1
8
6
3
3
7
2
3
5
4
1
9
4
5
6
3
1
2
6
5
8
4
6
3
4
2
5
3
2
5
5
1
9
5
6
3
3
3
4
5
2
1
3
10
3
6
6
6
5
4
3
5
5
4
4
5
4
2
8
3
3
4
4
4
1
6
4
4
4
4
6
2
5
5
4
3
4
6
6
5
7
4
5
6
7
9
2
4
2
4
4
4
2
4
2
2
5
3
9
3
4
3
6
5
1
1
3
4
7
4
5
4
1
2
4
3
3
7
4
3
3
7
3
6
1
8
4
6
2
6
8
2
2
3
2
3
5
5
2
5
6
5
3
4
2
2
3
2
1
4
2
0
3
4
2
1
4
3
3
4
6
4
6
5
0
3
0
6
1
7
1
5
3
6
6
4
6
6
3
6
3
1
4
5
2
1
3
3
6
6
1
2
3
4
6
4
2
4
0
3
6
2
2
0
2
4
2
4
2
0
1
1
4
5
5
1
3
3
1
4
3
1
2
2
1
4
6
2
2
3
4
1
2
6
3
2
4
1
1
3
0
1
2
3
2
2
3
4
3
3
2
4
1
5
4
2
3
4
3
0
1
4
4
5
5
7
6
1
6
3
2
4
3
3
3
6
1
1
2
2
3
2
1
4
3
1
5
1
3
3
1
5
5
3
4
5
3
3
1
1
3
1
7
3
2
1
3
3
1
2
1
2
1
5
3
6
4
1
7
3
3
6
2
4
2
3
4
3
1
4
4
2
0
3
4
2
4
4
1
1
0
4
4
5
1
2
1
3
2
3
2
2
3
3
2
4
1
4
4
1
8
0
3
2
2
1
1
4
4
3
4
1
2
4
3
4
3
3
3
5
2
3
2
2
1
3
4
6
2
3
7
3
3
2
3
3
2
4
1
4
2
6
2
3
2
4
1
2
2
3
0
4
4
1
5
2
6
2
3
2
2
2
4
3
1
4
6
5
5
3
1
6
2
1
6
3
5
2
1
2
3
2
4
0
3
2
4
1
2
1
3
4
3
4
4
1
1
2
2
2
3
3
4
1
2
1
5
2
0
4
1
3
2
3
1
5
1
4
3
5
3
0
3
1
3
0
4
1
2
0
5
6
2
1
2
2
1
1
1
1
2
2
2
3
0
6
5
4
1
4
3
4
0
1
2
2
3
1
0
3
6
4
5
4
1
1
3
4
3
4
2
1
3
0
3
2
4
0
3
1
2
3
0
2
2
1
3
2
1
4
2
0
0
2
0
4
3
0
4
2
4
2
7
4
4
2
3
2
4
2
1
3
0
1
3
2
2
6
0
3
1
2
1
4
1
2
2
5
2
3
1
0
4
1
1
2
2
2
2
1
3
1
4
3
2
3
2
3
3
3
5
2
2
5
5
2
2
3
1
1
2
2
2
1
1
3
2
1
0
1
3
1
2
3
3
1
2
1
2
1
2
0
0
1
3
3
1
2
1
2
0
4
1
2
0
3
3
1
1
3
1
1
1
0
2
4
1
2
4
1
2
0
2
2
2
1
1
1
3
0
0
0
0
0
5
1
2
1
1
5
0
1
1
0
0
0
2
3
1
5
1
0
3
1
2
0
2
1
2
4
0
3
1
2
2
2
0
0
1
0
2
6
1
2
3
1
3
2
1
3
0
4
1
3
1
3
1
0
1
1
1
0
0
2
2
0
0
4
0
2
2
7
1
1
1
1
2
0
0
2
2
1
1
3
4
2
5
2
0
0
1
0
2
2
1
3
1
0
0
0
1
2
1
4
0
2
1
1
1
0
0
0
1
0
2
0
1
2
1
0
1
1
2
1
2
0
5
3
0
1
0
1
0
2
1
2
0
0
3
1
2
1
2
0
1
1
2
3
3
4
0
4
2
1
1
2
3
2
2
1
0
2
5
0
0
1
1
0
1
2
1
1
1
2
0
4
0
0
1
1
0
0
0
2
0
1
1
2
2
4
2
3
0
3
1
1
2
3
1
2
1
4
0
1
1
2
2
2
0
0
1
2
0
1
0
0
0
2
4
5
2
0
0
2
2
2
0
1
1
1
2
2
0
3
1
2
1
4
1
2
1
0
1
1
1
0
0
0
2
1
1
1
1
2
0
0
0
0
3
2
1
0
3
2
1
1
1
1
2
0
1
0
0
1
1
1
2
1
1
0
0
2
1
2
2
0
1
0
1
0
1
1
0
1
0
1
1
2
0
3
2
2
0
2
0
0
0
1
2
2
1
0
4
1
2
2
1
1
0
1
1
3
4
1
1
0
0
0
0
3
2
1
1
2
1
3
1
3
1
2
3
1
0
1
1
1
3
1
2
1
1
3
2
0
0
2
2
0
1
1
1
5
0
3
1
0
1
1
0
0
3
0
1
1
1
3
1
1
0
2
2
3
0
1
2
2
1
1
4
4
0
0
0
2
1
3
2
2
2
0
2
1
4
1
1
1
1
3
3
1
3
4
4
2
1
0
0
4
1
3
1
4
6
3
1
0
3
0
1
1
1
1
0
1
0
1
0
0
0
0
0
1
1
0
1
0
0
0
0
2
1
2
1
2
2
0
0
0
2
1
0
2
0
0
3
1
1
1
0
2
1
0
1
1
1
0
0
2
2
0
0
0
1
2
0
1
1
1
1
1
0
1
0
1
4
0
1
2
2
1
2
1
1
1
1
1
0
0
1
0
2
0
0
1
1
1
0
1
0
0
1
3
1
0
0
0
1
1
2
0
0
1
3
0
0
0
2
0
0
2
2
0
1
1
0
1
1
0
0
0
0
1
1
1
0
1
1
0
2
1
1
0
1
0
0
1
0
2
3
2
0
0
1
0
0
1
0
2
1
1
0
1
1
0
1
2
0
2
2
0
4
2
1
0
0
1
2
2
1
2
2
0
3
1
2
1
0
0
1
1
2
0
1
1
2
1
1
0
0
0
0
1
0
0
1
0
2
1
1
1
0
1
1
1
0
1
0
0
0
0
0
1
3
0
0
0
0
0
0
0
1
0
0
0
0
1
1
0
1
0
2
0
0
0
0
0
0
0
1
1
0
3
0
0
1
0
2
1
1
0
1
0
0
1
1
1
0
0
1
0
1
3
0
0
0
0
2
0
2
3
0
0
1
1
1
1
0
0
0
1
0
0
0
0
3
0
0
1
0
0
1
0
1
0
0
0
0
0
0
0
0
0
1
1
0
1
0
0
2
1
1
1
0
0
1
0
1
2
0
1
0
2
1
1
0
0
0
0
0
0
0
0
1
0
0
0
1
1
0
0
2
0
0
0
1
1
0
0
0
0
0
0
0
0
0
2
0
1
0
1
0
1
0
1
1
0
0
1
0
0
0
0
0
0
0
0
1
1
0
0
0
0
0
1
1
1
0
0
1
0
0
0
0
0
1
0
0
0
0
0
0
1
0
2
0
0
0
0
1
0
0
1
0
0
0
0
0
0
1
0
0
0
1
1
0
0
0
0
0
1
0
1
1
0
0
0
1
0
2
0
0
0
0
0
1
0
1
0
0
0
0
0
1
1
0
0
0
0
0
2
1
0
0
0
0
0
0
1
0
1
0
0
2
0
1
0
0
0
0
0
1
0
0
0
0
0
1
0
1
0
0
0
0
1
1
0
0
1
0
0
1
1
0
1
1
2
0
0
0
1
0
0
0
1
1
1
0
1
1
1
2
1
1
1
0
0
1
0
2
0
0
0
1
0
0
1
0
2
0
0
0
0
0
1
2
0
1
0
0
1
1
0
0
1
0
0
0
1
0
0
0
0
0
1
0
0
0
2
0
2
1
1
0
0
0
0
0
2
0
0
0
0
0
0
1
0
0
0
1
2
2
1
0
0
0
0
0
0
0
2
2
0
1
1
0
0
1
1
0
1
0
1
0
0
0
1
0
0
0
1
0
0
0
2
0
1
3
1
1
0
0
1
0
0
1
1
0
0
0
1
0
0
1
1
0
1
1
0
1
0
0
0
0
0
0
1
1
1
0
0
1
0
0
0
0
0
0
0
0
0
1
2
0
0
0
0
1
1
0
1
0
0
0
0
1
2
0
1
2
1
0
0
1
0
0
0
0
0
0
0
0
0
0
0
0
0
0
0
0
0
1
1
0
0
0
0
0
0
1
0
0
0
0
0
0
0
0
0
0
0
0
1
0
1
1
0
0
0
0
0
0
1
0
0
1
1
0
0
0
0
0
0
0
0
1
1
0
0
0
0
0
0
1
0
0
0
0
0
0
0
0
0
1
1
0
2
0
0
0
1
0
0
0
0
0
0
0
1
0
0
0
1
0
0
0
0
0
0
0
0
0
1
1
0
0
0
1
0
0
0
0
0
0
0
0
0
0
0
0
1
0
0
0
0
0
0
1
1
0
0
1
0
0
0
0
0
0
0
1
0
0
0
0
0
0
0
0
2
1
0
0
0
0
0
0
0
0
0
0
1
0
0
0
0
1
0
0
0
0
0
0
0
0
0
0
0
0
0
0
1
0
0
0
0
0
0
0
0
0
0
1
0
0
0
0
0
0
0
0
0
0
0
0
0
0
0
0
1
0
0
0
0
0
0
1
0
0
0
0
0
1
0
0
1
0
0
0
0
0
0
0
1
0
2
0
0
1
0
0
1
0
0
0
0
0
1
0
0
0
0
0
0
1
0
0
0
0
1
1
0
0
0
0
0
0
0
0
0
0
0
0
0
0
1
0
1
0
0
1
1
0
1
0
1
0
0
0
0
0
0
0
0
0
1
0
1
0
1
0
0
0
0
0
0
0
0
0
0
0
0
0
0
1
0
0
0
0
0
0
0
1
0
0
0
1
0
0
0
0
0
0
0
1
0
0
1
0
0
0
0
1
0
0
1
0
0
0
0
0
0
0
0
2
0
0
1
0
0
0
0
0
0
0
0
0
0
0
0
0
0
0
0
0
0
0
0
0
0
0
0
0
0
0
1
0
0
0
1
0
0
1
1
1
0
0
1
0
1
0
0
0
0
0
0
0
0
0
0
0
0
0
0
0
0
0
0
0
1
0
0
0
1
0
0
0
0
0
0
0
0
0
0
0
0
0
0
0
0
1
0
0
1
0
0
0
0
0
0
0
0
0
0
0
0
0
0
1
0
0
0
0
0
0
0
0
0
0
0
0
0
0
0
0
0
0
0
0
0
0
0
0
0
0
0
0
1
0
0
0
0
0
0
0
0
0
0
0
1
0
0
0
1
0
0
0
0
0
0
0
0
0
0
0
0
0
0
0
0
0
0
0
0
0
0
0
0
0
0
0
0
0
0
0
0
0
0
0
0
0
0
1
0
0
0
0
0
0
0
0
2
0
0
1
2
0
0
0
0
0
0
0
0
0
0
0
0
0
0
0
0
0
0
0
0
0
0
1
0
0
0
0
0
0
0
0
0
0
0
0
0
0
0
0
0
0
0
0
1
0
0
0
0
0
1
0
0
0
0
0
0
1
0
1
0
0
0
0
0
0
0
0
0
0
0
0
0
0
0
0
0
0
0
0
2
0
0
0
0
0
0
1
0
0
0
0
0
0
0
0
0
0
0
0
0
0
0
0
0
0
0
0
0
0
0
0
0
0
0
0
0
0
0
0
0
0
0
0
0
0
0
0
0
0
0
0
0
0
0
1
0
0
0
0
0
0
0
0
0
0
0
0
0
0
0
0
0
0
0
0
0
0
0
0
0
0
0
1
0
0
0
0
0
0
0
0
0
0
0
0
0
0
0
0
0
0
0
0
0
0
0
0
0
0
0
0
0
0
1
0
0
0
0
1
0
0
0
0
0
0
0
0
0
0
0
0
0
0
0
0
0
0
0
0
0
0
0
0
0
1
0
0
0
0
1
0
0
0
0
0
0
0
0
0
0
0
0
0
0
0
0
0
0
1
0
1
1
0
0
0
0
0
1
0
0
1
0
0
0
0
0
0
0
0
0
0
0
0
0
0
0
0
0
0
0
0
0
0
0
0
0
0
0
5
8
7
8
9
6
8
6
5
3
8
8
10
6
11
11
8
5
9
7
5
9
4
9
8
9
6
5
2
2
7
8
8
9
10
11
8
10
3
10
3
8
7
14
10
3
6
12
4
8
5
6
5
10
9
6
8
6
2
2
4
13
14
12
10
7
9
5
9
8
11
7
10
5
6
10
8
4
4
5
11
6
8
6
8
9
9
11
7
3
4
8
9
7
8
6
3
4
8
8
6
5
11
8
9
6
2
9
6
6
8
4
11
6
6
7
10
5
6
5
4
10
5
8
9
5
6
6