0
0
0
0
0
0
0
0
0
0
0
0
0
0
0
0
0
0
0
0
0
0
0
0
0
0
0
0
0
0
0
0
0
0
0
0
0
0
0
0
0
0
0
0
0
0
0
0
0
1
2
2
3
9
14
21
35
40
35
41
45
60
48
59
60
70
57
56
55
52
66
65
79
75
84
65
73
87
99
106
102
86
99
98
100
112
125
117
124
125
124
137
139
141
140
135
146
139
167
166
161
166
211
208
191
250
237
261
214
207
177
147
163
209
195
212
256
255
270
302
310
317
371
376
338
351
310
305
261
215
255
200
176
144
151
178
188
186
183
204
190
198
215
189
204
206
203
249
261
279
281
248
267
248
233
248
219
224
182
170
169
171
167
165
151
146
128
129
159
160
137
130
154
145
153
171
149
138
138
152
168
151
164
136
155
160
150
108
154
140
154
162
138
132
168
158
151
141
162
156
150
136
162
139
172
141
157
161
172
166
170
138
185
155
165
172
165
171
156
170
182
152
177
187
134
150
179
134
142
140
137
157
135
112
132
120
148
120
134
140
128
163
157
156
149
142
156
134
154
152
122
132
130
165
162
153
143
148
143
133
148
157
158
142
156
143
160
153
131
168
155
123
149
171
159
123
149
130
136
122
136
157
147
138
133
153
157
129
145
153
124
147
145
147
140
120
135
147
158
135
145
137
141
152
136
149
135
113
125
148
139
136
149
139
146
152
124
153
115
110
133
122
138
118
124
125
140
117
126
107
130
136
140
111
132
139
136
122
115
110
120
115
114
110
122
141
112
115
125
130
132
110
125
134
128
124
147
111
117
119
121
154
119
121
116
136
111
124
113
104
115
113
107
111
115
114
107
156
125
133
112
124
123
126
130
135
131
123
114
89
144
123
106
129
121
122
130
120
129
149
116
120
112
126
114
122
124
136
114
126
116
114
103
127
115
117
117
114
96
147
127
145
111
139
115
136
131
128
100
122
104
110
124
105
99
109
117
108
115
132
126
115
140
116
118
112
91
125
113
128
105
118
111
125
115
127
129
121
129
135
111
111
137
115
104
115
120
122
111
134
102
127
121
114
117
130
125
131
131
127
119
153
137
133
136
139
115
115
120
125
116
118
127
103
122
88
113
112
99
126
126
132
119
121
104
117
89
111
116
107
122
113
123
117
116
106
113
96
119
125
118
95
102
106
101
122
124
114
114
109
106
134
127
144
211
307
546
854
1408
2173
2726
3220
3190
2782
2048
1356
992
610
438
353
285
194
130
98
89
72
55
84
77
67
66
77
62
72
82
69
55
78
68
62
73
68
45
65
67
62
63
58
65
74
78
73
60
72
52
61
44
61
74
47
55
49
64
47
56
53
63
43
53
60
53
65
58
52
48
55
45
57
48
60
42
56
51
54
68
68
64
47
42
47
54
48
60
37
61
60
50
67
46
52
61
45
52
63
54
47
61
70
90
108
162
190
158
155
139
110
84
78
62
45
57
51
41
65
54
48
50
54
56
59
48
35
62
45
54
59
46
56
57
77
58
66
63
49
49
39
48
50
73
45
45
55
47
43
53
50
54
53
54
52
61
53
61
49
56
69
91
137
145
210
243
235
210
164
130
85
58
56
58
55
51
46
33
43
44
41
46
48
39
52
55
38
44
44
42
52
49
35
43
50
48
37
51
48
65
42
45
45
42
59
47
54
35
52
41
36
47
31
48
42
57
47
43
29
57
39
40
36
48
34
37
45
49
48
54
47
47
56
45
49
57
58
60
54
50
50
59
41
55
42
59
40
55
32
30
50
53
52
49
51
50
40
51
28
49
48
44
58
52
52
58
51
51
48
39
45
30
49
45
40
47
42
45
37
33
42
33
32
48
45
44
49
43
42
51
55
45
46
50
52
44
41
49
64
50
57
39
47
44
42
43
39
38
40
47
43
38
41
48
34
48
41
38
38
47
51
48
32
40
48
41
28
41
45
39
36
50
37
33
34
47
35
50
32
52
40
45
37
43
42
52
46
40
40
41
39
30
30
35
51
43
34
46
40
48
37
40
33
45
37
43
52
36
30
40
58
46
41
38
48
44
48
42
33
35
53
34
48
48
45
47
29
39
47
49
42
54
44
39
39
44
35
49
40
34
51
39
39
37
47
39
48
36
54
48
52
39
48
41
25
42
50
35
44
51
33
40
38
39
43
35
48
45
44
45
42
35
52
47
38
44
33
44
40
34
33
40
27
35
35
23
25
39
37
34
36
39
34
30
32
31
31
33
27
28
33
30
25
32
27
29
23
20
35
29
38
36
40
20
30
28
29
40
27
34
31
29
26
37
37
25
27
35
21
23
32
40
41
21
26
31
27
19
32
31
21
27
21
21
28
25
26
29
18
31
28
32
25
29
25
25
31
22
31
25
24
27
29
31
19
17
27
33
32
25
23
31
26
25
30
20
26
16
19
28
24
25
21
27
21
22
26
28
19
21
30
25
26
18
17
34
28
25
18
36
47
36
46
43
43
33
29
28
20
29
22
27
29
20
24
33
23
18
26
20
27
11
21
20
28
19
27
24
29
22
24
29
20
32
27
27
29
13
26
18
21
21
19
26
24
21
27
22
24
20
29
18
18
28
32
29
24
24
25
23
19
26
17
25
14
28
25
39
22
23
20
20
27
21
24
26
28
27
28
19
27
15
18
19
21
19
19
24
25
24
21
14
20
23
25
16
26
26
23
13
21
25
19
24
25
20
29
20
13
19
28
21
23
21
14
18
16
19
16
19
17
19
26
20
20
23
29
14
21
28
19
18
28
21
18
24
20
18
24
17
26
22
14
29
38
43
67
97
135
197
248
236
291
195
161
117
61
45
32
37
19
21
18
23
29
22
30
15
21
20
21
22
17
12
15
15
20
16
17
21
28
27
30
15
17
16
18
20
18
19
23
24
16
11
15
14
18
23
22
11
19
18
24
15
9
18
19
18
16
24
19
18
16
19
17
18
14
19
17
19
18
17
22
12
15
21
18
23
22
19
15
16
21
18
14
24
11
16
18
16
19
12
18
21
26
20
19
18
20
14
22
16
29
22
20
24
15
23
16
14
17
18
17
24
17
17
13
18
15
15
21
20
19
21
8
12
18
7
20
14
17
26
15
13
12
16
16
12
25
14
15
15
14
11
22
15
11
9
15
19
10
19
9
12
12
19
18
19
21
15
16
19
21
7
11
14
17
18
21
11
10
13
18
12
17
19
11
18
11
23
29
44
67
118
215
324
554
679
846
842
815
677
449
247
133
62
34
25
15
16
17
21
18
15
15
24
19
21
13
13
14
18
15
19
13
8
17
7
19
16
9
9
10
18
14
18
13
16
19
15
12
8
14
16
7
17
12
9
6
12
10
16
7
7
14
10
12
11
10
11
11
13
9
12
25
18
20
24
16
18
13
8
14
11
12
11
4
13
16
11
12
11
12
9
6
11
14
13
13
17
12
15
10
10
11
13
8
7
9
9
7
14
13
6
13
8
12
13
9
6
12
8
12
19
17
19
13
9
8
8
12
8
16
3
9
10
16
9
7
10
12
13
18
4
13
19
6
7
7
8
15
8
12
18
14
7
9
5
8
10
16
6
10
13
1
6
11
8
8
7
14
9
12
15
7
9
9
19
13
13
13
9
8
8
10
9
8
15
13
9
10
10
10
11
7
11
12
8
6
14
7
8
6
7
15
9
7
9
18
14
18
10
12
8
10
9
8
11
12
7
5
7
9
9
4
5
8
11
10
16
8
7
11
13
11
10
8
11
8
8
9
8
5
8
9
12
5
7
9
12
11
12
6
10
7
10
17
7
7
6
7
12
4
5
6
7
15
11
9
12
6
8
8
10
9
5
8
5
8
5
9
3
10
14
7
6
8
8
6
8
6
13
7
6
7
7
9
5
5
9
11
12
6
3
5
2
6
9
9
11
10
4
8
1
7
9
5
10
7
8
15
9
12
11
7
6
4
7
8
11
9
8
6
8
8
6
12
10
6
4
7
8
6
5
9
5
6
9
4
8
11
10
5
2
3
7
8
9
4
7
7
10
6
6
6
11
10
10
7
13
10
5
14
11
11
14
30
43
61
92
150
166
168
169
137
97
70
38
19
14
8
11
10
6
4
9
8
11
14
7
8
5
3
9
6
4
10
9
8
9
8
6
5
8
7
5
5
7
10
4
9
2
6
6
3
3
6
6
7
4
2
8
6
5
3
8
7
7
4
4
10
6
11
5
5
4
8
6
3
5
7
11
3
6
7
8
2
3
5
8
3
10
1
7
3
9
4
8
7
5
11
7
10
15
23
19
23
8
14
16
6
3
4
9
10
4
12
8
6
11
4
2
4
3
3
10
5
3
7
3
6
9
3
2
8
0
8
4
7
5
4
11
10
5
5
6
7
4
4
7
8
5
7
7
7
11
8
12
19
33
19
25
30
22
20
23
16
16
8
11
2
7
8
1
2
5
4
5
3
5
9
7
7
8
4
8
3
9
3
6
4
5
3
8
5
6
2
7
11
5
5
6
9
2
6
1
4
6
5
6
4
5
5
7
7
7
5
10
3
3
4
7
15
9
9
6
6
3
2
6
6
2
8
5
5
5
7
7
7
3
3
5
9
2
6
8
4
5
14
6
5
5
4
6
6
8
4
5
7
4
3
7
7
7
2
6
12
3
7
3
4
6
0
8
6
2
2
7
5
4
10
7
3
4
4
2
8
9
6
9
8
4
15
2
7
7
9
5
9
5
0
4
4
6
7
4
3
3
6
6
3
3
5
4
7
5
8
5
5
7
2
7
3
7
4
5
6
5
7
7
5
7
2
6
6
6
6
5
5
3
9
2
6
3
5
9
2
11
5
6
12
15
43
31
52
64
120
105
90
75
56
42
26
16
8
4
6
5
6
9
5
5
6
9
6
8
5
5
6
8
5
5
5
6
7
7
4
4
4
4
5
5
6
9
8
5
4
8
9
6
8
4
2
5
8
6
6
7
4
5
4
6
4
5
4
7
3
2
5
4
7
4
8
5
7
6
6
6
3
5
4
7
11
7
4
8
5
11
5
7
10
3
9
9
7
7
4
7
5
8
4
4
2
4
5
6
3
4
3
3
0
4
8
5
2
6
8
3
4
3
10
2
7
9
5
3
2
5
2
6
8
4
9
7
12
11
11
9
13
7
4
6
5
5
3
7
1
8
3
4
4
3
4
0
4
6
3
4
5
3
7
5
7
4
7
4
1
11
2
6
5
4
8
4
2
6
4
6
4
6
4
7
6
4
2
3
1
6
2
5
4
5
6
1
6
8
12
7
6
4
5
3
3
3
0
3
2
7
5
7
6
6
6
2
5
5
5
8
4
7
1
1
3
2
6
4
4
1
2
6
5
3
1
8
5
5
4
4
8
3
7
4
9
8
8
11
7
7
13
4
5
6
4
7
5
3
4
3
3
3
3
3
3
3
6
4
4
5
6
10
3
4
5
3
3
7
3
5
6
3
5
3
5
5
4
8
3
5
8
4
7
7
3
6
5
2
3
6
2
5
4
4
5
6
6
3
4
4
6
8
4
2
1
5
6
8
8
4
2
4
7
6
7
5
7
6
6
1
4
3
5
7
4
8
3
4
6
2
3
11
6
3
4
8
9
6
7
9
5
0
8
2
9
3
5
1
2
7
5
5
5
5
5
4
4
1
2
5
4
6
7
7
3
5
5
1
2
3
3
5
8
4
8
8
5
5
4
4
7
4
6
5
5
1
6
4
4
4
3
5
1
3
3
7
4
5
5
2
3
4
3
3
2
5
5
4
4
3
3
4
3
6
4
4
2
0
6
4
6
1
4
4
4
4
4
2
1
5
4
6
3
6
6
6
1
4
3
2
4
4
3
4
4
1
3
4
4
8
4
2
2
4
6
4
3
11
1
3
4
3
5
3
4
5
4
7
4
3
5
6
3
5
2
1
2
2
5
7
7
4
6
3
5
1
1
4
6
7
4
4
6
2
1
4
2
5
1
7
4
2
1
6
7
4
4
0
2
6
5
5
3
2
3
3
4
2
0
6
9
5
2
4
4
4
3
4
5
4
4
3
1
3
7
6
3
1
3
5
6
4
3
1
3
3
4
5
5
1
7
1
3
0
7
6
5
2
2
8
4
12
18
10
11
16
14
9
5
11
5
3
5
5
2
4
4
2
6
0
4
4
4
6
4
5
7
3
5
2
2
2
5
6
6
3
4
4
6
8
4
5
15
16
7
11
9
7
7
3
3
1
7
2
4
5
6
8
6
3
9
6
5
6
2
0
3
3
4
5
2
3
4
4
6
4
5
2
7
7
3
4
3
1
4
3
3
6
4
5
6
2
2
2
4
3
3
2
1
6
6
2
3
1
3
5
1
3
6
6
3
4
7
7
4
7
3
7
5
8
1
3
3
1
3
4
1
4
4
5
5
1
3
4
10
3
2
4
4
3
2
1
3
6
3
3
2
0
6
6
8
2
4
3
4
3
4
2
3
4
3
2
2
4
2
2
3
3
10
3
7
2
4
7
5
3
0
4
3
5
2
5
5
2
5
5
3
3
4
3
3
2
4
4
4
1
4
2
6
5
2
5
2
1
4
5
4
5
4
6
3
4
5
5
3
2
3
4
4
3
3
3
3
7
4
3
1
2
1
4
3
2
7
6
4
5
4
3
7
5
2
7
4
3
3
6
6
2
1
3
8
4
5
5
6
6
6
3
8
3
4
4
3
2
2
3
4
5
3
7
1
4
3
2
3
7
3
4
4
2
6
3
3
2
7
0
6
6
7
6
6
1
4
1
4
5
7
8
3
5
5
4
3
2
3
3
7
3
6
4
6
4
5
2
3
4
0
1
6
3
2
6
1
4
4
4
4
4
3
3
2
8
5
6
5
4
4
6
6
4
4
3
3
7
6
4
7
1
2
2
3
0
4
7
6
2
11
1
2
4
3
6
3
2
1
8
5
3
4
2
6
2
4
6
0
7
4
6
5
1
4
3
2
3
1
2
4
5
2
6
4
6
3
3
4
4
8
4
4
9
4
5
7
6
4
6
6
6
4
4
2
1
6
5
10
6
2
3
4
5
1
4
2
5
1
5
5
4
1
2
2
3
6
4
4
5
2
3
5
2
3
5
4
3
4
4
2
6
5
3
2
5
1
5
6
4
7
2
3
6
5
5
1
4
2
3
4
3
2
6
5
4
5
1
4
5
4
6
5
9
4
3
5
3
3
3
0
1
1
4
2
2
4
3
6
4
7
1
2
3
3
6
3
6
4
5
6
2
3
2
4
1
7
6
6
2
3
5
9
6
2
3
5
4
4
7
5
3
9
4
5
1
6
1
3
0
5
4
7
5
6
6
1
3
2
4
5
5
3
5
4
2
6
2
4
0
3
2
4
3
3
3
2
7
3
3
4
6
2
3
5
5
4
7
5
2
5
2
3
6
3
1
3
4
7
5
2
5
3
5
5
7
7
2
3
1
4
1
1
4
8
5
4
5
5
5
5
1
5
5
5
2
7
6
4
1
3
1
4
7
6
2
5
4
1
7
2
1
6
2
5
3
4
3
3
4
7
3
7
1
0
3
4
4
2
3
2
2
7
0
4
1
4
3
5
6
3
0
3
7
4
4
7
1
6
4
6
4
2
7
0
4
6
4
5
6
7
3
6
4
5
5
3
3
3
4
3
3
4
4
5
3
3
2
1
3
7
6
5
4
4
4
5
5
1
5
3
0
2
4
1
5
5
3
4
4
3
3
4
1
5
3
6
1
0
4
1
3
2
5
3
6
3
3
2
3
1
9
5
3
5
4
5
6
2
0
4
3
4
2
1
7
1
2
1
3
2
4
2
4
3
5
6
2
4
2
3
2
0
5
5
2
0
3
4
1
6
1
4
6
6
4
3
3
3
3
2
7
3
5
0
4
5
5
2
2
6
5
6
2
3
5
3
3
3
1
7
4
4
3
6
3
3
2
5
3
3
5
5
4
6
4
2
1
5
4
2
3
4
2
2
1
3
3
2
2
3
3
6
4
3
2
3
3
2
3
4
2
2
3
4
4
2
3
4
2
5
4
5
9
5
1
3
6
4
4
1
4
2
3
5
5
4
3
3
6
3
0
2
3
2
2
1
8
4
2
3
1
5
0
2
1
2
1
3
3
4
2
3
5
7
4
3
1
2
5
3
3
5
2
3
2
5
4
3
5
2
2
4
3
6
3
2
4
2
4
6
4
4
6
4
2
2
3
8
2
3
0
3
6
5
5
4
2
1
1
2
2
3
5
3
3
1
4
2
2
3
0
4
2
8
2
5
2
4
5
2
5
0
2
6
2
2
4
4
0
5
2
7
10
2
4
4
3
5
5
7
7
9
14
25
15
7
21
21
19
15
9
4
3
1
5
1
4
6
7
1
4
5
3
2
3
2
3
7
3
6
4
0
4
5
4
5
2
5
8
6
4
3
2
5
2
7
2
6
7
1
5
8
3
3
1
7
3
2
3
4
3
4
3
5
3
5
6
5
2
5
4
3
4
7
2
1
3
1
1
4
3
4
5
4
2
3
2
3
2
5
3
0
7
2
6
3
5
2
4
2
3
4
3
1
4
5
6
6
1
2
5
4
1
5
2
3
4
3
4
3
3
2
1
2
6
1
6
0
3
4
3
4
5
3
3
7
7
6
6
8
9
12
6
5
5
5
5
3
0
2
0
2
3
2
1
1
3
3
2
1
6
2
3
2
4
4
3
9
3
0
3
7
4
11
1
4
2
2
2
3
6
0
4
2
1
0
3
4
2
0
3
0
3
4
4
3
3
8
5
3
0
1
4
3
4
4
3
4
2
4
1
1
2
4
2
3
3
4
1
4
2
2
6
2
0
3
2
5
5
1
2
2
1
1
6
1
1
3
1
3
2
3
5
2
2
3
2
1
5
3
5
3
5
4
3
5
4
2
2
5
2
2
3
1
3
1
2
2
3
6
4
1
3
2
3
3
4
1
1
2
3
2
2
5
6
5
4
2
1
2
6
3
2
3
3
5
3
5
3
5
2
3
5
3
5
1
3
0
3
2
3
1
5
1
1
3
3
2
5
4
6
6
3
2
7
5
3
5
1
6
7
3
7
2
6
3
5
7
4
6
15
10
15
29
37
30
47
37
33
28
18
12
8
11
5
4
3
5
4
7
6
6
2
9
4
5
5
3
8
5
5
2
2
5
3
9
4
3
1
3
5
4
2
3
5
4
6
4
3
1
4
5
5
2
3
3
4
3
4
7
7
2
0
3
5
5
3
4
3
5
2
9
6
4
7
15
23
22
18
29
25
20
12
7
7
6
2
8
7
1
4
3
4
3
1
1
8
4
2
1
4
1
6
3
1
6
3
1
8
4
6
1
5
1
1
4
1
1
4
2
5
5
1
4
4
5
4
5
4
2
3
4
2
6
3
3
2
4
6
5
9
4
4
2
3
0
3
2
3
6
4
6
4
1
5
5
4
6
2
4
4
5
5
4
3
9
3
2
7
4
6
1
2
4
2
4
5
4
4
1
1
4
3
3
9
3
4
1
4
3
3
5
2
4
4
4
4
6
5
2
2
1
6
6
2
5
3
6
0
2
1
1
3
2
3
5
4
2
3
1
2
2
5
6
2
2
6
3
4
9
1
1
2
6
4
3
8
5
3
2
1
5
4
5
3
4
4
4
2
5
3
5
3
2
2
1
10
3
3
3
3
8
5
3
4
2
5
8
5
8
2
2
4
3
5
4
5
4
7
2
6
4
5
7
2
2
6
2
4
2
4
4
5
6
3
6
4
3
5
2
2
5
5
7
0
4
3
4
6
1
2
2
1
5
1
2
10
3
4
3
2
4
6
3
4
7
1
6
4
10
1
2
4
6
5
4
5
3
6
7
0
2
1
7
8
7
6
4
6
2
5
4
1
2
7
4
4
4
3
5
1
5
5
6
9
6
2
6
1
3
5
2
4
1
0
5
7
0
2
4
6
5
4
4
5
4
1
5
5
9
4
2
5
4
3
5
5
4
4
6
1
8
5
2
5
1
1
4
0
5
2
3
4
5
3
1
5
1
7
5
6
5
0
2
4
2
7
4
4
7
4
2
4
3
1
4
2
2
3
4
4
4
5
4
3
3
8
7
6
10
3
6
4
5
6
8
2
4
5
2
6
5
5
4
2
0
7
6
4
2
5
3
6
3
1
3
2
3
2
2
2
5
4
2
5
10
3
3
3
5
5
4
8
7
4
5
3
9
0
5
5
3
6
2
7
1
2
8
3
6
0
7
3
1
2
4
4
2
3
2
2
4
1
7
5
5
1
5
3
6
3
5
3
5
4
1
3
5
2
4
3
2
8
5
3
3
1
4
1
4
8
4
2
3
2
4
5
5
6
6
1
4
6
11
4
4
10
3
3
6
7
3
5
3
5
5
3
3
7
5
4
0
6
5
6
3
4
2
7
6
2
8
3
1
7
6
6
2
3
2
5
6
5
1
3
4
8
7
9
3
3
4
5
4
4
4
3
3
3
2
5
3
6
5
3
5
1
9
4
6
4
2
3
5
2
2
4
6
4
2
6
7
7
7
2
3
5
3
4
4
3
2
5
4
3
1
6
3
2
7
8
2
3
7
3
4
0
4
3
6
6
4
4
3
5
5
3
9
2
3
3
1
4
4
4
6
2
0
4
7
4
7
2
3
5
2
5
3
1
3
3
2
2
4
4
3
2
1
5
4
7
6
5
3
5
1
4
5
2
2
7
2
3
3
3
6
3
3
6
3
3
2
7
1
2
7
3
3
5
1
2
4
3
7
5
5
7
4
5
3
10
0
7
4
5
6
4
5
3
1
3
3
2
7
4
4
3
6
5
3
3
3
4
6
5
7
5
4
3
6
2
5
3
5
8
4
4
4
4
3
6
3
9
1
5
5
5
6
3
0
7
6
5
6
6
7
5
0
6
5
3
5
3
3
3
1
3
5
6
2
2
3
5
4
1
4
9
3
3
2
5
6
2
4
1
4
3
4
2
4
3
2
3
3
9
5
3
3
3
2
6
4
5
5
4
5
8
10
4
3
4
2
6
4
5
2
1
2
4
5
3
6
2
7
5
3
7
1
9
2
4
7
4
9
1
4
6
8
3
5
3
8
4
3
6
6
1
5
4
5
3
3
6
7
2
4
3
6
4
3
1
7
7
4
2
1
1
6
3
3
3
7
4
3
10
4
3
5
5
4
3
2
4
6
3
2
6
1
4
3
3
3
3
7
10
1
5
4
3
4
7
2
4
2
7
2
4
0
5
5
8
5
4
8
6
5
3
2
8
2
6
6
4
6
8
7
2
7
5
3
8
1
2
0
7
4
5
5
8
6
2
7
5
7
4
4
6
5
5
7
2
2
6
2
6
4
5
4
4
7
4
1
2
8
4
5
5
3
2
3
10
5
3
3
6
4
4
2
4
4
10
3
4
1
2
6
4
4
2
4
5
3
3
4
2
4
3
3
2
8
5
6
6
4
3
5
2
2
9
3
3
1
1
4
6
5
4
3
8
3
3
7
5
5
3
4
8
2
3
8
7
5
0
4
3
2
5
4
4
2
5
5
6
5
3
11
5
8
5
3
9
2
9
3
4
1
5
1
2
1
5
1
1
3
1
4
7
6
7
3
4
4
2
4
2
2
4
5
5
8
5
7
4
7
7
4
3
6
6
2
7
1
6
4
3
3
6
6
2
8
4
8
4
8
6
6
0
4
8
1
5
4
3
9
4
5
3
8
6
9
3
3
5
2
6
6
3
3
2
5
3
7
4
4
6
2
4
4
5
7
4
1
5
2
3
8
2
1
5
4
3
3
8
4
7
3
4
2
11
1
8
6
3
7
2
1
2
1
4
3
1
4
4
6
5
1
5
3
6
5
3
5
3
6
1
2
8
2
3
8
6
4
5
3
6
5
3
4
3
6
5
6
9
4
2
3
2
4
4
5
4
3
6
5
3
2
3
6
3
10
1
5
4
6
6
4
5
5
5
4
3
3
2
8
4
5
3
3
5
4
1
4
4
2
2
5
4
5
4
7
8
7
5
3
7
2
5
4
6
3
5
3
7
4
5
2
10
10
6
14
24
17
19
28
32
28
27
37
30
37
21
25
10
10
18
9
5
7
8
5
2
7
5
2
5
6
7
3
4
8
2
4
5
5
5
7
5
6
5
5
5
6
5
5
6
11
5
5
7
3
5
5
4
3
6
3
8
1
4
3
3
8
2
3
2
5
4
6
6
3
3
5
4
5
3
3
6
7
5
4
6
2
9
4
6
5
5
5
6
6
4
5
7
3
5
6
2
2
6
5
1
3
5
5
8
4
0
6
7
4
9
3
4
5
5
2
4
4
1
6
3
5
4
8
5
7
5
5
8
6
3
7
1
6
6
7
6
12
5
4
8
7
3
3
4
11
5
4
3
1
9
3
4
8
8
5
8
4
4
5
4
5
8
6
9
7
10
9
8
7
5
12
6
8
7
4
4
1
5
3
5
3
5
8
9
4
10
6
2
5
2
10
8
9
6
7
6
4
6
6
9
4
3
3
3
9
10
6
1
4
5
7
3
6
11
5
8
4
7
6
6
7
4
7
8
6
5
5
6
8
3
8
4
2
4
5
4
6
3
5
3
8
4
4
4
4
0
2
6
7
5
7
6
4
9
2
9
9
7
2
4
5
5
5
5
5
2
5
6
8
5
8
7
6
3
4
4
9
6
5
6
9
10
5
7
9
5
7
3
5
7
5
4
4
4
5
4
5
6
6
8
5
7
8
6
9
5
7
6
9
4
14
9
6
6
9
6
2
9
7
3
7
7
3
4
2
11
1
6
5
6
4
5
4
5
9
6
8
2
11
5
3
4
3
4
8
8
3
4
7
2
5
6
4
9
7
5
5
7
5
6
7
9
2
5
9
8
8
6
3
8
10
6
5
14
4
4
7
6
3
5
11
8
3
3
9
6
3
9
5
6
5
4
5
8
7
4
6
7
4
14
4
6
10
1
4
3
5
9
7
9
3
13
6
10
7
10
4
5
6
5
10
6
4
4
9
5
7
4
8
8
2
8
4
9
3
6
6
2
7
11
8
5
10
11
8
9
6
5
6
4
11
10
12
9
10
5
8
8
4
4
7
3
8
5
8
0
6
3
6
4
9
5
11
9
9
10
10
7
5
9
7
5
9
5
7
5
7
5
12
8
6
8
6
5
7
6
5
6
6
13
12
5
6
6
4
2
8
9
8
12
3
7
7
8
5
5
10
10
4
5
3
10
4
6
6
8
10
8
6
4
10
6
7
3
5
3
3
6
5
8
6
2
8
7
5
9
13
8
7
5
5
5
5
6
5
6
8
8
5
4
8
10
9
4
5
8
6
9
5
13
6
4
4
9
7
8
7
3
7
6
5
11
9
10
10
6
6
10
5
4
5
4
10
8
6
10
5
7
7
5
20
10
2
7
4
6
2
15
7
5
8
6
9
7
12
6
7
10
11
7
2
12
4
3
9
5
4
6
5
9
4
8
7
10
9
7
5
7
9
7
5
9
11
8
4
12
1
9
19
7
14
7
16
10
5
6
5
9
5
6
5
8
8
10
7
9
7
8
9
4
4
9
7
7
5
12
8
15
9
10
5
4
14
7
4
9
10
6
15
5
7
3
4
5
13
4
9
10
8
4
10
7
14
11
8
8
7
14
8
8
10
6
7
6
9
8
12
7
5
3
6
10
10
6
6
5
8
5
6
3
7
3
4
4
5
8
7
5
4
5
4
3
7
9
7
6
2
5
5
3
6
7
6
3
6
2
4
8
8
6
5
4
6
8
6
3
5
3
3
7
5
5
2
6
1
4
1
1
7
8
0
5
3
1
4
3
3
3
0
7
6
6
4
7
7
2
10
5
5
6
3
3
5
7
2
5
8
6
3
4
4
6
6
3
4
3
8
3
4
2
6
6
11
6
6
7
8
5
8
6
3
3
3
6
6
1
8
5
10
6
7
2
2
3
4
5
5
2
12
5
2
8
7
3
7
10
3
6
6
8
3
5
1
5
9
1
2
4
3
2
1
4
4
6
2
7
10
7
6
5
3
3
3
5
3
2
2
2
5
6
1
4
8
0
5
3
4
3
3
1
3
5
4
5
4
5
5
4
4
3
1
5
4
10
2
7
2
7
4
2
4
3
5
5
2
2
3
5
1
1
4
3
4
10
9
4
5
5
3
3
6
3
4
2
4
2
7
4
4
7
4
5
1
0
4
2
1
3
8
4
3
2
1
4
4
3
5
4
4
2
2
1
2
1
2
4
5
2
3
4
4
2
1
7
5
2
5
2
3
2
3
3
4
2
2
3
3
2
2
1
2
2
6
3
1
3
0
3
3
2
3
5
5
2
2
5
2
5
3
1
2
2
0
2
2
1
2
2
4
1
0
4
0
2
3
1
2
0
2
3
0
1
3
3
2
3
1
4
2
3
2
4
3
1
2
3
1
2
0
5
3
2
3
0
5
2
2
4
1
3
4
2
0
5
5
2
2
1
1
3
4
2
0
1
5
3
1
4
0
0
0
3
2
0
0
1
1
2
1
2
3
2
2
0
0
1
3
1
3
3
1
1
3
1
3
3
0
2
4
2
0
1
4
1
3
3
0
0
1
1
1
1
1
3
5
2
4
0
1
0
1
1
0
4
6
0
0
1
1
3
2
2
0
1
2
3
2
1
3
1
0
2
2
0
2
2
0
1
0
3
0
0
3
2
1
1
0
3
1
3
3
3
2
3
2
3
1
1
2
0
2
2
2
0
3
0
2
0
0
1
2
1
4
3
2
2
2
1
1
1
0
0
0
2
2
2
0
5
0
2
0
1
1
2
1
3
1
0
1
1
0
3
1
0
1
1
3
1
0
0
0
2
0
0
2
0
1
0
1
1
1
1
1
1
3
0
4
1
3
1
3
2
2
3
0
1
0
1
1
5
0
2
1
0
0
2
2
0
3
3
2
1
0
2
2
1
3
2
0
1
0
0
3
1
1
1
1
3
0
0
2
0
0
1
4
3
1
1
1
2
1
3
8
6
13
22
37
53
55
101
111
156
186
208
207
198
173
137
132
65
58
25
18
8
5
4
2
1
2
2
4
2
3
7
0
3
1
2
1
1
0
3
3
2
3
3
2
2
2
0
0
1
2
3
2
0
1
0
0
1
1
0
1
0
2
3
1
2
1
1
2
0
1
1
2
0
2
0
1
2
0
0
0
1
0
1
0
0
0
2
0
3
1
0
0
1
2
1
1
2
0
1
0
1
1
1
0
2
0
0
0
0
1
0
0
1
0
1
2
0
1
1
1
2
0
0
0
0
2
2
0
1
1
1
1
0
1
2
0
1
2
1
0
1
1
2
1
0
1
0
0
1
2
4
0
1
1
1
1
3
2
0
1
3
0
0
0
1
0
1
0
1
0
1
2
1
0
0
2
0
1
0
0
2
0
0
1
0
0
0
0
1
2
1
1
3
3
2
3
2
0
0
1
3
0
0
2
0
0
2
0
1
0
2
0
2
2
0
2
0
1
1
2
1
3
0
1
0
1
1
0
0
1
0
0
0
0
0
0
1
0
0
0
2
0
2
0
0
1
0
1
0
1
0
1
0
1
3
0
1
2
2
1
0
0
2
0
2
0
0
1
0
1
0
0
1
1
0
1
0
2
1
0
1
0
1
1
0
2
0
2
0
1
4
0
0
0
1
1
1
0
0
1
0
0
0
1
0
0
0
0
0
2
0
0
2
1
0
3
1
0
0
0
0
1
1
1
3
1
1
2
2
1
1
1
1
1
0
0
0
0
0
0
0
1
1
0
3
0
1
1
0
1
2
0
1
1
0
0
2
0
0
2
1
1
1
1
1
1
0
1
0
1
0
2
0
0
2
1
0
1
2
0
0
0
1
1
1
1
0
0
2
0
1
0
1
0
0
0
1
0
1
1
2
0
2
1
0
1
1
0
1
1
0
0
0
1
1
0
0
2
1
0
1
3
0
0
1
2
0
0
0
0
1
0
2
0
0
1
0
0
1
0
1
2
0
0
1
0
0
1
1
1
1
0
0
1
0
2
1
0
1
1
1
0
0
1
1
2
1
1
2
0
1
1
0
0
0
0
2
1
3
4
1
0
1
0
1
1
0
0
1
0
1
1
0
2
1
1
0
0
0
0
0
0
2
1
1
0
1
0
2
0
0
4
1
0
1
0
1
0
0
0
1
0
0
0
1
0
0
0
0
3
1
0
0
0
0
0
0
1
0
1
1
0
0
0
2
0
1
0
0
0
0
0
1
0
0
0
1
0
0
1
0
0
1
1
0
2
0
0
2
0
0
1
0
0
0
0
3
0
2
0
0
2
1
3
1
2
1
1
0
0
1
1
0
0
0
0
1
0
0
0
0
1
2
1
0
0
0
1
1
0
0
0
0
2
1
0
1
1
0
1
0
0
0
1
1
1
0
1
2
0
1
0
0
1
0
0
0
0
1
1
1
1
0
0
2
1
0
0
1
0
0
0
1
2
0
1
0
1
0
0
1
0
0
0
0
1
1
0
0
0
0
2
0
2
0
0
3
0
2
1
1
0
1
1
0
1
0
0
0
1
0
2
0
0
0
0
1
0
0
1
0
0
0
0
0
0
0
0
0
0
2
0
1
0
0
1
0
1
0
0
0
3
0
0
0
0
0
2
1
1
0
1
0
0
1
0
1
0
0
3
1
1
0
0
0
0
1
0
1
1
0
1
0
0
0
1
0
1
0
0
1
1
0
0
0
0
0
0
1
2
1
0
0
0
1
0
1
1
0
1
0
0
0
1
0
0
0
1
1
0
2
0
0
3
0
0
1
1
0
0
0
0
2
0
0
1
0
0
0
0
0
0
1
0
1
1
0
0
0
0
1
0
0
2
1
0
0
1
1
0
1
0
0
1
1
2
0
0
0
0
0
0
0
0
0
1
0
1
1
0
0
0
0
0
1
0
1
1
0
1
0
0
0
1
0
1
1
0
0
1
0
1
0
0
0
2
1
0
1
0
0
1
0
2
2
2
0
0
0
1
0
1
0
0
0
0
1
0
1
1
1
1
0
0
0
1
0
0
0
1
0
2
0
0
2
1
2
0
2
0
0
1
0
1
0
0
0
0
1
0
0
1
0
1
0
0
0
1
1
3
0
1
0
0
0
0
0
0
1
1
1
0
0
1
0
1
0
1
0
0
0
2
1
0
0
0
1
1
0
0
0
0
1
2
0
1
2
0
0
0
1
0
0
1
0
1
0
0
2
0
0
2
0
0
1
0
1
0
0
1
1
0
1
0
0
0
0
0
0
0
0
0
0
1
0
0
2
1
0
1
0
1
1
0
0
1
0
1
0
0
0
0
0
1
0
1
1
0
1
0
1
2
1
0
0
0
1
0
0
0
0
0
0
0
0
0
1
0
0
0
0
0
0
0
1
0
0
0
0
1
0
0
1
0
1
2
1
0
3
0
0
0
0
0
0
0
0
0
0
1
0
1
0
0
0
0
0
0
0
0
0
0
0
0
1
0
1
0
0
0
1
0
0
0
0
0
0
0
0
0
0
0
1
0
0
0
1
0
0
0
1
0
0
0
0
1
0
0
0
0
0
2
0
1
0
0
0
0
0
0
0
0
0
2
0
0
0
0
0
0
1
0
0
0
0
1
0
0
0
1
0
0
0
1
0
0
0
0
0
1
0
0
0
0
0
0
0
0
0
1
0
0
0
0
0
0
0
0
0
0
0
0
0
0
1
0
0
0
0
0
0
0
0
1
1
0
0
0
1
0
0
0
0
2
0
1
0
0
0
0
0
0
0
0
0
0
1
0
0
0
0
0
0
0
0
0
0
0
2
0
0
0
0
0
0
0
1
0
0
1
0
0
0
1
0
0
1
0
0
0
0
0
0
0
0
0
0
0
0
0
1
0
0
0
0
0
1
0
0
0
0
0
0
1
1
0
0
0
0
0
0
0
0
0
0
0
0
0
0
1
0
1
0
0
0
0
1
0
0
1
3
1
1
2
1
1
0
2
0
1
0
0
1
1
0
0
0
0
0
0
0
0
0
0
0
0
0
0
0
0
0
0
0
0
0
0
0
0
0
1
0
0
0
0
0
0
0
0
0
0
0
1
0
1
0
0
0
0
0
0
1
0
0
0
0
0
1
0
0
0
2
1
0
1
0
2
1
0
2
3
4
1
2
1
1
0
0
3
0
1
1
1
0
1
1
1
3
0
1
1
1
2
1
3
0
1
0
2
1
0
0
2
2
2
0
2
0
3
2
1
3
1
2
1
4
2
1
0
3
2
0
0
1
0
2
0
2
2
1
2
0
2
1
2
2
2
1
0
1
1
1
2
2
0
3
1
2
0
2
1
1
2
0
0
0
2
1
0
2
2
0
1
2
0
0
1
0
2
2
3
3
2
1
0
1
0
3
2
2
2
1
2
2
2
0
0
1
1