0
0
0
0
0
0
0
0
0
0
0
0
0
0
0
0
0
0
0
0
0
0
0
0
0
0
0
0
0
0
0
0
0
0
0
0
0
0
0
0
0
0
0
0
0
0
0
0
1
1
4
5
5
4
11
27
23
25
35
35
33
39
32
45
37
44
50
55
45
43
59
53
63
63
73
72
64
70
70
60
82
76
82
81
96
77
80
94
84
98
99
90
96
100
100
89
101
118
126
131
148
120
122
121
134
136
137
153
157
128
117
84
94
114
75
115
90
124
118
133
134
124
132
142
146
151
138
119
117
117
105
124
122
127
118
109
108
98
116
115
117
110
123
124
122
125
135
136
129
149
136
106
134
124
132
103
130
145
123
126
122
116
136
101
125
97
114
107
94
100
111
98
90
98
120
123
119
121
103
129
107
131
113
121
117
118
134
126
120
113
100
127
122
115
115
134
126
129
115
108
129
118
130
111
109
127
116
105
122
130
112
123
132
123
147
127
102
144
122
110
156
126
122
136
132
127
129
124
106
98
112
108
101
120
93
105
119
113
112
109
123
108
96
121
113
110
124
117
123
113
118
117
120
105
122
112
122
118
114
120
114
136
119
124
138
114
164
124
115
134
126
121
135
122
131
111
134
122
138
111
124
139
118
108
121
133
117
126
124
101
115
120
121
102
146
123
117
111
105
125
114
107
117
128
105
111
115
120
120
131
120
112
107
122
118
110
115
130
120
103
100
123
116
124
110
110
108
117
117
112
113
112
118
109
104
99
116
136
104
121
116
89
116
123
113
114
124
108
101
114
124
120
126
127
120
125
105
119
112
107
111
107
120
106
102
120
111
105
107
86
112
107
102
100
123
93
118
98
102
116
117
106
112
103
105
98
108
121
124
104
114
93
114
116
116
129
95
109
124
118
96
108
103
118
122
101
102
115
113
107
109
95
121
110
99
107
123
96
109
115
124
95
98
108
127
115
108
104
99
122
112
113
116
123
97
91
108
107
107
87
92
101
119
94
111
96
119
104
93
112
116
109
120
104
104
88
106
115
117
119
84
104
117
118
104
124
98
98
97
104
112
106
109
100
115
105
117
91
88
111
82
123
105
101
117
102
100
118
103
100
117
108
108
96
120
83
113
100
124
98
110
101
105
101
96
93
112
100
108
105
99
116
111
99
121
103
99
101
86
100
91
97
104
112
100
118
101
108
100
104
109
95
112
137
208
350
525
776
1128
1477
1730
1900
1921
1592
1180
785
523
383
268
197
177
135
85
75
55
54
57
60
62
71
59
65
51
45
62
55
42
56
54
54
61
53
63
55
63
60
53
63
58
59
46
54
49
57
56
38
58
58
46
44
57
47
44
43
51
61
46
50
44
58
47
41
41
63
57
62
47
46
48
56
54
39
48
25
46
45
66
44
58
44
53
48
44
52
54
48
46
59
56
47
55
29
39
74
49
58
57
73
103
89
117
128
120
102
84
66
58
54
43
40
57
57
41
44
60
59
36
53
34
35
46
35
46
37
44
42
63
44
60
54
52
39
49
46
48
41
44
43
58
55
34
32
55
46
54
51
53
46
54
61
40
48
37
53
57
62
86
95
125
125
154
141
140
113
93
77
55
48
46
46
52
43
45
44
39
41
51
41
42
44
44
49
34
40
32
49
38
36
46
41
45
33
43
30
35
34
56
57
35
45
31
38
41
32
38
55
52
39
41
38
39
34
35
43
31
39
43
45
35
45
53
36
40
38
34
33
33
45
40
40
48
32
34
48
26
40
51
39
35
32
38
44
28
50
50
42
36
48
50
37
35
44
39
47
43
39
46
35
38
34
41
34
33
44
47
44
29
31
34
47
38
33
44
40
38
37
43
43
35
30
32
35
43
46
28
30
39
44
22
33
50
45
43
47
43
44
41
30
35
38
36
27
30
34
34
40
41
45
37
37
40
31
32
33
38
39
32
28
41
39
39
29
32
38
36
31
31
32
34
40
43
37
31
31
34
47
24
38
45
54
29
30
36
39
34
35
42
36
41
34
30
42
46
39
40
26
28
34
41
27
36
27
28
28
34
31
36
38
30
37
30
33
42
27
48
41
42
30
41
35
36
40
40
42
29
37
34
20
29
43
38
42
32
31
26
31
38
33
26
27
35
33
31
25
38
31
28
27
48
35
32
26
31
38
50
31
38
31
27
29
30
41
29
37
35
31
40
44
32
36
35
33
28
31
32
28
24
24
30
42
27
28
29
40
33
23
21
30
37
28
15
21
29
25
25
26
28
43
32
29
29
34
34
30
35
26
21
33
35
25
27
23
23
28
26
20
20
30
26
22
31
17
21
29
24
23
23
26
29
23
22
23
18
26
33
24
16
24
27
21
17
29
19
21
18
28
21
19
23
27
23
16
14
21
28
25
34
18
13
20
15
24
19
20
25
15
12
22
18
27
19
23
22
23
26
26
32
10
27
19
16
19
21
25
26
22
24
26
22
24
22
27
24
24
42
40
23
30
30
32
19
25
24
21
21
18
15
24
19
24
17
20
22
18
23
17
19
21
30
15
16
15
24
16
21
19
16
20
20
31
32
19
22
27
19
21
25
21
20
23
17
18
26
20
14
30
18
19
15
15
16
23
15
11
23
8
16
19
21
19
19
21
21
16
18
15
23
20
20
22
17
20
18
21
21
19
13
31
16
14
18
17
15
19
13
23
16
16
17
18
19
16
21
15
14
22
26
16
24
21
21
14
20
19
21
22
12
17
19
18
23
15
11
25
23
19
15
15
15
18
17
11
11
15
23
15
20
20
27
10
13
12
14
10
26
24
17
14
25
40
49
70
85
108
161
201
194
208
160
130
85
50
29
33
26
20
28
15
26
19
16
17
19
18
20
12
16
15
13
19
13
20
16
16
25
22
15
21
16
10
19
19
15
16
17
20
16
12
23
22
7
10
14
4
13
18
17
12
14
13
18
14
27
18
26
10
14
22
9
11
13
18
11
21
21
9
10
13
16
12
18
10
17
16
18
19
15
16
18
13
19
21
14
13
21
13
19
10
14
13
8
18
10
18
17
19
11
17
26
22
19
12
20
9
11
19
12
11
13
17
15
12
8
24
7
17
16
14
15
15
18
12
16
10
22
20
12
13
22
19
12
14
13
12
14
10
15
20
16
19
19
16
15
15
10
12
13
9
11
14
12
17
8
18
8
9
22
18
9
17
10
23
15
13
16
7
9
9
15
12
15
10
14
23
24
37
31
73
126
232
313
434
500
558
567
481
405
303
188
81
54
26
23
18
10
10
20
19
20
4
2
10
23
10
12
12
8
7
13
9
9
13
9
11
9
15
11
9
7
6
3
8
15
11
12
8
14
12
12
16
8
9
10
3
5
7
4
7
11
8
8
8
13
8
7
6
13
10
13
8
16
15
20
18
10
12
7
14
8
7
10
10
5
12
6
8
5
11
7
12
10
10
9
8
7
5
6
14
11
7
6
8
10
12
7
7
10
7
14
12
5
9
9
7
10
9
4
8
7
12
7
7
6
11
9
8
8
7
10
8
8
7
7
11
10
9
6
8
8
12
9
12
7
10
8
8
10
7
5
9
9
11
11
13
11
10
9
10
10
14
7
3
7
4
7
6
8
12
8
8
12
9
8
6
9
7
8
10
7
8
9
10
6
7
7
9
8
12
9
10
8
11
6
8
17
10
7
7
5
6
4
9
7
10
11
8
11
11
11
11
7
5
6
6
7
6
5
7
5
6
8
4
10
6
6
8
5
4
6
10
6
11
6
9
5
8
10
8
8
6
12
5
8
12
3
7
7
4
8
6
3
13
7
13
9
10
5
10
8
7
4
16
4
3
6
8
9
5
12
4
4
8
3
7
4
2
6
5
6
3
14
6
10
5
6
10
7
7
7
4
7
3
8
7
4
4
3
2
10
7
6
16
12
4
3
4
11
5
4
7
7
6
6
6
13
2
10
4
8
7
4
2
7
4
5
3
5
3
5
8
10
8
8
7
9
8
5
9
8
11
8
4
10
7
5
8
7
5
6
2
5
6
8
8
10
8
6
8
9
10
4
6
13
10
5
6
13
7
15
10
11
33
43
61
94
87
116
122
99
87
62
42
18
14
14
8
13
7
11
6
4
8
5
6
2
9
8
7
7
7
5
6
5
9
1
8
4
3
7
5
5
11
7
4
6
3
5
5
5
6
6
5
4
7
7
9
6
4
4
7
3
3
6
6
6
4
9
7
6
4
5
6
5
4
7
7
2
4
6
3
5
4
4
8
7
5
7
2
5
4
5
3
3
6
3
10
11
11
11
11
20
12
12
12
9
6
10
0
8
7
5
5
4
8
3
7
8
4
6
2
4
6
5
3
4
6
2
8
2
4
3
4
3
7
3
9
7
4
11
5
11
7
2
2
5
3
7
3
7
7
8
5
15
11
17
13
24
26
22
11
14
11
14
13
6
3
11
3
1
2
3
8
2
4
6
1
8
2
3
7
7
5
5
10
4
8
6
1
7
7
7
5
3
3
8
7
7
4
7
5
1
6
6
4
6
3
5
3
4
8
4
4
6
4
2
4
6
4
8
13
6
3
4
2
8
3
5
3
6
3
3
2
5
6
7
9
6
1
3
6
5
4
4
4
3
2
10
2
8
5
4
4
7
3
4
2
2
2
7
4
3
6
5
6
7
2
8
3
3
4
3
9
2
3
4
4
3
4
7
5
5
7
4
0
5
6
3
6
5
4
6
5
5
1
7
8
1
2
4
5
1
3
4
5
4
7
1
7
5
6
2
3
6
3
3
4
3
4
5
7
1
6
5
4
3
3
3
2
6
4
4
2
5
6
5
4
4
5
6
5
7
2
3
4
12
16
23
25
44
55
62
74
61
56
41
44
24
9
7
7
10
3
8
7
2
9
5
10
7
6
6
8
6
8
3
2
7
5
5
7
6
5
10
4
3
7
3
5
6
1
4
5
3
0
3
5
2
4
4
7
7
5
4
8
5
1
6
3
1
4
4
4
4
6
3
5
4
4
1
4
1
6
5
5
2
4
3
1
5
3
5
8
5
8
10
7
7
10
6
9
8
8
6
8
6
4
2
3
5
2
6
4
2
1
5
3
1
3
8
5
10
2
1
4
2
5
3
7
5
3
3
4
3
4
2
5
5
2
8
10
5
5
1
8
4
6
4
6
3
3
1
4
6
3
4
2
2
3
2
1
2
5
7
3
3
5
7
2
3
6
4
2
2
5
6
5
2
4
0
0
2
3
2
6
2
6
8
2
1
4
5
6
2
4
4
3
4
4
6
3
5
4
3
5
5
1
5
6
5
3
4
1
1
1
1
5
4
2
7
5
6
3
3
3
5
2
3
4
2
3
5
2
6
2
3
1
6
4
6
4
5
4
4
6
3
7
8
6
9
7
5
5
4
1
3
9
5
2
5
4
2
3
4
3
1
2
4
4
7
3
7
5
6
3
7
3
8
3
6
0
4
3
2
5
4
4
6
4
3
3
4
4
7
6
6
8
4
3
3
1
3
6
2
3
6
5
5
3
2
6
2
6
10
4
1
6
3
1
2
3
3
4
7
7
4
4
2
3
4
2
4
3
1
4
5
2
4
5
4
5
1
3
8
6
6
7
3
6
6
3
5
5
1
2
6
4
3
4
4
4
5
1
4
4
2
2
1
3
5
5
4
3
1
4
5
3
1
3
3
4
5
4
4
7
4
4
2
5
4
4
3
6
2
0
4
4
3
2
4
5
3
2
5
4
1
3
5
6
3
5
5
6
2
5
5
5
7
4
2
2
7
4
1
2
5
2
7
2
3
4
0
5
2
2
7
3
6
2
3
6
3
1
3
4
4
2
4
2
4
6
6
4
2
4
2
4
4
4
2
4
3
3
5
5
4
4
4
2
5
3
3
3
6
4
6
2
2
1
2
1
4
4
4
3
6
1
5
6
3
4
3
3
4
4
5
2
8
3
0
3
3
6
6
1
2
2
4
2
3
8
2
4
5
3
2
5
5
4
3
3
0
4
2
6
4
3
3
2
2
6
5
5
3
3
7
3
1
0
2
5
4
5
1
2
2
1
4
2
4
2
4
3
4
3
4
2
1
5
5
4
4
1
7
5
5
3
3
3
4
2
5
8
11
8
9
10
10
11
13
7
7
6
5
6
3
3
5
2
3
2
1
2
4
6
7
2
1
3
2
3
5
5
4
3
3
3
3
2
2
0
5
3
8
1
10
10
9
7
9
2
3
6
3
4
2
3
5
5
7
3
1
3
4
4
4
5
4
3
5
5
3
2
6
3
5
4
3
3
2
5
0
3
6
1
4
1
4
0
1
5
2
4
6
6
3
5
4
3
1
0
5
3
1
4
6
4
5
5
3
2
4
8
8
4
3
7
3
5
7
3
4
5
5
5
2
3
5
5
1
1
2
2
3
4
1
4
9
3
5
5
5
3
3
5
3
1
4
1
1
8
3
2
2
4
4
1
4
3
6
1
4
0
4
4
1
4
5
3
7
3
4
2
3
3
1
1
3
3
3
1
2
4
5
3
3
2
5
7
3
5
3
6
5
2
0
5
2
4
7
2
7
4
4
5
4
4
5
2
3
5
1
2
4
1
2
4
2
4
6
2
2
3
3
1
3
2
4
3
3
3
4
4
2
2
2
1
3
2
2
3
1
2
1
3
3
1
4
6
1
7
5
7
5
2
6
5
4
1
2
6
4
2
4
2
6
1
3
6
7
2
3
3
5
3
3
3
4
4
1
4
2
2
4
4
3
4
0
4
3
3
2
4
2
4
2
3
0
3
6
2
2
4
1
4
2
4
4
4
5
2
5
2
5
1
6
3
7
2
3
2
5
3
3
2
4
4
3
2
2
8
5
5
3
1
2
2
8
4
7
5
2
2
1
4
3
6
9
7
2
5
2
4
4
2
3
5
3
7
4
3
1
4
7
4
4
2
2
2
3
4
10
3
3
4
2
1
3
2
5
2
4
0
4
4
5
1
6
2
2
3
2
1
4
3
3
2
4
4
4
2
4
4
3
2
3
2
5
4
2
4
3
3
3
8
3
3
6
2
5
4
3
1
3
0
1
2
5
3
3
2
0
5
4
6
2
1
4
5
4
4
6
4
3
1
6
2
3
2
4
1
5
4
5
1
4
2
3
5
1
2
1
1
9
2
3
3
5
4
1
1
4
2
3
7
4
1
6
2
2
2
2
1
3
0
7
0
3
5
2
5
4
0
6
3
5
3
3
1
7
2
2
3
1
4
2
1
4
2
5
3
1
7
3
2
5
5
3
4
4
4
2
5
0
2
5
3
1
1
4
6
3
4
1
3
1
1
5
4
3
1
3
3
1
2
4
4
2
1
3
2
4
2
5
2
5
7
2
2
3
3
1
3
4
3
7
4
7
1
1
2
5
5
4
2
4
2
3
2
6
1
4
5
5
0
7
4
2
3
5
2
2
3
4
5
2
5
4
1
2
4
2
2
0
5
5
4
3
3
2
3
5
3
2
5
2
3
5
4
1
4
3
1
0
4
2
4
6
3
3
2
2
4
3
2
0
4
4
1
2
1
0
4
2
6
4
3
4
6
3
3
5
0
3
3
5
2
3
2
1
8
2
5
2
6
4
4
5
2
4
2
3
6
3
3
2
7
2
3
6
4
3
3
4
2
0
7
1
2
3
3
3
4
5
1
3
5
2
3
3
3
8
5
4
7
3
2
1
3
2
5
2
4
3
4
2
1
3
4
2
3
3
3
3
5
5
3
5
1
1
3
3
1
1
4
4
4
3
2
0
1
4
6
2
3
4
5
4
4
1
5
1
5
1
0
1
1
3
1
2
0
1
5
3
3
3
2
3
0
3
1
5
3
4
2
2
6
2
5
5
5
7
0
7
5
5
9
5
6
1
3
4
1
2
6
1
0
1
9
3
2
10
4
2
0
2
6
2
2
3
4
3
7
1
2
3
3
0
0
0
5
1
2
3
3
2
1
3
6
5
2
2
3
4
5
2
3
3
4
2
1
2
6
3
2
2
2
2
2
1
3
3
0
1
2
0
5
4
4
1
4
2
1
3
4
4
1
4
2
3
5
4
2
6
1
2
2
2
4
3
1
1
3
1
3
3
2
4
1
5
1
2
3
3
3
2
3
1
3
1
2
0
2
5
4
3
5
3
2
2
2
5
3
0
5
2
5
0
0
9
1
6
1
1
3
4
4
4
2
0
2
0
6
1
2
0
1
4
3
0
4
4
3
3
2
2
1
5
1
2
1
3
3
1
5
0
4
2
1
0
1
2
3
2
3
0
4
2
2
5
2
3
1
2
3
1
2
4
2
5
3
2
3
1
1
4
3
2
4
10
4
10
14
12
13
13
19
19
13
12
12
11
9
5
2
3
0
2
5
3
2
1
4
5
6
1
1
3
2
2
2
4
0
2
2
0
1
4
1
2
2
2
2
2
4
7
5
3
5
2
1
3
1
3
0
1
2
4
2
2
1
3
0
5
1
7
4
1
1
5
3
1
2
2
5
1
4
2
2
3
4
5
5
4
1
1
4
5
3
1
3
1
1
4
2
1
2
1
3
1
5
5
1
2
1
7
3
2
4
3
5
3
2
2
2
1
3
1
1
5
4
2
2
2
2
2
0
2
5
5
1
4
2
2
3
5
9
7
1
4
8
3
7
6
8
0
4
2
3
1
5
6
3
4
3
1
3
3
5
4
1
2
0
6
1
3
3
6
7
1
7
2
3
1
0
1
3
3
4
4
2
3
2
1
0
1
4
3
4
5
3
3
2
8
0
2
0
3
4
2
3
7
0
2
3
2
3
2
3
0
1
3
0
2
2
1
3
3
4
5
2
3
3
2
1
3
1
1
5
5
3
1
3
0
0
2
4
3
2
1
2
1
1
4
1
3
2
1
4
1
3
3
2
3
0
5
1
2
4
2
3
6
4
2
2
1
1
5
4
4
2
5
5
1
3
2
1
2
3
3
0
4
2
3
3
4
3
5
6
1
1
2
0
3
5
1
1
2
3
2
1
2
4
2
2
1
1
3
3
1
1
3
1
3
0
2
0
1
2
2
6
3
3
2
2
4
4
0
3
5
0
1
3
3
1
1
4
7
4
7
6
6
17
24
26
22
25
24
25
24
15
21
6
8
4
4
4
4
8
9
6
6
4
6
2
3
5
2
3
4
2
7
4
3
2
5
5
6
2
2
1
1
3
3
3
1
3
1
3
2
1
4
5
5
0
2
4
3
2
2
5
1
3
5
3
4
1
4
3
3
6
3
5
4
10
18
9
8
16
9
19
15
15
11
7
4
5
3
3
0
1
3
4
5
0
1
2
4
6
5
3
3
1
1
1
2
3
2
0
4
2
2
3
2
2
1
4
2
1
5
3
8
2
4
3
3
2
5
2
6
2
1
4
3
1
1
4
1
1
3
3
3
4
0
3
1
1
4
7
1
4
1
4
3
3
2
2
1
3
1
4
5
4
5
5
2
3
1
5
6
4
3
1
2
1
5
2
2
4
6
2
3
3
3
4
1
1
2
4
5
1
1
2
3
3
1
2
3
4
7
4
2
4
9
2
4
4
1
2
1
0
1
4
3
3
3
5
5
5
1
2
5
1
4
2
3
1
0
1
5
6
6
3
2
5
4
3
5
9
3
2
2
3
2
0
3
6
2
2
4
4
1
1
2
2
1
2
3
3
4
2
4
4
2
2
4
2
4
2
4
3
6
4
0
3
5
4
5
1
3
3
3
5
3
2
1
3
6
5
6
3
4
1
4
0
3
0
2
1
2
4
5
2
3
2
3
5
6
0
1
2
5
10
3
3
6
3
3
0
5
4
3
4
3
3
1
5
1
4
1
1
4
4
2
4
4
4
7
2
0
6
2
2
2
5
1
4
4
5
3
4
2
3
8
2
3
3
4
4
7
6
4
1
2
3
3
2
2
5
1
4
0
2
1
5
3
4
4
3
3
2
2
2
4
2
4
3
2
3
2
1
0
2
7
3
1
4
2
2
5
2
3
4
1
1
3
3
1
4
1
7
4
5
1
3
7
1
1
1
0
4
2
3
2
0
4
2
2
8
5
3
1
1
2
1
1
1
1
3
3
3
1
3
4
1
4
0
4
3
5
3
4
7
2
7
6
5
3
6
4
2
3
1
4
2
5
3
3
6
2
2
3
3
6
4
4
1
2
5
3
2
3
2
3
5
2
3
3
4
1
1
3
3
4
5
1
2
7
4
0
5
3
3
1
3
6
0
4
3
1
4
6
5
5
4
7
2
2
2
4
2
7
2
4
2
2
3
2
5
2
3
3
1
5
3
2
2
4
5
3
2
5
2
5
4
2
3
3
2
3
6
5
2
3
5
1
9
5
4
5
4
3
1
1
6
4
3
4
1
1
3
7
2
2
3
2
4
1
2
1
0
3
1
7
4
1
2
2
1
3
3
2
2
3
8
3
2
2
2
0
3
1
4
1
4
2
4
2
2
7
4
1
5
2
4
1
4
1
2
1
3
4
4
3
0
5
1
4
3
1
4
3
3
1
3
1
3
1
3
6
1
6
5
3
5
2
2
5
2
3
5
3
6
4
2
4
6
0
2
4
1
4
1
4
3
4
4
4
5
3
5
2
1
2
2
4
4
1
0
6
5
3
2
7
2
5
5
3
3
3
6
3
3
4
3
2
6
0
3
3
5
1
1
2
6
3
2
4
7
2
5
2
5
1
2
2
5
2
2
7
4
3
3
3
5
2
0
4
3
1
6
3
3
4
6
4
7
2
2
3
4
2
4
3
1
4
3
3
3
7
4
4
2
3
1
4
3
6
5
2
1
6
2
6
3
2
3
4
4
7
1
4
5
3
5
5
2
1
1
4
1
2
5
4
4
4
3
2
5
2
2
4
6
5
3
5
3
3
6
5
4
6
6
1
4
2
8
1
5
6
3
1
7
5
4
4
4
0
7
2
7
3
4
3
7
4
3
3
2
4
2
3
9
1
6
4
3
4
2
2
6
3
4
2
3
1
3
6
5
5
4
1
6
6
4
1
1
0
2
4
3
3
5
3
2
4
0
3
5
3
0
3
5
4
7
5
3
2
0
2
3
3
1
6
4
2
7
1
1
4
5
2
7
5
4
3
7
0
3
6
6
4
4
9
6
3
2
6
2
1
4
4
4
2
3
2
3
10
2
1
6
6
3
7
2
4
3
3
2
4
0
3
7
4
3
4
3
1
4
2
5
5
3
2
2
4
2
2
3
6
3
4
3
3
5
4
1
3
4
3
2
3
2
4
5
3
4
2
8
7
4
2
3
4
4
3
4
5
3
3
2
3
5
1
4
2
3
3
2
4
2
4
6
1
6
2
2
5
6
3
4
4
1
5
5
1
1
3
3
4
1
3
2
5
3
2
3
2
1
5
4
3
3
5
2
3
4
5
1
5
2
4
3
2
1
0
3
2
8
6
3
3
3
2
4
3
3
4
4
2
3
2
4
3
0
0
4
4
6
4
2
3
0
3
2
5
2
5
8
3
5
5
1
7
3
2
6
3
4
7
0
0
4
3
1
3
8
6
2
4
3
1
4
5
1
5
2
7
4
2
2
5
3
2
5
4
5
4
4
3
3
9
3
7
3
2
3
5
3
2
2
0
2
3
3
3
3
4
2
3
6
3
4
3
2
8
3
2
1
0
2
4
3
4
2
5
1
2
4
4
6
8
2
3
6
4
3
4
4
1
2
4
6
1
7
3
3
2
4
2
5
0
3
8
6
7
3
5
1
2
5
8
3
2
3
6
3
3
1
4
2
3
4
4
2
2
4
4
1
4
2
1
3
3
4
4
3
2
2
2
3
1
2
5
5
0
3
1
3
3
6
2
2
5
4
3
2
3
2
4
3
2
5
6
3
3
4
8
2
4
1
4
5
4
5
3
6
3
3
0
5
3
3
5
2
5
2
8
6
3
4
6
6
7
4
7
1
1
0
5
2
5
2
5
2
3
2
1
4
4
6
5
5
4
6
3
2
2
5
2
4
7
2
2
4
0
1
3
5
9
2
3
3
5
4
7
3
2
10
1
3
2
2
2
5
2
5
7
9
14
7
9
11
29
21
23
24
23
24
20
17
17
20
11
19
8
7
5
5
2
8
6
8
4
3
4
6
3
3
3
2
2
7
3
6
5
1
5
3
6
5
4
3
0
6
4
3
6
5
2
1
3
1
6
2
4
8
7
5
1
6
5
5
2
4
2
4
3
3
2
2
6
3
4
9
2
5
7
7
6
5
1
1
4
5
3
5
2
1
6
3
2
7
5
4
3
5
4
1
2
9
3
3
7
6
3
8
5
4
1
3
1
6
5
5
5
3
3
3
6
4
2
2
4
7
0
1
6
2
6
5
1
4
4
4
3
4
2
5
9
5
4
1
3
4
4
8
1
4
4
2
2
5
3
5
2
2
3
2
3
3
4
3
4
4
8
4
9
5
5
5
2
7
3
2
3
3
5
1
2
8
3
5
4
2
7
4
3
6
5
6
4
5
5
5
5
5
7
4
9
6
9
5
3
1
3
3
4
4
3
1
2
5
3
4
7
5
4
6
6
2
3
5
3
3
3
5
10
3
6
5
4
1
1
4
6
2
3
5
2
5
4
4
5
3
3
6
4
1
2
5
3
2
7
7
8
3
2
3
2
4
4
2
6
3
5
3
3
4
2
6
0
4
7
8
6
1
3
5
4
2
3
4
4
2
4
5
4
3
5
0
7
3
6
4
2
1
4
5
3
7
6
3
3
9
3
3
2
8
3
7
6
2
3
3
4
5
4
6
4
7
4
1
6
4
4
4
3
3
8
11
3
6
3
5
5
6
5
3
2
5
5
2
1
7
2
4
6
4
9
3
2
4
4
3
3
2
8
7
5
7
5
3
3
3
1
3
4
3
4
4
2
5
8
4
7
3
5
7
5
7
6
12
3
2
1
8
8
0
4
11
4
8
6
4
5
4
2
6
5
4
5
4
7
4
6
1
2
5
3
5
8
6
6
4
8
7
2
7
7
3
4
6
3
5
3
4
6
6
5
3
5
3
2
5
3
7
5
6
6
4
5
2
3
5
3
4
3
6
5
4
6
6
2
8
5
8
9
7
4
9
4
3
3
6
4
4
5
8
4
8
2
5
2
7
5
4
8
9
4
4
5
5
4
6
6
7
2
7
7
1
2
5
10
8
9
4
11
5
3
3
11
6
5
6
9
1
2
4
6
6
5
4
5
9
4
5
5
6
4
6
6
3
3
4
3
8
10
7
8
5
6
4
4
7
10
8
2
4
5
5
3
5
6
9
3
6
4
4
5
9
6
1
4
7
7
10
5
2
7
1
2
6
2
8
4
4
6
5
2
2
3
9
6
12
5
5
5
5
5
2
6
5
5
7
3
8
4
5
5
3
4
3
6
3
5
5
6
5
6
7
6
8
12
5
7
3
2
5
3
9
7
6
5
7
14
5
0
7
7
3
4
8
6
7
9
4
7
6
11
3
6
9
9
4
8
9
10
2
7
10
8
7
5
5
8
8
9
5
6
5
7
3
4
7
6
8
9
5
5
7
10
9
9
6
5
6
7
7
8
8
6
8
7
6
11
4
7
7
10
4
11
6
1
7
7
8
8
5
9
7
6
2
5
4
6
4
3
6
6
11
3
11
6
3
11
4
3
7
7
4
6
4
6
2
6
5
5
5
2
6
4
4
4
1
6
1
3
6
3
4
5
1
5
2
7
3
6
2
4
7
5
4
5
4
3
6
7
5
1
1
4
6
2
5
2
3
7
3
9
9
5
4
6
4
2
2
6
3
6
5
1
6
3
6
2
4
6
3
6
2
4
4
5
3
3
5
3
3
2
3
7
3
5
5
5
3
4
6
0
4
1
3
7
4
1
4
1
2
6
4
6
6
6
5
2
3
2
4
5
9
4
3
1
6
6
5
2
2
5
3
4
4
4
1
2
4
5
2
2
3
4
6
2
5
3
2
5
4
6
2
6
0
3
3
1
2
6
3
4
2
4
5
5
5
1
6
2
2
1
1
3
2
1
1
3
7
7
1
4
5
3
0
5
5
3
4
2
2
2
3
4
5
5
9
0
6
1
2
1
2
4
4
4
4
5
4
5
4
1
4
5
2
0
3
4
2
1
4
2
2
5
3
3
6
4
3
4
5
3
1
2
6
2
3
7
1
0
2
1
4
2
0
3
6
2
3
5
1
1
3
2
4
1
3
1
3
2
1
3
5
2
5
0
2
4
2
2
4
3
1
3
1
7
1
1
5
3
1
4
2
4
1
3
0
4
1
2
1
3
4
4
1
5
2
1
2
0
2
2
2
1
4
1
2
2
2
1
3
0
2
2
3
0
1
2
3
4
2
2
4
2
4
2
4
2
1
2
2
4
3
1
1
3
1
5
0
1
3
4
0
0
1
5
4
2
1
4
3
3
2
1
3
4
1
0
1
0
0
3
2
0
1
0
0
1
1
2
2
1
2
0
2
0
2
2
1
1
2
1
1
3
5
2
1
0
5
4
0
4
2
2
0
1
0
1
0
0
2
1
2
2
3
0
0
1
1
1
2
0
2
1
0
1
2
1
2
1
1
0
4
1
0
1
1
2
0
3
0
3
1
2
1
1
1
1
2
0
1
1
1
0
0
0
1
1
0
0
1
0
2
0
1
2
0
1
2
2
3
1
0
0
1
2
1
4
1
0
1
2
0
0
1
0
2
1
0
3
0
0
0
0
0
2
0
1
1
2
0
0
2
0
1
1
2
0
0
1
0
0
0
0
0
0
1
0
1
2
3
0
0
0
0
1
0
1
0
2
1
1
3
1
2
1
2
2
0
0
1
2
0
3
0
5
1
1
2
0
0
2
2
1
3
0
0
1
0
1
2
2
1
2
1
0
1
0
1
1
1
0
0
1
2
0
0
1
0
0
1
0
1
2
0
3
2
3
0
3
1
1
0
0
1
0
0
1
0
0
1
1
0
2
3
2
0
2
1
1
1
0
0
1
2
0
0
2
1
0
0
3
1
1
1
4
10
8
19
24
43
58
75
86
123
122
145
144
141
147
138
104
65
64
26
21
8
6
3
3
5
4
1
2
3
4
2
2
1
4
1
2
4
2
1
2
1
0
1
2
3
2
2
0
0
0
1
2
0
2
1
2
0
0
0
0
1
2
0
1
0
2
0
1
1
0
0
2
1
2
0
1
1
2
0
1
0
0
0
0
0
0
0
0
0
0
1
0
0
0
0
0
1
1
0
2
0
0
0
1
0
0
2
1
4
1
0
0
1
2
0
0
0
2
1
0
0
0
0
0
1
0
0
0
0
0
0
0
0
1
0
0
0
0
0
0
1
0
1
0
1
1
0
0
0
1
1
2
0
1
0
1
0
0
1
0
1
0
0
2
1
1
0
0
0
0
1
0
0
0
0
0
1
2
0
2
1
0
0
1
1
0
0
1
0
2
0
2
1
0
1
1
0
2
0
2
2
0
0
0
0
0
0
0
0
0
0
1
1
1
0
1
0
0
0
0
0
0
2
1
1
1
0
1
1
0
1
0
0
0
0
0
0
0
1
0
0
1
0
0
0
0
0
1
0
1
2
1
0
1
2
1
2
2
0
1
0
1
1
1
1
0
0
0
1
2
1
0
1
0
1
1
2
0
0
0
1
0
0
2
0
0
0
0
0
1
0
0
0
0
2
1
0
0
0
0
0
1
0
1
1
0
0
1
0
0
0
0
0
0
1
0
1
0
3
0
0
0
0
1
0
0
1
1
1
0
0
0
1
0
0
1
0
0
0
0
0
1
0
0
1
1
1
0
0
0
0
1
0
0
0
0
0
0
0
0
0
1
2
1
2
0
2
1
0
2
1
0
0
0
0
1
2
0
0
1
0
1
0
0
0
0
1
0
0
1
0
0
0
1
0
0
1
1
0
0
1
1
1
0
0
1
0
1
0
0
0
1
0
1
0
0
2
0
1
0
1
1
0
0
0
0
0
1
2
0
1
0
0
0
2
0
0
1
0
1
0
1
1
1
1
0
0
0
0
0
0
1
1
0
0
0
0
0
1
2
0
0
2
0
0
1
0
0
0
1
2
2
2
1
1
0
2
1
0
0
0
0
1
1
1
0
1
0
0
3
1
1
1
1
0
1
0
0
1
0
1
1
0
1
0
2
0
0
1
2
0
0
1
1
1
0
0
0
0
0
1
0
0
0
0
0
0
1
1
0
1
0
0
1
3
1
2
1
0
0
0
1
0
0
0
0
0
0
0
0
1
1
0
0
1
1
1
0
0
0
1
0
1
0
1
1
2
0
3
0
0
0
0
0
1
2
1
0
0
0
0
0
1
1
0
0
0
3
1
0
1
0
0
1
0
1
2
0
1
0
0
0
0
0
0
1
0
0
2
0
2
0
0
0
1
0
0
1
0
0
1
1
0
0
0
0
0
1
2
0
0
0
0
1
0
1
1
0
0
1
0
0
0
0
0
0
1
0
0
1
2
0
0
0
1
0
0
0
0
0
0
3
0
1
0
2
1
0
0
0
0
0
1
0
0
1
0
1
0
0
0
0
1
2
0
0
1
1
0
1
0
0
0
0
0
0
0
0
0
0
0
0
0
0
1
0
0
0
0
0
1
0
1
1
0
0
0
0
0
2
0
1
0
1
1
0
1
0
1
0
0
0
1
0
0
0
0
0
0
0
0
1
0
0
1
0
0
0
1
1
0
0
0
0
0
0
2
1
0
0
0
0
0
0
0
0
0
0
1
0
0
0
0
0
1
1
1
0
2
0
0
0
0
0
0
0
0
0
0
0
1
0
0
1
1
0
2
0
0
1
0
0
0
0
0
0
1
1
0
0
0
1
0
0
0
1
1
0
0
0
0
0
0
0
1
0
0
2
3
0
0
1
0
0
1
0
1
0
0
1
0
0
0
0
0
1
0
0
0
0
0
0
0
0
0
0
0
2
0
1
1
1
0
2
0
1
0
0
0
0
0
0
0
0
0
0
0
0
0
1
0
0
0
0
1
0
0
0
0
0
0
0
0
0
1
0
0
0
0
0
0
1
0
0
0
1
0
0
0
0
2
0
0
0
0
0
0
1
0
1
0
1
1
0
0
0
0
1
0
1
1
0
0
1
0
0
0
2
0
0
0
0
0
0
0
0
1
1
0
0
0
0
1
0
1
0
2
0
0
0
0
0
0
0
0
1
1
0
0
0
1
0
0
0
0
0
0
0
0
0
0
0
0
0
0
0
0
0
0
0
0
0
0
0
0
0
0
0
0
0
2
1
1
0
1
0
0
0
1
0
0
0
0
1
0
0
0
0
0
0
0
0
1
0
0
0
0
1
0
0
1
0
0
0
0
1
0
0
0
0
2
1
0
0
0
0
0
1
0
0
0
0
0
0
0
0
0
0
1
0
1
0
0
1
1
0
0
0
0
2
1
0
0
0
0
0
0
1
0
0
0
0
0
1
0
0
0
0
0
1
0
0
0
0
0
0
0
1
0
0
0
0
1
0
0
0
0
0
0
1
0
0
0
0
1
0
0
0
0
0
1
0
0
0
0
0
1
0
0
0
0
2
0
0
0
0
0
0
0
0
0
0
0
0
0
0
0
0
0
0
0
1
1
0
0
0
0
0
0
1
0
0
2
0
0
0
1
0
0
0
0
0
2
1
1
0
0
0
0
0
0
0
1
0
0
0
0
0
0
0
0
1
0
0
0
0
1
0
0
0
0
0
0
0
0
0
0
0
1
0
0
0
0
0
0
0
0
0
0
0
0
1
0
0
0
1
0
0
0
0
0
0
0
1
0
0
0
0
0
0
0
1
0
0
0
0
0
0
0
0
0
0
0
0
0
0
0
0
0
0
0
0
0
0
0
0
0
0
0
0
0
0
0
0
0
0
0
0
0
0
0
0
0
0
0
0
0
0
0
0
0
0
0
0
0
0
0
0
0
0
0
0
0
0
0
0
0
0
0
0
0
0
0
0
0
0
0
2
2
0
0
1
0
1
1
0
1
1
0
1
2
1
0
0
0
0
0
0
0
1
0
0
1
0
1
0
0
0
1
0
0
0
0
0
0
0
0
0
0
0
0
0
0
0
0
0
0
0
0
0
0
0
0
0
0
0
0
0
0
0
0
0
0
0
0
0
0
0
0
0
0
0
1
0
4
1
2
0
1
1
2
4
1
0
2
1
1
0
1
1
2
1
2
1
0
0
1
2
3
0
0
1
1
0
1
1
2
0
1
1
1
0
1
0
1
1
1
0
1
0
1
2
2
2
0
0
0
2
1
1
0
1
0
0
0
0
1
0
0
2
2
3
3
1
2
2
1
2
0
1
1
1
3
0
0
2
0
0
0
1
1
1
0
0
0
0
2
0
0
1
2
2
0
0
2
0
0
1
2
0
0
1
0
1
2
0
1
0
0
1
0
0
1
0
1
0
0
0
0