0
0
0
0
0
0
0
0
0
0
0
0
0
0
0
0
0
0
0
0
0
0
0
0
0
0
0
0
0
0
0
0
0
0
0
0
0
0
0
0
0
0
0
0
0
0
0
0
1
0
0
3
3
8
12
17
17
24
31
39
48
39
42
41
46
38
54
61
50
57
62
63
49
88
85
78
65
75
77
87
81
77
79
87
96
95
95
80
112
100
98
111
108
101
125
135
124
135
134
169
152
144
152
144
167
172
164
213
175
120
112
118
138
130
130
108
154
151
165
177
196
180
207
184
185
173
190
156
171
164
141
138
150
140
121
137
131
127
155
139
144
172
147
145
183
148
152
189
194
195
192
190
172
155
186
172
177
167
164
162
166
146
137
122
113
138
126
126
117
101
111
99
104
125
124
128
128
116
165
129
130
130
130
124
132
126
134
137
127
132
150
125
144
138
144
151
151
153
139
146
123
108
154
131
121
152
124
130
108
134
142
133
127
135
156
143
145
136
174
143
151
168
137
154
157
146
128
130
127
135
121
120
141
120
125
123
107
140
119
141
138
134
126
120
131
136
135
125
131
160
134
123
120
129
155
136
133
132
149
138
123
117
121
143
152
152
148
119
146
129
134
120
139
129
147
131
127
150
134
129
132
131
146
142
131
139
149
123
150
125
148
126
141
115
144
119
130
124
131
107
123
126
114
118
116
113
140
149
128
137
128
119
119
144
141
130
114
128
126
140
128
135
121
131
115
140
113
132
140
139
133
111
119
125
119
108
102
113
106
122
109
129
116
131
113
122
112
89
103
92
118
123
129
124
119
119
138
114
111
118
114
124
123
132
105
122
116
110
112
124
107
92
122
141
108
117
137
112
134
104
131
97
104
113
115
142
111
108
102
120
101
126
124
118
113
129
115
103
112
111
132
119
126
127
117
103
99
99
96
116
113
110
114
122
108
114
123
106
124
99
111
114
122
110
115
118
120
117
122
104
106
103
128
103
97
102
137
129
104
102
114
149
142
123
118
104
123
120
99
103
119
104
120
106
100
111
97
127
93
114
96
123
112
117
114
126
115
113
111
118
111
98
105
115
131
121
109
130
119
100
105
139
120
121
117
115
96
103
116
101
104
99
114
103
99
96
122
127
107
126
85
108
116
123
112
120
120
105
112
117
92
102
87
109
98
105
92
100
97
115
109
134
104
113
115
104
113
115
108
107
99
108
108
144
193
296
470
782
1216
1829
2243
2581
2469
2217
1665
1095
739
477
381
279
205
150
109
118
83
71
62
60
65
67
67
62
69
71
83
69
53
52
63
80
71
61
64
67
60
78
65
65
64
65
46
59
58
60
50
62
71
75
50
53
67
49
45
54
40
77
53
65
59
53
43
55
47
49
41
58
53
53
62
50
51
47
51
56
52
59
46
54
63
48
42
48
44
54
56
63
43
54
46
57
48
43
40
52
46
71
66
76
82
115
143
142
149
149
119
89
80
64
41
49
50
51
37
57
48
61
44
51
39
44
53
46
47
50
40
53
63
56
52
81
70
61
68
48
49
38
46
44
37
49
59
47
47
48
60
51
34
64
46
50
46
36
42
57
56
73
75
127
130
165
207
200
201
168
106
84
59
51
38
42
40
39
53
42
45
34
51
39
48
44
38
38
45
50
54
44
30
39
44
42
47
40
43
36
34
32
40
54
55
47
43
36
58
40
38
35
37
41
39
41
48
37
41
40
49
40
44
44
43
49
44
41
48
42
42
39
45
45
41
43
58
48
49
57
43
47
45
40
39
53
40
35
43
36
54
37
42
36
49
29
46
44
51
49
40
43
44
43
48
34
35
37
47
39
45
23
38
51
38
43
43
43
38
47
29
35
43
37
43
42
46
48
35
40
28
41
40
31
39
47
49
40
37
59
28
39
45
41
39
49
36
34
35
39
48
43
44
29
40
38
36
40
36
44
46
37
33
37
41
43
32
36
38
39
39
34
44
34
51
38
40
44
51
39
30
40
38
36
51
48
50
47
38
43
38
35
33
48
39
39
42
41
36
38
29
35
40
49
37
43
37
26
43
37
27
34
37
28
38
42
38
39
39
39
38
43
53
37
49
48
42
33
50
43
41
48
40
44
27
38
56
45
49
43
32
47
43
36
35
45
43
38
45
36
44
34
39
43
44
34
41
40
41
55
30
45
45
39
39
38
35
33
35
32
28
35
38
31
34
36
30
38
34
39
34
41
41
30
30
39
30
33
36
34
38
32
26
29
24
28
26
34
25
24
30
21
37
24
31
21
27
28
31
32
35
24
29
39
30
24
31
30
30
31
27
29
29
32
20
33
35
16
25
37
24
32
23
36
19
31
24
19
18
26
24
23
29
22
27
28
23
31
28
24
18
19
31
24
20
23
23
24
25
20
29
27
21
24
27
22
21
18
35
22
23
22
30
23
20
21
22
22
22
26
32
22
27
26
29
34
31
19
24
33
28
20
25
32
23
17
17
37
30
31
29
37
43
34
34
36
26
27
27
22
23
22
23
20
16
17
27
20
23
25
23
24
31
24
23
20
21
24
16
17
30
22
22
23
29
26
20
14
18
26
20
21
25
27
22
18
17
23
14
24
12
25
21
18
12
18
25
20
21
15
26
25
24
19
18
17
18
15
16
15
20
24
19
15
21
20
13
30
18
26
22
17
23
19
13
23
25
22
24
30
14
21
21
14
19
20
25
19
22
19
25
10
20
24
11
18
19
27
19
14
16
27
21
11
21
16
17
20
34
19
22
15
18
17
19
24
27
21
16
22
20
11
16
19
17
16
15
14
20
19
17
16
32
16
31
32
55
67
99
149
196
199
232
237
190
147
87
76
47
34
22
28
25
17
20
25
21
17
25
19
17
19
22
17
21
19
16
17
16
13
20
21
19
14
15
21
14
16
21
17
13
15
16
24
17
14
18
17
22
18
16
25
17
26
26
9
24
15
22
16
15
21
13
19
15
21
19
14
21
11
17
23
22
12
10
13
19
19
13
12
18
20
18
17
18
12
17
17
18
23
11
23
17
18
12
12
15
18
24
9
8
19
20
17
13
17
20
15
22
17
13
18
18
14
11
23
13
16
14
14
12
16
18
15
13
17
14
7
10
18
12
21
15
15
13
15
9
22
20
19
12
20
17
15
20
24
13
16
14
16
12
17
18
20
12
16
21
17
14
12
9
13
16
10
11
16
10
12
17
17
9
9
20
8
19
16
9
17
12
12
26
31
40
88
132
216
304
481
589
722
703
659
513
329
215
134
45
29
31
16
16
14
19
23
17
14
14
18
18
13
15
11
11
10
9
8
7
9
11
16
12
13
10
11
17
16
8
10
10
10
7
13
11
10
18
15
7
15
6
9
11
12
11
9
14
13
14
8
12
10
10
10
14
10
15
24
22
16
14
17
12
8
10
10
10
9
7
9
7
12
15
3
7
6
15
11
13
9
9
15
5
6
11
15
11
17
5
12
7
5
13
9
10
7
6
12
9
10
8
12
15
5
16
5
9
5
19
11
6
10
7
12
16
7
11
12
8
5
12
11
9
12
12
8
11
6
16
7
9
16
14
12
12
17
6
4
10
11
8
10
14
9
8
12
9
13
14
11
8
11
9
15
8
6
11
11
11
6
8
8
14
9
8
8
5
9
7
9
11
9
8
14
8
8
12
14
8
4
9
12
10
10
13
9
8
10
5
13
10
11
9
9
5
12
16
12
8
15
9
13
12
8
7
6
9
7
8
7
5
11
5
7
10
7
11
6
7
6
2
8
5
7
6
5
6
6
11
6
8
11
9
9
10
7
7
6
8
6
7
5
10
7
7
5
3
2
4
6
7
8
8
11
4
10
11
12
9
7
10
13
4
10
9
9
9
6
5
10
9
6
8
5
6
4
9
4
5
8
9
9
6
6
5
9
7
5
8
6
8
7
8
8
6
9
6
7
9
11
6
5
9
8
13
12
7
2
11
10
8
9
8
5
8
7
10
4
9
7
5
8
4
5
5
6
7
5
9
8
8
7
5
9
10
9
11
12
8
12
8
2
10
8
5
5
7
4
8
6
6
10
5
7
11
4
11
9
17
28
41
73
88
131
143
129
146
141
84
37
36
20
8
11
9
11
10
6
10
10
10
4
4
4
8
7
10
10
5
5
4
8
5
9
4
3
5
4
10
7
5
4
8
9
9
4
14
8
0
7
8
7
10
9
7
11
4
3
8
4
3
6
5
7
4
6
5
7
5
3
5
16
3
5
7
5
9
4
4
6
5
10
9
4
6
5
7
5
4
8
4
5
5
2
8
8
9
13
17
19
20
16
15
10
12
3
9
5
7
7
7
3
4
7
7
6
2
4
5
4
6
3
5
8
6
3
4
4
6
4
7
2
11
7
5
4
2
7
4
6
4
3
7
7
4
6
9
7
7
12
9
10
19
17
18
27
22
14
12
14
14
12
14
7
7
6
7
7
4
2
6
7
6
8
5
7
12
9
5
7
8
11
4
7
6
11
5
6
8
9
3
7
10
0
7
7
8
10
1
6
5
4
6
5
8
5
5
3
2
8
6
7
9
5
7
6
9
5
11
4
5
4
5
9
3
3
4
9
2
7
6
3
4
5
5
2
4
6
4
8
6
5
6
7
10
7
9
5
4
3
7
1
5
6
9
2
6
5
1
6
1
5
3
4
3
7
7
3
2
4
12
4
4
6
9
6
4
5
2
2
10
5
9
6
2
2
6
7
6
6
6
9
11
2
6
4
4
5
5
6
3
7
4
7
4
2
6
3
5
3
3
3
7
6
4
2
7
2
4
5
5
3
5
6
4
6
4
4
7
4
8
6
4
5
3
4
3
2
1
5
6
6
10
15
19
30
34
53
72
102
88
82
67
53
41
15
13
6
3
5
3
2
7
5
5
5
3
6
15
3
6
1
5
11
8
2
7
6
9
1
3
8
7
1
8
4
4
4
5
2
3
3
7
3
4
1
3
4
2
4
1
6
5
2
4
6
6
6
7
4
5
1
6
3
4
3
6
6
5
7
2
5
5
1
6
4
3
3
5
3
3
8
14
9
13
8
8
8
9
9
4
9
4
5
3
4
3
4
5
5
6
4
0
2
7
4
3
4
6
6
3
7
5
3
4
5
0
3
4
5
6
6
2
2
4
2
5
10
9
11
5
7
9
7
10
6
5
2
4
5
5
4
3
5
3
8
2
5
5
4
4
2
2
4
6
5
1
2
6
2
6
5
0
3
2
5
2
3
3
4
3
4
6
7
4
12
2
4
3
2
3
1
6
1
2
3
4
2
6
2
5
5
8
2
4
1
2
3
3
4
4
3
6
1
3
4
3
3
5
4
7
3
4
4
3
5
3
6
8
5
3
6
4
5
3
6
4
4
7
5
7
4
4
6
3
6
8
11
8
9
7
4
4
8
2
6
6
3
3
2
5
4
5
2
6
4
6
3
7
3
5
2
4
5
6
2
2
8
6
8
4
7
3
2
1
3
2
7
6
7
3
9
9
2
6
9
4
6
3
2
6
8
1
4
4
4
2
4
4
3
2
5
4
3
4
4
4
5
7
5
4
2
7
3
2
5
4
3
3
0
2
4
4
4
5
3
2
3
3
2
3
2
4
1
4
3
4
4
1
0
7
3
4
4
2
1
3
3
4
7
4
1
5
4
7
4
0
5
0
9
6
6
3
3
2
3
1
1
1
2
3
5
5
1
5
5
4
9
4
7
6
10
4
2
4
7
6
3
2
5
5
5
5
1
7
5
7
3
7
7
9
1
7
6
11
0
10
6
5
2
5
3
6
2
3
3
2
9
4
4
5
2
4
2
6
5
5
1
6
3
7
2
2
1
3
1
4
4
2
4
3
5
2
5
3
7
7
7
2
2
3
2
5
2
2
6
4
4
3
4
8
6
4
3
2
4
2
4
1
4
3
3
1
1
3
3
2
1
3
4
0
3
3
5
5
1
4
3
4
6
6
2
5
4
3
2
5
5
3
4
9
7
2
2
4
4
2
2
4
5
4
4
4
4
3
5
2
3
2
3
6
3
4
5
3
2
5
4
3
5
1
8
3
1
5
2
4
1
3
9
4
2
3
4
4
5
1
5
1
2
3
3
5
1
5
1
5
3
10
10
6
8
9
11
8
12
14
13
5
8
5
6
4
4
4
3
4
5
2
1
6
2
6
5
1
2
4
1
5
5
1
3
4
4
4
2
6
10
8
7
4
11
11
7
7
6
7
6
5
6
4
4
4
3
4
6
6
4
2
6
4
4
2
5
4
3
5
2
7
3
1
2
7
3
6
5
1
4
1
3
4
5
7
3
1
6
2
3
4
5
3
3
2
5
3
2
3
4
4
5
2
3
4
4
2
4
6
5
8
2
10
4
5
5
6
4
4
5
7
4
4
3
4
3
3
2
6
8
3
5
3
3
5
5
2
0
4
6
5
2
3
8
6
1
1
5
7
0
5
6
2
1
3
3
4
3
2
8
4
4
1
1
3
1
3
6
2
3
3
2
4
4
4
2
5
4
1
4
2
6
2
2
4
7
3
3
5
5
6
5
6
4
2
8
3
10
6
5
5
5
5
6
6
4
2
3
3
3
1
3
5
5
3
5
5
5
7
6
3
3
1
6
5
4
3
7
5
2
7
3
6
4
4
5
6
3
2
3
4
2
3
7
3
4
1
5
4
3
5
1
3
3
4
5
7
2
4
7
4
4
4
3
4
4
5
3
4
7
8
3
3
4
3
2
2
1
4
1
8
3
5
3
4
3
3
1
1
2
1
4
1
6
4
2
2
2
8
2
1
5
6
4
4
2
7
2
3
5
5
3
3
5
1
2
5
5
4
4
4
3
4
2
6
6
1
2
0
1
4
3
1
1
5
3
3
5
2
4
5
9
1
1
7
1
4
4
1
2
6
5
2
2
3
3
0
3
2
4
1
3
6
4
4
7
4
3
1
7
2
4
6
3
3
5
3
3
9
2
4
3
3
4
7
1
2
6
3
4
1
5
7
4
5
3
2
6
4
6
6
4
0
2
5
2
3
1
4
5
4
6
7
2
3
5
5
4
6
5
6
3
9
4
3
3
3
3
7
3
2
1
3
2
3
3
3
3
3
0
7
2
5
3
3
0
3
1
2
4
1
1
0
1
5
3
1
6
3
10
1
6
3
2
5
5
4
3
2
3
5
4
2
9
1
2
4
6
4
4
2
2
3
5
3
2
4
3
6
1
6
3
3
2
5
4
3
4
7
7
4
3
3
5
7
0
5
5
3
10
5
5
3
7
5
7
2
3
4
4
1
3
3
6
7
3
3
2
4
3
3
3
5
2
7
2
3
5
2
5
4
3
2
6
2
1
1
3
2
3
5
4
6
3
3
6
3
3
3
3
1
2
4
0
2
3
3
6
5
4
9
1
5
5
3
3
2
5
4
7
3
4
2
4
4
1
0
2
3
1
6
4
1
5
3
1
2
5
8
2
5
3
5
4
4
5
5
3
4
4
2
5
1
4
3
3
2
3
5
0
5
2
2
5
5
1
4
2
5
7
2
5
4
0
3
4
3
4
2
6
2
6
2
5
2
4
4
1
6
3
3
2
0
2
3
7
3
6
4
5
2
5
4
4
1
3
4
2
3
3
3
2
3
5
3
4
3
4
1
3
1
6
3
6
2
3
6
3
2
3
3
6
2
4
1
6
1
2
4
4
2
3
4
4
5
3
2
4
3
3
3
0
2
1
5
3
0
0
5
2
4
3
4
5
3
3
3
1
1
5
3
6
7
2
4
4
1
2
5
1
4
4
4
4
3
7
8
1
3
2
6
2
4
6
2
6
2
8
3
2
2
5
0
2
2
6
3
7
3
3
6
3
3
11
5
7
5
5
6
8
3
3
6
2
10
7
5
3
3
7
5
4
9
0
4
2
3
6
7
7
8
3
2
3
3
4
4
3
1
1
2
5
3
0
4
4
3
2
2
4
5
3
4
6
1
2
3
1
5
3
8
2
4
4
1
4
3
3
4
7
1
2
2
2
5
4
0
5
1
5
0
1
2
4
3
2
5
4
4
0
3
4
3
2
3
2
3
4
4
3
2
3
1
3
4
1
1
2
5
2
1
4
2
2
1
4
2
2
5
3
0
2
3
5
4
10
1
5
3
7
2
2
4
3
4
1
1
0
1
1
4
2
3
4
4
2
2
3
3
4
2
3
0
8
7
4
4
5
0
4
2
1
4
3
2
1
3
6
4
6
0
3
1
6
3
2
3
3
2
5
7
2
1
1
2
3
4
1
1
3
3
4
1
3
3
2
4
3
4
3
2
1
1
5
3
4
3
2
6
6
5
5
1
2
3
2
7
2
10
6
9
10
17
12
15
21
21
20
15
10
7
6
4
2
3
2
6
3
1
7
2
6
5
3
3
3
1
2
3
1
2
0
6
1
2
1
3
5
4
4
4
2
3
0
2
2
2
3
5
2
6
1
3
3
5
0
1
2
0
2
3
2
2
4
2
2
2
2
3
2
3
5
4
2
3
1
1
5
8
5
0
2
2
3
2
5
2
5
3
3
5
2
1
0
6
4
0
3
5
3
2
3
5
1
4
2
1
3
4
5
3
3
4
7
2
5
3
4
4
3
3
5
5
2
0
3
2
1
4
6
1
4
3
4
2
4
2
5
2
7
3
3
9
6
6
2
4
5
3
5
3
4
2
3
6
1
5
7
0
3
4
2
0
1
1
2
1
1
0
2
7
1
3
0
5
4
1
6
4
3
1
7
5
4
1
0
2
4
3
2
4
2
5
5
4
4
3
4
2
4
5
1
3
1
3
3
0
3
2
5
2
3
2
4
4
2
3
5
0
1
2
5
3
1
3
1
3
2
5
7
5
1
4
2
3
4
3
5
6
4
3
2
2
2
2
4
0
3
2
5
6
5
3
2
2
1
2
4
5
3
7
2
0
3
1
3
2
1
3
5
3
3
5
2
8
4
1
3
2
3
6
0
2
3
6
2
1
5
2
0
1
0
2
3
3
4
3
2
1
3
1
4
2
2
3
5
1
2
2
3
4
6
3
4
3
3
5
3
5
2
5
6
3
3
1
3
1
0
5
0
7
0
3
0
3
5
4
4
6
8
13
19
18
29
27
32
35
31
24
28
14
16
11
7
6
5
6
3
5
7
3
3
2
2
3
4
4
2
6
2
5
4
1
4
1
7
2
1
2
3
6
3
1
3
3
2
3
4
5
5
6
3
4
2
5
7
2
2
3
3
5
3
7
6
4
5
1
4
4
5
4
5
9
7
8
15
13
14
11
16
20
11
10
11
6
7
3
5
3
4
1
4
6
1
7
3
1
4
0
0
4
5
2
9
3
0
1
3
2
2
3
7
3
3
0
4
2
4
4
4
5
2
2
5
3
7
4
2
3
5
2
4
2
4
3
2
3
1
2
3
3
3
1
3
7
4
5
1
4
2
4
4
2
3
5
4
6
0
6
4
4
3
4
5
3
5
4
2
6
1
3
1
2
1
5
2
5
2
3
1
2
1
4
3
6
3
3
3
2
6
1
3
3
3
3
6
6
1
6
0
4
4
3
1
2
1
6
4
3
1
4
3
1
3
1
6
2
3
4
1
6
3
2
3
7
4
3
1
4
1
3
4
5
2
6
2
4
3
2
7
3
4
6
5
3
2
4
2
3
1
3
7
4
5
3
3
4
6
2
1
0
1
2
4
1
2
3
2
1
4
3
3
5
0
4
6
2
4
4
3
1
3
9
3
0
3
4
4
2
5
2
2
2
0
2
3
2
6
1
2
8
3
10
3
5
3
3
4
2
4
1
3
1
1
6
4
4
4
3
4
7
2
4
2
5
3
1
7
3
2
6
1
2
4
7
8
6
5
6
9
0
6
3
5
6
3
5
6
3
6
6
3
5
5
2
3
2
2
3
2
1
5
5
5
1
4
1
3
4
3
4
6
1
2
6
3
3
2
3
5
2
4
4
3
9
5
5
3
1
4
3
6
4
6
6
7
4
0
8
3
2
1
2
3
3
1
3
7
1
0
1
8
4
2
8
5
4
0
8
3
2
4
4
3
5
4
2
4
2
0
3
4
3
2
4
2
4
2
5
3
3
4
3
3
3
3
4
4
4
4
6
6
4
6
8
4
5
2
3
2
3
5
6
2
2
6
5
0
5
3
3
4
1
5
4
2
4
1
6
3
5
3
1
3
4
8
2
6
5
1
4
7
4
4
2
1
3
3
5
2
4
1
3
3
3
3
5
2
4
1
8
1
1
6
3
4
3
5
4
4
3
3
5
5
1
3
2
1
0
1
4
3
3
4
8
3
3
2
1
5
7
1
3
3
5
2
2
3
0
8
2
2
3
3
5
1
5
6
9
6
4
5
2
3
4
1
4
4
1
2
5
2
5
3
3
3
4
6
8
4
5
2
5
2
3
2
3
6
2
7
2
5
3
3
4
8
0
4
6
4
2
5
0
5
5
5
4
5
6
5
2
0
3
2
6
3
2
3
2
8
4
3
6
8
2
5
2
2
3
8
2
5
4
3
7
1
6
5
3
2
3
5
4
3
3
2
5
3
2
2
3
1
9
6
8
6
2
3
2
0
3
5
4
2
4
6
4
5
6
4
2
3
3
1
2
4
6
5
4
1
2
1
4
2
7
2
3
8
3
2
2
4
2
6
3
1
4
3
4
5
5
5
2
6
2
3
3
0
5
2
2
1
0
2
3
3
2
5
2
5
3
0
6
1
3
3
3
1
0
7
5
2
6
4
1
5
1
7
3
7
4
4
5
3
5
4
1
2
2
4
4
2
2
3
4
3
2
4
2
1
4
1
8
5
4
2
4
3
1
11
6
5
7
4
6
3
2
4
2
5
3
4
5
3
4
1
6
2
4
4
5
6
3
0
3
6
4
4
8
3
2
5
5
2
2
6
4
4
6
4
3
2
2
3
5
4
5
10
6
3
6
4
6
4
5
4
2
5
6
3
1
4
5
6
9
5
7
4
2
7
7
3
2
1
4
4
1
5
2
4
3
3
1
2
1
3
3
3
1
6
4
3
4
5
5
4
5
4
4
6
0
0
4
2
5
3
1
4
5
4
3
2
2
4
6
2
4
4
7
5
4
6
1
1
4
5
4
3
3
6
3
5
2
2
1
4
8
3
3
5
4
2
4
4
3
3
4
4
3
4
6
3
5
2
3
4
3
6
5
2
3
6
0
4
3
1
4
6
5
2
5
1
3
6
6
3
3
4
7
2
6
3
5
9
3
3
1
6
4
6
3
3
2
4
4
6
3
6
3
1
3
5
7
4
3
2
4
4
6
3
7
4
7
8
1
6
5
2
3
8
1
5
1
5
1
2
6
1
2
6
5
2
4
3
5
5
2
4
3
3
5
4
3
4
3
3
8
4
5
5
7
3
3
1
7
3
4
6
4
5
3
5
3
1
4
3
0
3
5
5
4
5
2
5
1
3
1
3
3
1
6
3
2
8
6
6
3
4
7
7
0
3
1
3
1
3
3
5
3
6
2
5
2
2
4
3
4
4
2
7
3
7
5
6
5
10
9
3
6
4
5
3
4
4
2
6
4
2
1
1
6
5
7
3
2
2
4
2
4
3
5
6
6
2
2
7
5
5
6
4
3
3
3
5
5
6
4
7
3
4
3
5
6
3
9
2
7
2
3
9
2
0
4
3
4
5
2
2
3
5
4
4
2
5
3
1
1
5
3
4
8
3
1
4
1
1
4
2
2
4
3
3
4
4
4
4
5
3
4
3
6
2
4
4
2
8
3
3
5
6
2
0
3
2
3
5
5
4
5
4
3
4
6
4
3
5
2
3
2
3
2
5
2
6
5
2
5
1
8
5
4
3
8
6
3
8
3
4
8
5
5
1
2
5
4
5
5
4
4
4
1
3
3
8
8
4
2
6
8
4
7
4
2
5
3
3
5
5
5
2
0
3
2
7
8
5
7
4
2
5
5
2
6
4
6
7
4
3
4
8
2
7
6
2
3
2
4
1
7
4
5
5
3
4
3
3
5
5
2
2
3
3
1
3
1
6
4
4
2
4
5
4
3
4
7
4
8
5
7
13
14
18
23
17
21
29
34
25
27
26
15
16
14
13
10
8
6
5
6
4
4
5
1
2
6
4
2
2
5
7
5
6
5
4
2
3
5
3
5
4
2
4
6
7
8
4
8
3
4
5
5
3
6
4
2
2
2
3
3
2
2
10
7
5
7
3
4
4
4
3
6
8
7
7
8
3
3
5
4
5
2
5
1
4
6
2
4
2
7
3
3
4
6
3
10
6
5
2
8
1
1
5
7
2
1
4
5
4
8
4
5
7
5
4
4
3
5
2
3
1
7
3
3
2
2
3
8
6
1
6
4
5
6
6
8
4
4
7
4
6
6
2
6
5
5
4
6
2
7
0
3
3
4
4
0
4
4
3
3
2
6
6
4
1
6
5
5
3
7
1
4
4
1
2
5
4
6
2
7
6
4
7
4
4
5
2
3
9
2
6
4
5
3
5
3
2
5
6
2
5
2
1
7
2
3
7
4
5
5
6
5
6
6
2
2
6
3
2
4
3
4
3
5
3
4
2
4
4
4
1
1
7
6
3
8
10
8
7
5
2
7
4
5
7
4
4
6
9
2
6
4
2
9
5
4
3
8
2
2
4
4
7
4
5
7
8
1
5
2
7
8
4
3
3
7
3
5
7
3
4
8
6
8
4
4
2
1
3
3
5
6
5
8
4
2
7
4
5
1
9
5
4
4
5
4
8
3
7
7
3
8
5
1
6
1
4
6
4
6
4
6
8
5
6
5
3
8
6
5
11
4
9
4
4
4
7
4
10
4
8
1
4
2
4
11
8
5
5
6
6
6
3
4
4
6
6
6
6
4
2
9
9
4
2
3
5
6
4
4
5
6
3
4
3
11
8
1
4
6
4
5
8
2
6
11
4
5
3
7
7
7
9
6
6
7
9
4
4
5
3
5
8
9
7
10
2
6
3
7
4
9
4
7
6
6
4
7
7
2
9
3
7
8
5
5
9
7
8
6
7
2
3
6
5
4
6
3
6
10
6
8
3
8
7
5
4
6
7
6
7
4
5
3
5
6
8
5
3
4
4
2
3
5
6
6
6
4
4
6
7
7
7
7
5
10
7
5
8
2
4
8
10
4
8
4
3
10
5
2
8
7
4
7
3
6
6
12
5
5
4
3
9
9
5
9
8
5
8
12
7
11
4
3
5
6
8
6
7
5
8
4
8
4
6
12
5
11
8
8
4
5
3
6
4
8
6
10
6
10
8
5
5
5
5
6
8
5
4
10
8
9
10
4
3
7
9
4
4
7
2
4
10
4
6
11
4
10
7
7
8
9
7
4
5
5
3
8
4
8
8
3
4
7
8
4
7
7
6
13
2
8
6
11
6
7
4
12
11
9
4
8
6
7
6
10
7
6
7
14
4
7
5
5
14
8
5
8
4
6
6
6
9
3
6
5
8
9
4
6
8
2
10
5
10
6
6
6
7
9
7
4
5
5
7
5
12
7
8
6
7
9
3
8
7
11
8
1
4
11
6
3
8
7
8
9
7
8
4
7
3
4
8
7
8
4
7
8
6
4
7
13
4
8
7
4
10
10
8
9
5
3
5
9
8
7
14
3
14
10
4
6
8
7
7
11
5
13
11
6
5
5
9
8
7
9
5
9
7
5
4
6
6
10
5
5
7
4
10
6
3
5
11
7
4
5
5
7
3
1
5
10
5
3
5
3
5
7
6
1
4
2
10
3
7
4
6
4
6
9
7
3
11
8
6
4
7
5
2
3
4
8
3
6
4
5
2
4
7
4
7
2
5
9
2
9
7
5
2
2
5
0
1
6
3
3
3
2
3
4
8
4
4
4
7
2
2
11
0
1
6
5
7
5
4
2
5
1
6
3
3
2
1
3
7
4
4
2
3
2
2
9
4
0
6
4
3
5
1
3
4
3
2
2
2
3
2
2
4
5
2
4
6
7
6
5
2
5
4
6
2
3
3
2
2
5
5
4
3
4
6
8
6
2
7
4
3
2
5
7
2
9
2
4
2
4
1
5
2
4
3
5
5
3
2
3
6
4
3
4
1
1
3
3
9
4
1
3
3
2
4
1
4
7
4
5
2
5
4
5
3
1
2
3
4
4
4
0
3
1
4
2
5
2
4
7
2
2
3
3
5
3
0
2
3
3
2
3
4
7
3
1
4
0
4
3
5
6
2
2
7
5
2
1
5
6
2
4
3
2
4
2
4
1
4
7
3
2
1
1
4
5
5
2
4
2
4
1
1
2
3
2
3
1
1
2
1
2
3
3
1
3
3
0
5
1
2
3
3
1
8
4
2
3
1
1
2
1
4
1
2
2
1
0
3
1
2
4
3
3
0
1
2
0
2
2
2
2
3
3
0
4
2
1
3
4
2
3
1
2
3
1
1
2
3
2
1
3
0
2
3
1
1
4
3
0
3
1
0
3
2
0
1
1
3
3
0
1
3
2
2
1
3
5
2
5
2
6
1
0
1
2
2
0
3
1
2
0
2
0
1
0
1
1
1
0
0
3
1
1
1
1
1
3
2
1
1
3
0
1
1
2
1
2
1
0
1
0
0
2
3
0
1
1
1
1
2
2
0
2
2
1
1
3
1
0
0
0
1
1
0
1
1
1
0
1
0
2
0
0
3
0
0
0
2
1
2
2
0
1
3
2
1
0
1
3
1
1
0
0
1
2
2
2
2
1
0
0
3
2
2
0
3
1
1
0
1
0
2
2
0
1
1
4
1
2
1
1
0
0
1
0
2
0
1
1
1
1
1
0
2
2
1
0
2
0
1
1
1
1
1
1
1
0
1
0
1
0
1
1
0
1
0
0
1
0
2
1
0
3
2
0
0
0
0
0
0
1
5
1
0
2
1
3
1
0
0
0
2
1
1
3
1
1
1
1
1
0
2
1
2
2
1
0
1
0
0
0
0
1
3
2
1
1
2
0
0
0
2
3
1
2
1
2
2
0
0
0
0
1
1
0
2
5
1
11
16
23
42
42
80
99
102
130
169
202
172
172
120
122
102
68
44
26
22
8
6
1
2
0
4
2
2
3
1
1
2
2
5
1
1
1
1
0
1
2
2
2
1
0
2
2
0
2
0
0
2
0
0
1
0
1
0
1
2
2
0
1
2
1
1
1
0
1
0
0
0
2
0
0
1
1
1
0
0
0
0
3
1
2
2
0
0
1
0
1
1
3
0
0
2
1
0
0
0
2
1
0
0
2
0
1
1
1
0
1
1
0
1
0
1
0
1
1
0
2
1
2
1
0
0
0
1
2
2
2
4
2
0
0
2
1
0
2
0
1
0
0
0
0
0
1
0
1
1
0
0
0
1
0
0
0
1
1
0
1
0
1
0
1
0
0
1
1
3
0
2
0
0
0
0
0
1
0
1
2
0
0
0
0
1
1
3
0
2
0
1
1
0
0
1
0
1
1
2
4
1
3
0
2
1
0
1
0
0
0
0
0
0
0
0
0
1
0
0
0
1
0
0
0
1
1
2
0
1
0
0
0
0
1
1
1
0
0
0
1
0
0
1
0
1
2
0
1
0
1
2
0
0
0
0
2
1
1
2
0
1
3
0
0
1
0
0
1
0
0
1
1
0
0
2
0
0
0
2
0
0
0
0
1
0
0
0
1
2
0
0
1
0
0
0
4
1
0
0
1
1
0
2
1
0
0
0
0
1
0
1
0
1
0
0
2
2
0
1
0
1
2
0
0
2
0
1
2
0
0
1
2
0
0
1
1
0
2
0
0
2
0
0
0
0
1
0
0
2
0
1
2
0
1
1
1
1
0
0
2
1
1
3
0
1
1
0
1
0
0
0
0
0
0
0
0
0
0
0
0
0
0
1
0
1
0
1
0
0
1
0
2
1
1
1
0
1
0
0
0
0
0
0
0
0
0
1
2
0
0
1
1
2
0
0
0
0
1
0
0
1
0
0
0
0
1
0
1
1
1
0
0
0
0
2
1
1
1
0
2
0
0
0
1
1
0
0
0
0
1
0
0
0
0
0
0
2
0
0
1
0
1
1
1
1
1
0
0
0
0
0
1
1
0
1
1
0
1
0
0
0
1
1
1
0
0
1
0
1
1
0
2
1
0
0
0
2
0
2
2
0
1
0
1
0
3
1
1
0
1
0
1
0
0
0
0
0
1
0
0
1
1
2
2
0
0
0
3
0
1
1
0
0
0
1
0
0
0
0
0
1
0
0
0
1
0
0
2
0
1
1
0
0
0
0
1
0
0
0
1
0
1
0
0
1
0
0
0
0
0
2
0
1
0
1
0
1
0
0
0
1
0
0
1
0
0
1
1
0
1
1
1
3
0
0
0
1
0
1
1
0
0
2
1
1
0
1
1
1
2
1
0
0
1
0
0
2
1
0
1
1
1
0
1
1
0
0
0
1
0
0
1
0
1
0
1
0
0
0
3
1
0
4
0
2
1
1
1
0
0
1
0
0
0
1
1
2
2
0
0
3
0
1
1
0
0
0
0
0
0
0
0
0
0
0
2
2
4
0
0
1
0
0
0
2
1
0
1
1
1
2
0
0
1
0
0
1
0
0
0
0
0
0
1
0
0
1
1
0
0
1
1
1
0
0
1
1
0
1
0
1
1
3
1
1
1
0
2
0
0
1
0
1
0
0
1
0
0
0
0
0
1
0
0
0
0
0
1
0
0
2
0
0
0
0
0
2
0
0
0
0
0
0
1
0
0
0
1
0
0
1
0
2
0
0
0
1
0
1
0
0
0
1
0
0
0
1
0
1
1
0
2
0
0
0
1
0
0
0
0
1
0
0
1
0
1
0
1
0
0
0
0
2
2
0
1
0
0
1
0
0
0
0
0
2
0
0
0
0
0
0
1
0
0
1
0
0
1
2
2
0
0
0
0
1
0
0
0
0
1
0
0
1
0
0
0
0
0
0
1
0
0
0
1
0
0
0
0
2
0
0
1
0
0
0
0
3
0
0
0
0
1
0
0
1
0
2
0
0
0
1
0
1
1
0
0
0
0
0
0
0
2
1
0
0
1
0
0
3
0
0
0
0
1
0
0
1
0
0
0
0
1
0
0
0
0
0
0
1
1
0
0
0
0
0
0
0
0
0
1
0
0
0
0
2
0
0
0
1
0
0
1
1
0
0
0
0
1
0
1
1
1
0
0
0
0
1
0
0
0
2
0
0
0
0
0
0
1
0
1
0
0
0
0
0
1
0
1
1
0
1
0
0
1
0
0
0
0
0
2
0
0
1
0
0
0
0
0
0
0
0
0
1
0
0
0
0
0
0
1
0
0
0
0
0
0
0
0
0
0
0
0
0
0
0
0
0
0
0
0
0
0
0
0
0
1
1
0
0
0
0
0
0
0
0
0
0
1
0
0
1
0
0
0
0
0
1
0
0
0
0
0
1
0
0
1
0
0
0
0
0
0
0
0
0
0
0
0
0
0
0
0
0
1
0
0
1
1
0
0
1
0
0
0
0
0
0
0
0
0
0
0
1
0
0
0
0
0
0
0
0
1
0
0
0
0
0
0
0
0
0
0
0
0
0
0
0
0
0
0
1
0
0
0
0
1
0
0
0
1
0
0
0
0
0
0
0
0
1
0
0
0
0
1
1
0
0
0
0
0
0
0
0
0
0
0
0
0
0
0
0
0
0
0
0
0
0
0
0
0
0
0
0
0
0
0
0
1
0
0
0
0
0
0
0
0
0
1
0
0
0
0
0
1
1
0
0
0
0
0
0
0
1
0
0
0
0
0
0
0
0
0
0
0
0
0
0
1
0
0
0
1
0
0
0
0
0
0
0
0
0
0
1
1
0
1
0
0
0
0
0
0
0
1
0
0
0
0
0
1
0
0
0
0
0
0
0
0
0
1
0
0
0
0
0
1
0
0
0
0
0
0
0
0
0
0
0
2
0
0
0
0
1
1
0
0
0
0
0
0
0
0
0
0
0
0
1
0
0
1
1
0
0
3
1
0
1
2
0
0
0
0
0
0
0
0
0
0
0
0
1
0
0
0
0
0
0
0
0
0
0
0
0
0
0
0
0
0
1
0
0
0
0
1
0
0
0
0
0
0
0
0
0
0
0
0
0
0
0
0
0
0
0
0
0
0
0
0
0
2
1
2
3
3
0
1
1
0
2
3
1
2
1
0
1
0
1
2
1
0
1
0
0
1
0
1
1
6
0
1
1
0
3
0
1
1
1
0
0
0
0
1
3
0
1
3
1
1
1
0
4
0
2
1
2
1
3
1
2
2
3
1
1
2
1
1
2
0
3
3
1
0
0
2
0
0
1
1
0
2
0
1
3
2
0
2
2
1
1
0
0
2
0
2
0
0
0
2
0
4
0
1
2
1
0
2
0
1
1
1
4
0
0
0
1
2
3
3
1
2
1
1
0
1
1
2
2