0
0
0
0
0
0
0
0
0
0
0
0
0
0
0
0
0
0
0
0
0
0
0
0
0
0
0
0
0
0
0
0
0
0
0
0
0
0
0
0
0
0
0
0
0
0
0
0
0
0
0
3
3
5
10
16
18
22
29
41
34
31
34
42
54
34
52
51
53
50
50
53
62
59
62
65
61
60
66
59
56
69
68
65
68
85
79
94
89
74
75
87
85
96
89
103
91
75
86
99
124
105
112
107
121
138
120
126
127
101
76
93
88
92
86
96
101
86
110
98
93
100
95
108
104
105
107
108
95
111
86
99
106
99
101
100
97
115
114
116
89
106
88
103
100
81
92
106
88
110
104
112
124
105
139
111
100
107
103
100
105
139
95
104
103
101
102
101
114
111
103
116
81
112
112
95
111
103
106
118
89
93
124
96
98
96
123
99
119
118
108
113
120
117
107
139
107
99
113
104
120
98
106
108
97
93
122
127
123
118
124
116
128
136
108
115
112
106
126
94
124
129
123
119
121
93
129
101
96
123
127
129
109
107
94
107
105
109
114
94
95
98
111
116
118
129
107
118
115
110
118
141
106
102
117
99
125
100
102
80
101
105
119
121
129
124
113
112
131
115
106
97
134
102
111
145
97
111
120
107
122
107
123
108
119
103
111
107
115
132
126
121
110
139
125
116
105
104
104
109
120
121
104
119
108
120
119
114
122
111
110
99
118
115
114
90
98
83
113
105
119
104
117
115
115
118
107
131
117
108
129
118
110
107
129
116
124
124
115
109
117
117
103
113
137
102
125
116
87
108
110
105
116
102
104
107
118
92
114
115
99
106
111
89
106
125
106
108
121
96
123
92
114
93
104
129
120
104
101
86
128
115
113
100
100
121
110
104
99
117
101
83
113
118
97
111
95
95
107
99
101
106
105
109
88
115
109
91
121
104
105
112
100
98
94
123
85
110
112
104
102
90
125
117
89
94
114
97
113
83
93
105
114
108
111
96
120
116
100
112
99
96
100
79
111
95
110
100
110
84
101
84
95
92
89
102
104
119
120
93
116
92
107
91
109
108
99
128
121
97
102
104
109
98
119
81
101
94
107
98
114
105
103
105
101
127
96
108
110
128
93
116
99
105
113
96
101
112
103
100
86
100
123
99
129
91
113
94
96
114
88
112
116
108
98
108
97
108
123
108
82
110
107
103
118
120
102
88
111
104
101
97
110
94
129
198
300
515
794
1099
1491
1691
1643
1403
1019
709
473
356
226
195
152
112
90
70
63
62
54
57
46
64
48
54
59
66
56
56
60
47
52
63
48
59
60
52
49
51
65
67
57
61
55
52
58
41
47
51
43
51
62
38
70
48
42
49
46
54
56
41
41
49
53
54
49
44
45
64
59
52
57
35
53
64
47
47
42
53
55
45
50
45
59
44
51
47
52
45
35
41
44
56
59
46
41
40
55
48
40
54
67
89
98
120
137
106
96
65
67
59
60
41
48
49
63
56
71
45
37
40
43
43
41
38
45
51
50
43
44
45
37
50
57
67
42
43
42
41
43
45
46
35
42
46
59
52
51
44
40
49
56
51
48
39
36
54
35
48
74
79
92
124
143
131
139
101
111
56
36
48
40
39
47
35
25
43
41
41
44
38
34
49
39
46
40
34
37
26
37
34
31
44
37
43
42
31
57
52
40
48
39
33
36
40
34
41
44
48
31
36
41
43
35
39
32
33
44
37
34
35
44
34
33
38
39
45
38
30
30
38
32
46
46
45
51
45
29
31
40
39
43
37
32
44
42
31
43
34
32
48
32
36
39
36
39
38
26
32
35
34
45
38
36
31
38
34
48
40
35
40
32
44
33
32
40
38
38
32
33
37
30
40
35
35
25
40
38
38
32
49
47
35
35
38
31
46
45
35
32
37
41
37
29
37
39
31
31
31
20
34
36
29
26
44
35
33
35
26
26
29
32
22
35
34
30
45
21
32
36
32
37
28
38
43
37
38
43
31
35
34
20
43
35
27
35
27
23
24
37
44
27
32
27
34
39
39
42
24
38
33
32
28
34
28
24
42
23
34
27
31
40
33
28
34
35
38
42
25
41
46
27
44
39
34
22
34
29
40
37
29
23
47
44
28
31
25
45
24
33
28
32
37
37
37
35
47
30
32
39
24
27
34
30
31
22
27
35
25
26
23
40
37
34
40
39
29
34
38
33
34
30
24
29
44
29
31
25
29
33
26
31
20
21
32
33
22
26
18
34
27
29
29
14
24
31
28
26
27
33
29
22
35
25
26
18
25
33
24
35
17
26
30
31
28
27
28
26
29
19
32
28
19
20
27
29
20
24
26
21
24
25
28
29
29
29
28
16
32
20
25
33
32
15
20
15
18
20
21
24
29
22
33
20
18
24
37
25
31
28
34
22
22
18
34
20
18
24
26
29
16
29
18
16
18
17
29
28
19
28
21
20
20
32
30
28
16
20
20
18
22
21
18
23
18
29
26
33
26
29
26
22
23
31
21
17
18
21
23
21
24
17
20
17
14
23
26
20
18
19
15
15
12
20
23
16
39
17
27
17
20
18
23
16
14
13
15
23
25
16
22
21
15
16
10
18
19
17
17
23
19
17
23
21
20
18
9
30
19
19
25
15
19
14
14
22
24
19
20
22
11
11
14
22
12
17
21
21
18
18
19
17
16
14
17
15
25
21
16
21
13
14
16
17
20
18
30
23
13
20
18
16
23
16
21
20
13
14
17
15
21
18
19
18
12
25
19
16
26
22
14
17
17
10
19
19
13
15
15
13
16
20
16
19
18
15
16
16
18
21
18
22
26
37
62
80
96
156
203
176
207
148
131
84
63
32
26
25
22
23
14
18
19
16
14
16
19
15
19
14
11
22
22
15
14
16
16
18
21
19
13
21
24
14
17
10
18
14
21
20
21
22
14
12
21
14
14
17
12
13
11
14
16
14
21
16
17
23
18
17
18
16
10
18
15
13
26
21
13
13
21
10
15
13
15
17
14
19
15
20
14
17
17
12
13
15
13
18
15
12
23
14
14
17
7
13
13
11
16
12
22
16
15
17
21
17
16
13
16
11
15
11
15
14
13
8
18
17
14
19
8
15
24
12
11
7
15
15
16
11
9
19
15
16
12
18
10
12
7
11
16
18
9
18
19
16
12
10
13
18
10
15
13
17
10
13
13
13
12
13
11
15
13
10
16
15
10
7
11
11
10
14
16
13
17
15
13
12
17
27
53
76
140
200
351
475
512
556
503
421
309
167
102
55
18
24
11
14
8
12
12
11
19
8
8
12
10
7
10
13
8
10
14
11
15
8
8
10
9
7
11
10
5
12
5
14
15
1
9
10
10
7
7
12
7
8
7
18
11
13
10
12
9
10
10
13
11
13
9
5
11
17
18
14
14
10
9
13
13
14
8
13
10
10
9
7
10
11
10
13
13
10
11
9
10
11
7
4
6
11
12
9
12
7
8
10
10
7
6
7
7
5
13
16
7
7
11
7
10
16
13
7
12
10
7
10
8
9
5
3
5
9
9
9
6
11
9
13
10
6
14
11
4
6
6
9
9
12
15
7
12
7
6
5
8
8
9
5
8
17
5
10
9
4
7
6
7
8
10
8
6
11
6
7
7
6
5
11
8
8
9
8
11
15
10
7
7
9
14
6
9
7
7
7
7
14
9
7
9
11
6
11
6
7
8
13
13
6
8
8
7
6
9
9
11
10
6
8
7
10
13
7
5
7
9
6
8
9
1
11
9
4
11
9
8
9
2
7
9
3
8
9
6
6
9
12
6
5
11
4
7
12
7
8
7
6
6
4
6
11
7
8
9
13
9
6
2
7
4
8
6
10
3
8
4
4
3
5
7
5
5
7
9
8
6
4
6
12
10
6
7
10
4
7
8
4
5
9
5
7
5
10
7
8
4
6
11
6
4
3
9
6
3
5
5
6
6
10
3
6
8
5
11
9
4
7
7
8
11
3
2
6
5
9
4
4
10
7
2
6
5
2
4
6
5
10
4
5
8
4
5
10
6
6
11
4
4
8
8
4
6
6
6
7
7
10
9
7
6
6
8
11
14
12
34
48
50
60
90
110
115
93
98
63
42
21
17
16
9
4
8
4
8
7
8
10
12
8
5
1
11
5
3
6
3
10
6
11
4
7
3
4
11
6
4
7
3
8
3
8
11
1
3
5
8
6
2
7
6
6
6
5
4
4
4
5
10
6
5
12
7
5
4
6
1
0
3
9
7
7
3
1
5
3
6
6
3
2
3
7
6
8
3
3
3
3
10
3
3
8
11
9
11
16
14
11
8
5
9
8
8
4
6
12
5
6
2
7
5
6
3
2
5
5
9
2
9
5
1
1
8
4
6
3
3
7
4
5
6
4
7
8
4
7
6
5
5
8
2
3
5
6
1
7
9
8
16
17
10
23
17
33
23
14
10
7
7
5
4
2
6
5
3
7
3
2
5
4
1
4
5
5
6
6
4
4
8
9
2
5
10
4
9
3
7
5
3
2
7
5
3
8
5
2
6
5
6
2
6
2
2
6
4
5
4
6
9
3
4
6
4
5
2
4
1
5
3
3
4
9
2
6
3
4
4
7
4
5
3
5
6
5
6
2
3
3
3
5
3
5
5
3
1
4
1
7
7
5
4
6
7
3
4
5
3
7
4
5
4
6
4
5
4
5
5
4
2
3
12
2
2
6
9
8
2
4
6
5
1
7
5
3
8
4
8
5
7
6
5
7
6
5
3
3
3
5
1
1
5
3
2
4
7
4
3
9
4
4
3
4
5
6
2
3
3
3
9
3
6
2
3
3
5
4
4
4
3
4
3
6
3
5
8
4
10
6
11
5
3
9
22
40
53
70
60
55
59
60
35
28
13
13
6
4
2
5
7
4
4
6
5
4
4
6
5
5
3
7
6
6
4
5
7
6
3
4
2
6
4
4
5
5
2
5
2
3
1
7
4
5
4
5
7
3
8
4
3
3
5
6
6
4
0
6
5
1
6
5
5
7
2
7
3
6
8
4
2
2
5
1
7
2
4
3
4
7
6
4
5
5
8
7
12
9
8
4
6
6
3
4
2
3
5
8
6
5
4
4
6
7
3
4
1
2
6
4
6
4
3
8
4
3
3
2
4
4
7
3
2
3
5
4
4
4
7
8
7
12
3
4
7
8
3
1
9
3
5
6
6
2
5
4
7
4
2
1
3
3
5
2
3
4
6
2
4
1
2
5
3
3
0
2
5
4
3
5
5
3
5
6
3
5
7
1
4
8
3
5
3
1
4
3
3
2
4
3
1
3
4
4
5
8
1
6
3
3
1
1
4
3
6
3
3
5
5
3
4
2
6
4
4
9
1
0
0
4
8
3
5
2
3
2
3
5
4
4
7
5
4
7
9
5
4
9
3
8
5
4
3
7
2
4
2
5
4
1
3
7
2
3
2
7
2
4
7
2
4
2
5
4
4
4
0
1
2
1
3
2
4
4
5
2
3
5
5
6
2
1
3
2
4
5
3
3
3
6
4
6
2
7
2
4
6
2
1
1
6
4
4
2
4
4
0
4
8
6
4
2
8
9
6
1
9
3
4
3
3
2
2
1
5
3
2
1
1
2
7
4
4
4
3
5
4
1
3
7
3
4
2
4
1
6
2
2
6
3
4
1
2
2
2
3
8
1
3
1
2
4
3
2
4
1
1
2
2
5
3
1
2
6
1
4
1
3
1
4
4
3
1
2
4
1
5
4
3
3
3
4
5
7
4
2
0
5
3
4
2
1
4
2
3
2
3
2
4
4
2
4
3
5
4
4
0
5
3
5
2
0
2
7
3
2
5
6
6
4
0
4
1
4
2
2
4
3
4
5
4
1
3
2
2
6
6
2
2
3
2
1
5
2
2
5
5
4
2
4
4
4
2
6
3
7
6
3
1
3
2
2
3
5
2
5
8
4
1
3
4
1
5
3
5
2
4
7
4
4
3
4
3
4
3
1
3
4
4
7
3
7
3
6
6
2
4
4
8
3
2
3
5
4
4
2
5
2
6
4
3
2
2
3
3
2
2
3
3
0
4
1
4
5
6
8
3
3
3
4
3
4
8
6
0
2
0
5
6
4
4
6
3
3
5
4
4
2
5
5
8
6
6
8
4
11
11
5
9
3
1
3
0
1
3
3
2
2
1
4
3
1
5
1
4
2
4
1
2
3
6
3
4
3
0
1
2
7
2
3
5
6
6
6
4
6
9
6
6
3
5
4
4
3
5
0
1
3
2
6
2
6
4
5
5
4
2
2
4
4
1
4
5
2
4
1
8
6
2
4
1
1
3
7
3
2
3
1
5
3
3
3
2
0
3
5
3
4
2
1
2
4
2
2
1
3
3
2
7
4
1
4
6
6
4
2
5
4
5
3
1
5
5
3
1
3
3
6
0
3
3
4
4
2
4
4
5
4
3
2
7
2
3
1
5
6
1
2
2
3
6
5
5
1
1
3
4
4
3
2
4
1
7
1
5
0
2
2
4
5
2
3
0
6
3
2
1
2
6
2
5
4
1
5
3
2
4
3
1
4
3
2
2
3
8
2
4
3
2
6
3
3
6
5
3
3
5
3
1
3
4
3
3
7
2
2
3
3
2
1
4
2
3
5
1
4
2
6
3
2
5
1
5
6
4
4
4
3
3
2
5
1
2
4
0
3
3
1
2
3
5
0
3
2
3
3
1
4
2
1
2
4
3
0
4
0
4
0
1
4
1
7
3
3
3
5
3
4
3
2
5
4
2
2
2
5
2
3
3
0
3
3
1
4
2
2
2
2
2
3
1
0
8
3
4
1
2
6
3
6
4
4
4
3
3
2
5
8
1
3
1
3
1
3
4
4
6
2
1
0
6
7
1
4
0
2
4
7
5
2
8
4
3
3
1
4
4
3
4
3
3
2
2
5
4
2
0
4
1
3
1
2
1
4
2
2
1
7
1
4
2
3
1
6
5
2
1
3
5
5
6
3
5
2
4
2
6
2
7
1
6
2
5
5
2
3
2
2
6
1
2
3
3
0
5
4
4
4
8
1
2
2
3
0
1
3
4
3
1
7
5
1
2
2
3
1
6
5
5
1
2
2
2
4
2
4
5
0
4
2
4
5
6
2
4
2
4
5
3
1
1
2
9
3
2
2
6
4
1
5
4
7
3
5
1
2
4
3
3
4
5
2
3
3
3
5
2
2
1
4
5
3
1
3
4
5
2
4
3
5
2
4
2
4
1
5
5
2
5
5
7
4
2
3
2
5
5
2
2
5
4
4
3
2
2
3
4
4
4
2
3
5
2
5
4
4
1
6
6
1
8
5
4
1
4
2
5
2
5
5
6
1
5
2
5
4
5
3
1
3
3
4
2
3
5
2
3
4
2
7
4
1
4
1
5
5
8
2
1
2
1
2
4
1
2
3
2
4
4
1
5
2
3
2
2
2
3
5
5
3
3
2
1
3
7
2
2
5
4
2
5
5
2
2
4
3
3
6
2
4
3
0
4
1
3
1
0
4
0
2
1
0
6
8
2
2
3
2
3
1
4
4
1
3
7
1
3
3
0
0
2
5
2
6
3
7
0
3
1
5
4
2
0
3
4
2
1
5
4
2
4
0
2
3
4
2
3
4
5
3
4
6
1
8
4
3
7
4
7
3
3
1
2
9
4
5
3
5
3
4
1
4
3
4
2
1
2
2
2
3
7
4
3
2
2
6
2
4
4
4
3
3
6
2
4
6
2
2
4
5
4
3
6
3
4
3
4
2
4
2
2
1
1
2
2
4
1
7
3
2
0
1
3
4
4
0
2
2
3
2
2
3
5
0
2
0
2
1
1
3
3
4
3
2
1
3
4
3
3
2
0
2
1
2
2
2
3
5
2
2
3
3
2
2
1
4
1
3
4
1
4
4
3
5
3
3
5
1
6
5
1
4
3
1
0
2
1
0
4
2
4
3
2
1
6
4
3
4
3
5
1
2
5
5
2
2
2
3
6
6
2
4
4
2
2
4
4
4
6
1
3
3
2
6
6
3
2
2
3
1
6
3
5
1
2
5
1
0
3
5
2
3
3
5
3
1
4
2
2
3
5
1
0
1
2
3
5
2
5
0
2
5
0
4
3
2
0
2
3
2
4
3
4
2
2
2
5
4
5
1
2
3
3
2
4
4
2
5
3
4
3
2
0
4
0
4
3
3
1
5
2
6
2
4
2
2
2
2
5
5
1
2
5
3
2
2
2
4
0
1
5
4
4
2
2
2
5
3
3
3
3
4
2
4
4
2
2
2
3
1
3
2
3
1
3
3
2
5
1
2
4
2
3
3
4
1
1
2
1
3
1
3
5
3
6
4
7
13
7
8
16
16
26
18
17
12
9
7
6
3
2
6
8
7
2
2
2
1
3
0
2
5
2
3
1
1
4
1
1
5
5
4
2
3
3
1
1
3
2
2
3
5
3
3
2
4
0
3
1
0
2
2
2
4
3
1
1
3
6
0
1
3
5
3
4
5
2
0
4
0
3
3
4
4
1
3
1
1
2
1
1
2
3
1
2
1
3
2
0
3
2
3
5
6
4
0
2
2
3
3
3
4
2
3
3
5
2
2
2
1
1
2
3
3
3
0
1
4
6
3
4
5
4
3
3
5
6
1
2
4
4
3
2
1
4
4
5
4
4
4
5
9
2
4
2
3
3
3
3
4
0
4
2
0
1
3
1
3
3
5
2
4
3
2
4
2
3
2
2
1
0
2
1
3
1
3
2
2
3
2
2
6
2
1
6
3
3
4
1
1
0
2
2
3
3
4
1
2
3
2
2
2
5
1
3
1
2
3
5
3
3
2
4
2
3
5
4
0
4
1
4
1
1
4
4
6
3
2
3
2
2
1
2
2
3
4
4
1
4
2
1
1
3
0
2
1
3
1
3
0
4
1
1
4
1
4
0
2
3
1
2
3
2
1
4
0
2
2
2
3
1
5
4
1
1
3
1
4
2
4
4
1
1
3
4
3
1
0
4
1
5
1
2
3
1
4
2
0
2
2
1
2
2
2
2
1
1
2
3
3
0
4
3
1
5
4
2
3
2
5
4
3
4
4
4
3
0
4
2
0
1
2
8
2
2
3
7
5
14
12
18
20
28
22
26
28
18
15
9
9
4
2
0
1
4
2
3
2
5
1
1
2
1
2
7
2
3
2
1
5
4
0
2
4
5
1
6
3
7
2
8
2
6
3
2
6
2
1
2
3
5
4
4
3
2
2
3
2
3
4
6
0
3
2
2
5
4
2
3
2
6
11
10
10
19
17
18
16
13
4
9
4
1
3
9
5
6
2
7
3
4
1
4
2
2
2
1
1
5
5
3
1
1
2
2
6
3
0
5
3
3
4
4
2
2
1
4
3
0
2
5
2
2
1
4
3
3
2
2
3
2
2
4
2
3
3
6
3
4
1
9
2
3
4
3
1
0
4
4
4
5
8
3
3
6
4
1
4
3
2
4
1
6
3
3
4
4
6
4
7
9
1
2
1
4
3
4
3
1
1
3
2
2
1
1
1
2
4
4
2
3
2
2
6
4
2
3
1
1
5
7
4
3
5
5
4
0
1
1
3
4
6
3
4
3
2
1
4
2
4
3
4
3
3
4
3
2
2
4
1
1
6
2
5
2
5
2
7
2
3
1
4
0
3
3
4
4
1
3
3
3
6
5
3
5
2
3
3
2
1
0
3
2
4
4
2
5
2
6
2
2
1
3
3
2
5
9
4
6
5
3
4
2
1
4
0
4
3
7
5
4
4
1
2
5
5
3
6
1
1
2
6
5
3
0
3
3
3
2
2
3
3
2
4
2
2
1
1
1
0
2
1
3
3
2
1
1
5
2
5
0
2
3
3
2
0
1
4
4
4
2
2
4
4
3
5
4
1
4
3
2
7
2
4
8
2
1
5
1
1
2
5
6
3
6
4
0
2
3
2
3
0
2
3
3
2
3
0
5
2
6
3
5
7
4
4
2
2
1
4
2
4
0
3
4
3
3
2
2
5
4
3
2
4
2
2
1
2
7
2
3
2
4
5
3
2
3
2
1
3
3
2
3
1
2
1
4
4
1
1
3
1
2
4
1
2
4
4
3
3
3
5
5
2
5
4
4
5
2
4
3
7
5
1
3
5
3
2
2
3
3
1
2
6
3
3
2
3
5
4
2
6
3
2
2
5
3
2
0
1
0
4
7
1
4
3
3
7
3
1
2
4
4
3
1
1
5
3
1
5
1
2
4
3
7
2
5
1
2
2
3
2
1
4
3
3
1
4
2
4
2
2
5
4
1
4
4
1
2
1
1
3
7
3
6
5
4
3
2
4
2
2
5
3
3
1
0
2
2
4
2
7
0
2
4
4
7
3
1
1
6
3
4
0
2
1
3
5
4
2
3
4
5
3
4
5
2
3
3
0
3
2
7
0
1
4
4
1
3
2
4
5
6
4
2
4
2
7
3
0
2
0
2
2
6
3
5
1
2
2
8
3
4
3
3
4
3
3
4
2
4
4
3
4
2
7
3
3
2
4
2
3
2
4
0
4
4
4
4
4
1
2
4
1
3
4
7
2
1
4
4
1
1
4
0
3
2
2
1
1
2
4
1
6
4
1
4
1
3
6
1
6
3
2
4
2
2
2
8
3
3
4
3
5
7
4
4
2
2
3
2
2
5
6
6
4
3
8
3
2
4
3
2
4
1
3
1
1
1
4
6
7
3
2
3
3
3
4
4
5
4
5
4
4
1
6
8
2
7
2
3
5
4
6
4
4
2
3
4
1
4
3
6
3
4
2
5
5
3
2
3
4
3
3
2
3
2
5
5
5
0
1
2
5
1
6
1
0
5
1
4
1
3
4
3
2
2
4
3
2
1
4
2
5
3
4
3
1
4
5
2
1
3
6
3
5
0
4
1
4
5
3
4
4
0
7
3
7
4
5
2
0
4
3
4
1
4
1
3
1
1
1
4
5
1
1
3
4
1
5
2
4
5
5
3
1
4
2
3
5
6
3
2
3
6
1
5
4
3
6
6
5
1
4
2
0
1
4
3
2
3
6
3
6
1
3
0
1
4
3
0
3
2
2
2
2
3
0
1
7
5
5
3
2
5
1
2
3
4
5
5
2
3
3
5
2
2
1
1
4
10
1
0
5
2
4
4
4
2
6
9
3
4
5
1
6
1
2
4
3
5
3
4
4
5
6
6
2
6
3
6
1
5
3
4
3
3
5
2
3
2
5
3
1
6
5
2
1
2
3
3
4
1
3
5
4
2
3
4
1
4
7
1
1
1
1
2
5
4
5
4
4
3
7
4
2
2
1
4
3
4
6
5
2
1
7
4
6
4
3
2
4
5
2
2
3
3
2
6
4
2
4
4
1
3
4
3
1
0
4
5
2
7
9
6
3
3
1
2
2
3
0
3
4
2
2
2
5
2
6
5
1
2
3
3
2
4
8
3
4
3
8
3
1
2
3
3
3
2
2
3
3
1
1
1
3
4
2
3
1
5
3
6
2
4
1
5
4
6
2
3
2
0
3
0
6
4
3
4
4
2
4
5
5
4
1
3
1
4
4
5
2
4
3
4
0
3
1
2
1
1
2
7
1
1
1
2
2
3
1
1
4
1
1
4
2
1
4
4
2
6
5
1
2
7
1
1
4
4
3
2
5
4
3
3
2
3
5
5
2
7
2
1
7
4
3
4
4
2
6
1
5
1
2
5
3
1
6
6
2
2
2
4
4
5
8
8
2
2
1
5
1
1
4
2
1
2
2
3
0
1
3
4
2
3
2
4
4
6
3
4
6
4
3
1
3
0
0
3
5
5
7
3
3
9
3
3
5
3
2
1
3
3
1
1
1
3
3
1
3
2
4
0
0
4
3
3
1
3
1
4
1
3
5
4
4
7
3
7
1
2
2
5
3
4
4
1
2
6
2
3
0
1
5
7
4
5
0
4
5
1
2
4
2
2
2
1
0
2
0
1
4
7
1
1
4
2
3
7
2
2
3
3
2
2
4
2
9
3
2
4
2
3
3
2
1
3
4
5
5
3
3
4
2
2
3
2
7
2
3
4
5
5
9
7
5
6
14
17
17
19
14
24
25
23
21
17
18
14
10
6
8
3
5
7
4
5
4
5
2
5
3
7
7
2
1
3
4
7
5
1
1
4
1
6
1
4
6
4
2
6
7
5
6
5
4
5
3
4
1
4
4
5
0
2
6
3
4
5
4
4
3
4
2
4
2
4
1
2
0
3
5
2
5
4
3
1
4
2
3
3
4
9
3
6
2
4
3
4
4
4
3
4
6
2
5
4
6
5
1
8
3
0
3
3
3
4
4
5
6
4
5
2
4
3
5
2
1
6
0
4
1
3
4
5
1
3
2
6
4
2
5
3
3
7
5
2
1
8
2
4
5
3
3
3
1
3
1
2
3
1
7
5
6
6
5
4
1
3
1
4
5
5
2
4
4
3
3
4
5
7
3
3
4
5
4
12
4
5
5
10
5
5
4
2
4
2
6
2
3
2
4
7
3
4
3
7
4
3
4
2
3
8
3
4
6
4
3
4
4
2
4
2
6
5
6
5
1
3
4
7
4
8
5
1
1
6
2
3
4
7
1
1
1
3
1
4
1
3
5
6
7
4
4
5
2
2
1
1
4
2
3
7
8
5
3
1
2
6
4
3
5
6
1
2
3
2
6
4
3
3
10
8
4
4
7
1
6
6
5
4
2
5
1
7
7
5
5
4
4
1
6
3
6
7
5
6
8
1
2
6
2
4
2
6
4
3
5
5
4
5
3
3
3
6
4
6
7
5
6
4
2
3
6
7
3
2
2
2
5
3
3
2
6
4
2
7
5
8
5
7
2
7
4
7
7
2
2
4
3
4
3
6
2
5
1
1
7
4
4
5
3
5
4
2
5
4
1
3
8
2
5
1
6
4
4
5
3
3
5
5
1
8
2
1
2
6
3
5
4
7
2
7
3
3
6
2
5
4
0
4
8
6
4
4
1
7
5
2
8
6
3
2
5
4
4
5
3
6
6
1
5
3
4
6
8
3
8
3
1
6
6
2
7
4
7
6
6
4
4
2
6
3
4
7
4
5
5
2
4
6
6
4
4
3
4
4
4
2
7
8
2
2
5
5
3
4
4
2
1
6
6
6
4
7
5
6
7
7
2
6
5
4
5
3
5
4
4
3
5
8
3
5
4
5
5
4
2
4
5
10
3
1
1
5
7
3
4
3
4
3
4
1
7
7
6
2
3
3
5
6
2
3
3
7
4
6
11
5
3
6
3
4
2
8
5
6
3
9
5
3
4
8
5
3
4
6
9
6
5
3
6
3
8
4
5
6
5
9
6
4
1
3
2
7
4
3
4
7
6
7
6
5
6
7
12
6
6
4
9
3
6
3
3
4
5
5
8
4
6
2
1
10
6
4
8
3
4
8
2
3
3
4
5
5
5
4
6
4
8
6
3
4
8
0
2
3
6
7
7
3
4
3
2
5
5
5
7
5
6
8
5
4
7
1
7
4
11
7
5
3
4
5
9
6
4
8
5
4
4
7
10
3
4
6
12
6
4
7
4
7
5
4
6
4
0
5
6
7
4
4
4
2
5
8
5
8
8
5
3
7
6
7
10
3
6
6
4
6
5
11
5
4
8
4
7
6
9
4
3
5
6
4
8
5
3
3
3
2
4
6
1
4
4
6
9
4
6
5
10
3
6
6
8
3
4
4
8
7
6
2
4
6
4
2
4
7
4
6
3
7
7
9
3
1
6
4
3
4
6
3
4
3
4
5
5
7
3
3
3
5
4
4
4
6
6
4
4
1
5
3
4
2
4
4
3
0
0
3
2
1
3
3
3
4
2
8
3
3
4
4
7
8
5
2
4
0
5
1
2
1
1
6
4
2
0
5
4
5
3
3
2
4
6
3
4
5
3
1
4
2
3
4
2
2
4
2
4
1
3
1
3
4
3
8
4
5
3
2
4
5
3
5
7
4
3
2
5
3
4
5
3
4
5
4
2
3
6
2
2
2
2
0
2
6
3
4
4
3
4
3
4
0
3
3
4
2
3
3
3
7
2
6
3
5
3
4
3
1
3
5
4
4
2
3
5
3
4
4
3
4
7
3
3
5
3
3
6
3
5
4
5
3
4
0
4
2
2
1
0
2
2
0
2
3
3
4
3
4
1
3
2
3
1
2
3
4
5
2
5
5
7
1
3
1
1
4
0
2
4
1
6
4
1
2
0
0
3
2
1
4
1
0
6
5
3
0
3
2
2
2
3
2
3
2
2
2
3
2
1
3
4
1
2
1
2
3
1
2
2
2
4
3
2
2
2
0
6
2
2
7
3
2
2
2
1
1
1
3
1
0
3
1
0
2
1
1
0
2
4
3
5
1
2
3
2
1
2
2
2
2
2
2
3
1
0
2
2
2
1
0
0
1
2
3
0
1
1
3
3
1
4
2
0
1
1
2
1
0
1
4
1
0
2
3
1
2
0
2
1
2
6
2
2
2
1
1
1
1
2
2
1
0
0
1
2
2
2
3
1
1
2
1
3
3
0
1
2
3
4
0
3
0
2
0
0
2
2
3
0
0
1
1
5
0
3
1
2
1
0
2
1
0
0
1
1
1
1
0
2
1
1
0
0
1
0
0
3
2
0
0
0
1
3
0
1
1
1
2
0
1
1
0
2
3
2
0
0
0
0
1
2
0
2
0
1
0
1
3
0
1
2
0
0
3
1
0
0
0
1
2
1
0
1
0
0
2
0
1
5
1
1
0
0
1
1
0
2
2
1
1
1
0
1
3
1
1
0
1
0
1
1
2
1
1
0
0
0
0
1
0
1
0
1
1
1
1
0
1
1
0
2
1
0
1
0
1
1
1
1
0
0
0
0
1
1
2
1
0
1
0
2
0
0
0
1
1
1
1
2
0
1
1
1
1
1
1
1
1
1
1
0
1
1
1
3
0
0
1
1
0
0
1
2
1
0
0
1
0
0
0
0
3
1
1
1
0
3
0
2
2
2
1
1
1
1
4
3
0
3
2
2
8
10
20
38
50
65
87
113
139
138
141
152
115
109
78
66
40
19
11
7
3
5
0
3
1
2
1
1
1
1
1
2
3
0
1
1
1
0
0
0
2
1
0
1
0
1
0
0
3
0
0
0
0
0
3
0
0
1
0
0
0
1
0
0
0
1
0
1
0
0
0
1
1
0
0
1
0
1
1
0
0
0
0
0
1
1
0
0
1
0
0
0
1
0
2
0
0
0
0
1
0
2
1
0
0
1
2
0
0
0
0
1
1
1
0
1
0
0
0
0
0
0
1
2
0
1
0
0
1
0
0
0
1
0
1
0
0
0
0
0
0
1
0
0
0
0
0
2
3
0
0
0
1
0
1
1
1
0
0
0
0
0
1
1
0
0
1
1
0
0
0
2
0
1
2
1
0
0
1
3
0
0
0
0
0
1
0
1
0
1
1
1
1
1
1
1
0
0
1
0
0
0
1
0
1
0
1
0
0
0
0
0
0
1
0
0
2
0
1
1
0
0
0
0
0
0
0
0
0
4
1
0
0
1
2
0
1
0
0
1
0
0
1
1
1
0
0
0
0
0
1
1
0
1
0
2
0
0
0
0
1
1
0
2
2
0
0
1
0
0
1
0
0
1
0
0
0
0
1
0
1
0
0
0
0
0
1
0
2
0
2
0
1
0
0
0
0
0
0
1
0
0
1
1
1
0
1
1
1
0
1
0
0
1
0
0
0
0
1
2
0
0
0
0
0
1
0
0
0
0
0
0
0
1
1
0
1
0
0
0
0
0
0
0
0
2
0
0
0
1
0
0
0
0
1
1
1
0
0
1
0
0
2
0
2
0
0
1
1
0
0
1
0
1
0
0
1
0
1
3
1
0
0
0
0
2
0
0
0
0
1
0
0
0
0
1
0
0
0
0
0
0
0
1
1
0
0
0
2
0
0
0
0
0
0
0
0
0
1
0
0
0
0
0
0
1
0
0
0
0
0
0
0
0
2
0
1
0
0
1
0
1
0
0
0
1
0
1
0
0
1
1
1
0
2
1
1
0
0
0
0
0
1
0
1
0
0
0
0
0
1
1
0
0
0
0
0
0
0
1
0
1
0
0
0
2
0
0
0
0
0
1
1
0
1
1
1
0
0
1
0
0
0
0
0
0
0
1
0
0
0
0
0
0
0
0
0
0
0
2
0
1
0
2
0
0
0
0
1
0
0
0
1
1
2
1
0
1
0
0
1
0
0
1
1
1
1
0
0
0
0
2
1
0
1
0
0
0
0
0
0
0
0
0
0
0
1
1
0
0
2
0
1
1
0
0
1
1
0
0
1
0
0
0
0
0
0
0
0
0
0
0
1
0
0
2
0
1
0
0
0
0
1
1
1
0
0
1
2
0
0
0
0
0
0
1
1
0
0
0
1
1
0
0
0
0
1
0
1
1
0
0
0
0
0
2
0
0
1
0
0
0
0
1
0
0
2
0
0
0
0
1
1
1
0
0
0
1
0
0
1
1
0
0
0
0
0
1
0
0
0
0
1
1
0
0
0
0
0
2
0
1
0
0
0
0
0
0
0
0
0
0
1
0
0
0
1
0
0
1
0
0
0
0
0
1
0
0
0
0
1
0
0
0
0
0
0
0
0
0
0
2
0
0
0
1
0
1
1
0
0
0
0
0
0
0
0
1
1
0
0
0
0
0
0
1
1
0
0
1
0
0
0
0
0
0
0
0
0
1
0
0
0
0
0
0
0
0
0
0
0
2
0
0
1
1
0
0
0
0
1
0
0
0
0
1
0
0
0
1
0
0
0
0
0
0
0
1
0
0
1
0
0
0
0
0
2
0
0
0
0
0
0
0
1
1
1
1
0
0
0
0
0
0
0
0
0
1
0
0
0
0
0
0
1
0
1
0
0
0
1
0
0
0
1
1
0
0
1
0
0
1
0
1
0
0
0
0
0
0
1
0
0
0
1
0
0
1
0
0
0
2
0
0
0
0
1
1
0
0
0
0
1
0
2
0
0
0
0
0
0
0
0
0
1
0
0
0
1
0
0
0
0
0
0
0
0
1
1
0
1
0
0
0
0
0
0
0
0
0
0
0
0
0
1
0
1
0
0
0
0
0
0
0
0
0
0
2
0
0
0
0
0
1
0
0
0
0
1
0
0
0
1
1
0
0
1
1
0
2
0
0
0
0
0
0
0
1
0
0
2
0
0
0
0
0
0
0
0
0
1
0
0
0
0
0
0
0
0
1
0
0
0
0
0
0
0
0
1
0
0
1
1
0
0
0
0
0
0
0
2
1
0
0
0
0
1
1
1
0
0
0
1
0
1
0
0
0
0
0
1
0
0
0
0
1
0
0
0
0
0
0
0
0
0
0
0
0
0
0
1
0
0
0
0
0
0
0
0
0
0
0
0
0
0
0
0
0
0
1
0
0
0
0
0
0
1
0
0
0
0
0
0
0
1
0
0
0
0
0
0
0
0
0
1
0
0
0
0
0
0
0
0
1
0
0
0
0
0
0
0
1
0
0
1
0
0
0
0
1
0
0
0
0
0
0
0
0
0
0
1
0
0
0
0
0
0
0
0
0
0
0
0
0
0
0
0
1
0
1
0
0
1
0
0
0
0
0
0
0
0
1
0
0
0
0
0
0
1
0
0
0
1
0
0
0
0
1
0
0
0
0
0
1
0
0
0
0
0
0
0
1
0
0
0
0
0
0
0
0
0
1
0
0
1
0
0
0
0
1
0
0
0
0
0
0
0
0
0
0
0
0
1
0
1
0
0
0
0
0
0
2
0
0
0
0
0
0
0
0
0
0
0
1
0
0
0
0
0
1
1
0
0
0
0
0
0
0
0
0
0
0
0
0
0
0
0
0
0
0
0
0
0
0
0
0
0
1
0
0
0
0
0
0
0
0
0
0
0
0
0
1
0
0
0
0
1
1
0
0
1
0
0
0
0
0
0
0
0
0
0
0
0
1
0
0
0
0
0
0
1
3
0
0
0
1
1
1
1
0
0
0
1
0
0
0
0
0
0
0
0
0
0
0
0
0
0
1
0
0
0
0
0
0
0
0
0
0
0
0
0
1
0
0
0
0
0
0
0
0
0
1
0
0
0
0
0
0
0
0
0
0
0
0
1
0
0
0
0
1
1
0
2
1
1
1
0
1
0
1
1
0
1
1
0
2
0
0
1
1
0
0
0
0
2
1
2
1
1
1
0
0
1
0
1
0
2
1
1
0
1
0
0
2
4
2
1
0
2
1
1
2
0
1
1
1
3
1
1
1
0
0
2
2
1
0
1
1
0
0
2
1
0
0
0
1
0
2
1
1
0
0
0
0
0
0
1
1
1
2
0
1
1
1
0
0
2
0
0
0
1
1
1
3
1
2
3
0
0
1
1
0
0
1
1
1
0
1
1
1
0
0
0
0
0
1
1