0
0
0
0
0
0
0
0
0
0
0
0
0
0
0
0
0
0
0
0
0
0
0
0
0
0
0
0
0
0
0
0
0
0
0
0
0
0
0
0
0
0
0
0
0
0
0
0
1
0
2
3
5
10
14
15
25
30
38
39
39
38
47
49
44
44
48
52
38
64
48
49
57
74
73
60
59
61
57
78
64
69
77
60
72
54
73
78
87
80
92
67
87
100
101
93
99
94
99
99
114
83
101
111
107
119
149
141
146
112
72
79
93
76
78
71
96
82
86
94
92
79
115
90
109
116
109
114
116
95
114
111
106
117
92
103
105
104
101
121
122
113
122
102
114
108
107
107
119
126
122
109
103
111
127
122
104
120
104
107
132
109
115
90
97
87
116
105
105
110
97
106
106
113
97
115
112
116
103
101
115
120
113
97
122
98
114
94
120
108
122
133
117
96
103
128
106
108
132
117
127
131
130
105
109
119
113
117
130
108
116
112
105
117
123
106
122
109
118
126
125
123
104
121
106
121
120
100
88
94
105
97
109
96
123
117
98
95
110
108
115
139
116
130
105
93
99
100
111
112
101
110
116
102
91
105
116
114
117
113
96
119
112
125
129
108
106
118
130
119
103
117
120
87
105
109
105
131
110
112
126
118
109
112
102
122
125
97
110
119
120
106
107
115
133
131
89
119
106
109
102
116
113
121
108
113
113
93
101
87
82
111
133
117
114
101
116
117
109
101
112
107
111
102
112
98
110
109
117
108
119
103
103
97
106
114
107
104
111
104
106
120
101
100
105
111
108
105
106
89
107
120
105
119
103
110
88
122
101
97
116
98
105
125
90
102
109
123
111
111
95
90
110
92
85
89
105
100
120
93
101
107
99
121
95
122
99
96
120
113
86
101
101
109
107
110
93
111
89
119
104
98
106
110
99
102
104
102
85
109
117
107
93
111
118
104
85
100
97
89
102
111
103
120
111
100
114
109
92
91
95
88
80
103
119
90
112
119
105
118
107
126
117
104
108
102
110
99
90
105
96
107
101
101
97
89
104
91
131
97
95
97
98
94
91
111
95
109
105
102
84
108
91
107
96
84
90
104
98
92
101
116
127
98
109
107
113
101
97
114
108
95
110
99
83
103
103
98
97
103
96
104
102
102
99
105
106
98
106
96
74
102
99
88
91
120
91
96
93
91
101
104
85
96
104
97
90
96
113
100
97
109
125
123
161
243
368
611
863
1194
1499
1734
1622
1335
1028
685
439
278
232
178
145
122
62
87
53
55
59
66
68
49
48
56
58
56
53
55
63
60
63
58
51
45
55
48
56
67
51
54
57
52
49
48
51
48
60
46
37
59
42
53
53
58
51
47
54
41
44
49
49
43
48
40
53
35
44
47
50
41
46
54
41
51
41
52
48
34
44
55
43
51
43
44
52
44
49
46
36
44
53
49
41
41
44
39
45
50
54
54
87
93
94
99
111
104
90
76
62
36
51
34
44
36
33
38
38
40
37
50
45
43
51
56
41
45
42
41
48
56
71
64
57
64
48
38
41
28
53
42
47
37
38
52
34
36
27
63
60
54
43
46
38
49
42
46
45
62
64
92
113
138
142
158
133
102
80
62
45
36
45
44
42
36
31
28
34
48
47
43
50
48
30
46
30
32
37
44
42
37
44
49
36
27
32
43
44
44
41
38
44
39
47
38
45
38
37
32
50
38
25
39
49
36
45
35
46
37
46
45
31
40
37
35
34
34
31
28
41
39
35
44
32
33
48
40
44
41
34
36
36
36
37
29
39
41
36
36
44
47
38
33
43
46
46
49
34
31
25
47
35
38
44
28
26
38
34
28
34
28
39
32
30
32
35
33
30
24
37
27
44
33
41
30
46
44
31
35
32
31
31
38
47
36
39
45
46
35
44
36
31
36
38
30
34
34
33
33
36
35
40
36
37
31
35
23
32
37
39
32
35
36
35
36
34
31
36
37
29
36
28
32
31
35
35
41
35
33
32
28
46
36
35
33
28
37
38
37
47
40
22
24
36
32
39
31
44
19
30
32
30
34
30
43
30
35
26
26
31
28
30
29
27
26
30
24
32
48
38
33
30
32
29
36
31
37
35
27
33
33
43
29
40
36
30
20
41
33
28
43
33
25
25
32
34
33
33
36
41
24
24
30
35
29
35
35
33
28
26
35
27
28
31
25
27
27
37
26
24
30
33
21
24
21
30
25
29
30
29
30
29
32
32
28
23
35
24
26
26
29
34
35
24
29
29
30
30
20
20
20
31
21
27
24
28
27
16
24
15
25
17
20
24
27
22
25
19
17
17
24
24
27
23
29
27
19
27
22
16
24
24
27
25
22
21
20
23
24
20
17
20
19
27
24
20
34
16
22
19
21
14
21
21
18
24
19
22
23
21
25
17
21
20
17
28
20
19
19
27
22
17
14
29
21
23
20
21
24
29
25
19
12
18
13
24
16
24
15
32
21
23
32
23
29
21
28
21
26
30
27
27
26
22
24
19
23
17
20
14
17
16
23
24
21
22
25
20
17
16
22
19
17
25
20
17
19
24
16
20
17
18
10
22
21
25
14
20
20
18
28
23
13
18
18
19
22
19
20
20
11
20
18
19
21
17
18
20
18
25
19
20
17
19
18
14
13
14
17
22
22
15
13
11
21
15
17
29
10
26
19
19
18
20
13
16
21
12
17
16
19
15
18
12
20
19
19
18
26
17
17
15
16
18
12
23
16
16
15
15
10
19
26
15
19
15
13
12
18
18
18
20
19
9
18
21
22
17
15
13
11
14
12
16
16
24
15
20
22
13
21
27
28
54
74
94
98
133
165
157
181
148
117
80
56
27
22
19
21
17
23
22
14
20
17
13
17
5
17
16
11
18
24
16
15
15
15
18
13
22
18
13
17
8
15
21
16
18
14
12
16
18
14
13
15
7
19
14
18
23
12
7
16
16
11
15
13
14
17
10
9
12
18
14
17
15
16
16
5
14
18
18
12
8
21
13
14
17
15
13
18
9
11
18
18
15
18
16
18
14
12
10
15
18
10
12
21
10
16
15
14
11
18
16
13
15
16
12
7
17
14
20
12
13
21
10
13
9
19
19
13
5
9
18
22
12
19
8
10
14
1
16
11
19
20
14
12
11
23
7
16
7
20
17
18
12
10
13
15
18
16
9
19
9
12
14
15
14
8
17
13
14
17
11
15
23
12
13
12
8
13
11
8
13
18
12
15
20
26
42
71
102
175
271
331
461
523
501
471
377
252
158
88
47
25
12
16
18
11
15
19
11
10
11
20
15
13
11
15
16
11
10
7
12
10
15
5
11
10
4
12
8
15
4
13
14
8
7
8
8
5
10
4
11
15
8
7
12
6
7
10
12
10
11
13
7
6
7
7
5
9
14
8
13
13
14
13
13
10
12
10
11
10
2
4
8
11
7
9
11
9
4
7
12
7
11
9
11
4
11
5
8
8
7
7
6
10
6
4
7
8
8
18
5
3
7
9
7
11
5
5
6
7
7
6
8
8
10
7
8
11
9
13
9
6
7
3
8
13
6
9
6
5
10
10
9
11
10
6
9
6
7
14
11
7
9
9
10
9
11
11
10
11
13
11
10
12
8
5
10
9
7
10
6
8
5
9
7
6
11
9
6
7
14
7
7
7
15
9
7
9
3
15
6
10
9
6
7
10
4
6
9
6
3
9
8
6
13
7
9
14
10
10
9
8
12
11
6
8
2
8
8
6
10
7
8
8
10
8
7
6
8
1
6
6
2
7
9
7
7
8
7
6
7
12
6
7
7
9
5
7
4
11
9
5
10
7
5
12
8
4
6
5
5
9
9
12
8
9
13
2
6
7
4
6
5
9
6
9
10
10
8
11
3
7
6
2
3
4
9
7
5
15
5
8
9
8
4
2
7
6
0
6
7
7
5
5
7
6
5
6
10
9
8
7
6
5
8
9
14
1
7
12
6
5
5
3
3
6
9
7
5
3
2
8
2
3
3
7
4
5
5
6
8
6
6
4
8
2
2
6
6
6
6
8
11
4
7
1
5
11
12
7
5
5
11
7
4
8
12
3
9
14
18
15
39
55
80
89
112
108
99
89
72
33
29
19
9
7
8
7
3
3
8
10
8
5
2
4
9
10
6
2
7
7
6
4
3
12
6
4
11
10
5
6
5
9
4
10
2
6
0
5
4
4
5
4
8
5
11
6
3
10
2
6
8
6
9
5
5
7
4
5
6
9
5
7
3
11
3
1
2
7
5
1
5
3
5
3
2
4
4
3
9
5
5
3
7
3
8
8
15
13
14
12
9
11
6
6
3
3
5
3
9
11
2
4
6
7
4
4
3
3
6
5
2
6
2
3
1
4
7
7
5
6
5
1
1
5
11
4
2
5
7
8
2
3
1
3
1
8
3
4
7
6
6
14
21
14
22
18
19
20
15
15
6
9
4
6
4
4
6
8
5
4
10
4
8
6
4
3
4
1
4
4
0
8
6
8
6
7
3
3
5
6
1
3
3
3
6
8
6
5
6
2
5
4
1
6
7
4
7
9
1
3
4
3
1
4
1
5
7
3
5
3
5
3
6
3
7
4
2
5
2
4
5
5
6
3
3
3
3
4
4
1
8
6
6
3
6
4
6
6
4
1
6
4
4
3
4
2
7
7
4
2
2
6
10
6
4
4
5
8
5
3
2
0
2
2
1
6
5
3
4
8
6
4
6
6
6
4
3
6
4
3
4
3
3
2
3
5
4
8
3
3
0
2
3
2
4
1
4
3
6
8
5
6
3
6
2
4
3
3
3
6
6
2
3
3
2
2
3
5
2
4
2
4
8
5
2
3
4
4
2
2
4
8
10
9
10
14
35
46
52
62
54
45
53
36
30
19
10
10
5
2
7
5
6
4
7
4
3
1
9
5
2
8
2
4
2
4
2
6
5
2
2
3
6
6
5
4
4
1
5
8
2
1
8
3
3
0
6
2
2
2
2
3
4
4
7
3
2
4
4
5
6
3
4
3
2
1
4
3
5
3
2
2
4
5
3
6
6
2
6
5
7
4
6
8
11
12
8
4
7
9
6
3
3
6
6
3
3
2
4
4
3
2
2
3
3
9
3
4
3
4
4
4
2
5
3
4
3
7
1
7
5
3
5
5
1
3
5
4
8
3
4
7
2
4
9
4
4
1
2
6
5
4
2
2
7
4
1
1
3
5
2
7
2
6
8
3
3
6
1
3
2
10
6
4
6
5
3
4
2
6
3
3
2
4
7
6
2
4
4
3
5
6
6
3
8
2
5
6
2
2
5
2
6
4
1
3
4
2
1
4
6
5
5
5
2
4
2
4
2
6
2
5
3
4
4
2
6
4
5
4
1
3
3
4
3
3
2
0
4
4
4
3
6
2
6
8
5
8
7
3
5
3
8
1
5
6
2
2
2
4
4
1
4
1
3
2
4
4
9
0
2
7
3
7
5
5
4
4
2
3
7
5
1
5
4
6
4
4
9
5
4
7
4
7
5
3
4
0
6
4
1
4
2
8
5
4
3
1
2
4
2
6
1
3
4
3
1
6
5
4
3
4
4
7
3
5
7
7
8
2
4
4
4
2
2
3
5
2
6
7
8
3
2
1
2
1
4
6
3
6
7
3
4
5
5
3
3
2
4
4
2
1
5
3
2
3
2
2
2
2
4
4
2
1
1
3
3
3
1
5
2
2
2
4
4
0
7
0
3
2
2
3
2
8
2
4
2
3
3
3
4
7
4
3
6
2
4
4
4
2
3
2
5
2
3
4
2
3
3
5
3
5
5
1
6
3
6
4
3
7
1
4
4
5
3
4
3
3
1
1
2
3
7
2
3
2
4
1
2
4
2
3
2
5
4
5
1
6
2
2
5
3
5
6
5
2
0
2
5
5
3
3
4
8
5
8
5
1
4
5
4
5
2
0
3
4
4
1
1
2
2
4
2
6
4
3
4
3
3
4
3
4
7
4
3
2
1
0
2
3
2
5
3
5
5
4
1
2
3
0
3
1
1
3
1
3
1
0
6
6
3
5
2
2
6
3
2
7
6
1
2
6
3
4
2
1
3
8
4
3
5
2
4
3
5
2
4
4
2
3
2
6
2
5
2
2
6
2
7
6
4
7
5
8
8
9
6
10
4
5
2
4
5
3
2
5
3
3
7
1
2
2
2
4
5
2
1
2
3
1
2
1
6
3
4
5
4
4
4
4
4
9
5
14
6
7
10
2
5
4
1
2
6
0
3
2
7
4
5
7
3
4
3
5
4
2
4
1
2
3
5
3
3
7
5
4
3
2
2
2
0
1
2
1
5
4
3
5
0
3
2
5
1
0
2
1
2
3
5
7
4
2
3
3
1
1
4
4
3
3
6
4
6
8
5
3
2
3
4
3
2
4
3
3
2
4
3
2
2
4
1
2
5
0
3
5
4
4
1
3
2
4
2
2
6
1
4
7
4
3
8
3
3
2
2
4
4
2
8
3
4
4
1
4
4
4
3
3
5
7
1
4
2
1
1
0
3
3
0
3
6
2
2
2
2
1
2
3
4
8
5
2
2
1
2
3
7
1
2
2
1
3
3
3
4
5
1
3
5
5
2
5
2
0
4
6
4
3
4
0
5
2
3
3
5
3
4
1
4
1
3
6
1
2
6
3
3
2
3
2
4
7
5
2
3
3
3
2
6
1
3
0
2
4
6
2
1
1
4
4
6
2
5
2
4
1
2
1
2
3
2
0
2
2
6
3
3
4
2
2
2
2
5
7
5
3
3
5
4
2
4
1
4
6
5
1
2
2
2
3
3
1
3
4
3
3
3
1
3
4
1
6
2
7
5
2
2
1
1
4
4
4
3
4
2
2
5
5
7
4
1
1
3
2
3
2
3
4
2
5
4
3
2
4
4
3
4
2
3
4
4
1
8
3
7
4
1
5
1
3
5
1
2
4
3
1
6
7
3
3
4
5
1
3
2
5
1
5
4
4
2
0
2
3
4
5
2
1
5
0
1
3
7
1
2
2
1
2
1
4
1
2
4
2
4
2
6
2
4
4
2
6
2
7
1
5
5
5
3
2
2
2
1
2
3
3
5
1
3
1
3
6
5
6
4
1
2
4
3
4
9
6
5
7
6
7
4
4
4
2
3
3
5
4
1
3
6
1
1
5
2
1
3
2
2
6
3
1
3
3
6
4
3
1
2
5
1
3
3
2
2
5
2
5
4
2
5
1
6
5
2
4
1
6
7
3
1
4
2
7
2
0
1
1
3
3
7
0
3
3
2
3
4
3
7
3
2
5
2
2
4
2
3
3
2
2
4
3
4
7
4
1
2
2
7
4
2
5
0
3
3
3
3
2
4
1
4
6
1
3
4
1
2
1
5
0
4
3
2
2
4
4
3
2
2
3
4
3
2
1
6
1
3
4
3
5
4
4
1
0
6
0
2
5
5
1
3
2
3
2
3
4
4
4
1
2
3
4
3
2
2
3
4
2
5
4
3
3
2
4
1
5
5
2
7
4
4
4
5
3
3
3
4
3
3
2
2
0
0
2
3
3
1
3
1
1
3
2
5
4
1
4
3
4
4
5
3
3
3
3
2
3
2
1
2
0
3
7
6
1
4
2
4
2
4
2
2
5
1
6
2
1
2
3
0
5
2
4
2
2
1
3
2
0
2
3
2
7
7
4
4
1
1
5
2
0
4
3
1
2
6
3
4
5
2
5
2
2
1
3
5
2
2
4
4
4
3
3
6
6
3
1
2
7
0
2
3
2
4
2
2
2
2
4
1
3
3
5
3
2
4
2
1
2
5
1
3
1
3
3
3
2
3
1
5
5
6
3
2
3
2
3
2
5
4
2
5
3
4
3
3
1
4
5
0
5
5
3
3
4
4
3
3
2
4
4
0
2
1
3
2
3
1
1
3
5
2
3
4
3
2
1
4
6
3
3
7
3
3
5
2
0
2
6
2
4
5
1
5
1
2
4
6
4
2
1
2
3
4
6
2
2
4
1
1
2
2
3
3
2
5
2
2
4
1
2
4
2
1
2
3
3
9
1
3
2
2
2
3
3
1
4
2
5
2
1
1
5
1
2
0
1
1
3
1
2
0
1
1
5
2
0
2
5
2
3
1
4
2
2
0
2
5
4
3
2
2
0
4
3
2
3
6
4
5
2
3
1
3
0
3
3
0
2
2
2
1
1
3
3
2
2
2
5
5
5
2
5
6
3
1
2
1
4
0
3
2
5
8
4
0
4
4
7
6
3
5
5
3
4
1
4
2
2
2
2
2
2
5
4
1
2
2
4
3
3
3
0
2
1
3
2
2
2
6
3
1
2
0
2
0
3
2
4
1
4
2
11
9
10
14
20
16
18
23
18
10
16
7
6
3
3
4
3
1
3
1
2
2
3
1
1
0
2
0
4
1
3
4
2
1
6
1
3
2
1
0
3
1
1
5
1
2
0
4
0
0
2
2
4
2
0
2
1
1
3
1
2
3
2
3
4
1
5
3
2
1
1
0
5
0
1
1
3
1
2
2
2
2
1
1
1
3
3
2
3
3
3
3
2
2
4
2
3
4
3
5
2
0
0
1
0
1
6
1
1
2
2
1
1
2
3
2
1
2
3
3
3
1
1
5
0
1
4
2
2
2
0
1
7
5
0
1
2
5
6
12
5
7
3
6
2
4
2
1
4
3
1
3
1
3
6
1
2
4
0
3
0
1
0
5
2
3
2
3
1
2
3
2
4
1
2
3
2
2
0
8
5
2
3
3
2
1
2
4
4
5
0
2
3
1
1
1
3
3
0
0
3
1
3
2
0
3
3
2
2
2
7
4
2
1
1
1
2
1
3
2
3
3
3
3
2
5
0
3
4
4
2
1
1
2
3
1
3
2
2
3
3
4
2
1
6
3
0
4
1
2
3
8
3
1
3
1
0
2
3
1
1
2
1
2
3
5
2
4
3
5
4
1
3
6
0
2
2
2
3
1
2
0
5
3
4
2
3
2
1
1
2
1
1
4
3
4
4
1
2
2
2
6
1
4
2
4
5
2
2
3
4
2
1
1
4
0
3
3
2
6
0
7
3
1
2
1
2
1
1
2
3
6
5
4
3
2
7
6
4
6
7
7
12
20
26
32
41
27
18
23
16
8
10
11
4
5
1
3
2
5
4
3
0
4
3
3
3
0
2
2
5
8
1
2
2
2
5
2
2
1
3
3
5
3
2
5
0
3
2
5
4
2
2
3
5
5
3
3
5
2
3
1
3
1
1
1
2
3
0
1
2
1
4
7
6
10
13
8
15
15
17
21
17
9
5
3
2
5
2
3
3
1
8
4
2
6
2
2
2
6
2
1
5
6
2
0
4
2
2
4
3
3
3
1
0
0
5
0
2
1
0
3
3
1
5
1
1
2
5
3
4
0
4
4
1
3
3
4
1
1
3
3
2
4
1
3
3
6
2
4
3
1
1
3
4
3
3
3
1
4
1
3
4
3
3
1
3
3
0
5
1
4
1
1
2
2
0
6
0
4
1
2
3
1
5
2
3
4
3
2
4
1
3
4
0
3
3
3
3
3
5
2
4
0
3
2
2
6
6
1
2
5
3
5
0
4
5
3
2
5
6
2
5
2
0
5
3
2
0
4
6
6
3
4
3
3
4
1
1
2
2
3
4
2
3
1
3
2
3
2
1
5
3
1
2
0
3
2
0
2
1
2
1
5
1
3
4
3
3
2
5
4
5
1
7
1
2
1
3
2
2
1
1
2
4
4
3
3
2
3
9
1
9
3
1
1
3
5
3
4
1
4
2
1
6
2
3
1
4
2
2
1
4
2
3
5
2
4
6
2
1
2
5
2
5
3
5
1
0
4
2
3
0
2
0
8
5
5
1
3
3
0
1
2
4
4
7
5
4
5
4
5
6
5
3
2
4
2
4
3
0
2
3
2
5
2
2
2
3
2
2
2
4
4
5
3
5
1
4
3
2
3
4
3
3
3
1
5
2
2
2
0
3
2
3
6
3
3
3
4
2
5
1
1
4
4
4
2
6
1
3
2
3
2
2
2
0
3
1
0
4
2
0
2
5
6
2
0
2
3
2
4
1
2
4
8
5
0
3
3
2
4
1
5
2
4
2
3
3
3
4
4
6
4
6
4
0
3
5
4
5
1
2
2
1
5
2
0
2
2
1
3
2
7
4
3
3
2
4
6
4
4
1
4
3
3
2
5
1
0
3
1
3
2
1
2
2
3
0
2
8
5
4
2
1
1
2
6
6
5
3
5
3
2
3
4
4
3
9
2
0
3
3
3
4
3
4
4
5
1
4
6
3
2
4
3
1
2
5
7
1
2
4
2
5
0
3
6
0
1
3
4
5
2
3
5
1
3
3
6
3
5
2
3
3
3
4
2
2
2
3
1
2
2
3
3
5
2
8
3
3
4
1
5
5
2
2
2
1
6
4
2
2
0
4
2
1
3
3
0
1
4
6
4
5
2
1
2
3
3
5
4
1
1
5
4
3
1
2
0
4
2
2
5
6
5
3
4
3
7
6
4
3
3
2
5
2
5
1
4
0
3
4
7
3
2
2
2
3
7
3
3
3
2
1
3
2
1
3
6
2
2
1
4
4
7
1
5
1
2
1
4
2
1
3
3
1
2
2
7
4
3
2
7
1
0
2
2
3
5
3
5
2
1
2
3
5
4
5
4
1
3
8
2
4
5
6
3
2
4
5
4
4
3
7
1
3
4
2
3
9
1
4
1
2
1
7
3
1
1
2
3
2
3
3
2
3
3
0
2
2
4
2
4
3
1
4
4
3
5
6
1
1
3
3
2
4
3
4
1
3
3
5
6
1
3
2
2
4
1
2
5
7
4
3
3
1
6
4
3
4
5
3
3
4
4
4
4
3
1
3
5
7
5
5
3
3
6
2
6
3
5
4
3
6
5
2
2
7
3
2
7
4
3
6
1
2
5
6
6
5
4
3
1
4
3
4
0
3
4
3
2
3
4
2
2
3
3
6
4
4
4
5
0
5
4
2
8
2
5
3
4
3
1
5
1
2
5
3
1
1
3
0
1
2
4
5
6
7
4
6
7
6
4
3
2
4
3
2
3
5
6
2
3
0
4
6
2
4
1
2
3
3
7
5
4
1
3
4
3
1
5
3
1
3
4
3
1
6
5
2
2
2
5
0
3
4
6
6
2
1
4
6
3
4
5
4
2
3
2
3
2
5
5
2
4
6
1
2
0
3
1
5
0
5
3
4
5
5
4
8
2
8
1
1
5
3
4
3
2
4
2
2
3
3
3
3
3
2
4
6
4
2
2
6
3
4
3
2
4
6
1
1
4
2
1
2
5
3
8
7
3
2
6
4
2
7
4
3
1
4
2
2
2
3
5
2
7
2
3
4
1
4
4
5
1
5
4
4
4
3
1
2
1
2
3
2
6
2
4
2
3
5
5
4
4
4
2
3
5
4
3
4
4
6
3
4
2
6
5
2
5
4
8
5
2
5
3
2
2
3
2
1
2
5
2
2
2
2
4
3
3
4
3
3
4
3
2
2
5
4
4
2
3
4
2
3
3
3
6
8
6
2
4
0
5
2
5
5
2
3
4
3
4
3
3
4
3
2
4
2
5
4
2
2
1
2
2
7
5
2
4
2
5
7
1
5
0
7
8
3
4
1
4
1
2
6
9
2
6
4
3
3
3
7
2
5
6
4
4
4
2
2
3
5
0
4
2
1
5
3
0
3
1
5
3
3
1
3
3
6
6
6
3
3
6
6
4
4
2
7
8
2
2
2
4
2
2
5
4
4
4
3
3
1
2
2
4
3
3
1
1
4
3
5
2
2
2
4
3
5
3
3
3
2
3
3
2
1
3
0
4
5
2
2
2
2
3
5
3
5
3
1
3
1
0
2
2
2
0
4
5
0
4
5
3
3
1
5
2
5
2
7
1
3
6
3
4
4
4
4
1
5
1
1
5
5
4
5
3
3
7
3
5
9
3
5
4
2
0
0
5
3
5
2
5
5
3
8
2
5
3
4
3
3
7
3
2
3
3
4
1
2
4
2
2
8
4
4
4
4
3
1
4
4
7
5
6
8
5
13
10
6
18
20
21
19
27
24
21
27
19
10
10
8
10
6
6
3
6
5
5
3
2
2
6
1
3
5
7
5
3
7
5
3
2
3
3
2
2
4
4
1
3
6
4
10
1
7
3
5
3
5
6
2
4
2
2
0
1
4
3
3
4
5
5
5
5
5
4
0
5
2
2
2
2
3
2
1
5
4
3
3
4
3
2
3
2
3
3
3
5
2
4
2
2
0
3
3
4
1
1
7
4
6
2
1
1
7
6
4
4
3
5
4
2
5
4
6
3
7
3
2
2
2
5
3
6
4
0
1
3
5
3
3
5
2
2
1
2
2
3
6
1
3
0
2
6
3
3
7
7
2
6
5
3
2
5
4
5
3
7
0
2
1
7
0
5
6
2
7
2
2
3
4
2
3
5
3
6
3
4
6
6
2
3
4
3
5
3
4
5
2
4
5
4
4
4
6
1
4
5
2
4
4
5
4
8
4
2
2
9
4
3
1
6
5
4
2
3
0
4
7
4
2
2
1
1
2
3
3
0
2
2
8
7
4
6
6
1
3
5
3
3
3
2
2
1
3
5
2
1
7
7
6
3
7
3
3
4
7
5
4
2
4
1
6
7
6
4
5
5
5
1
5
4
7
3
4
5
1
5
3
9
7
4
6
3
3
3
6
8
4
5
4
4
6
1
2
5
3
3
2
3
0
7
2
4
6
9
3
3
6
3
6
4
5
4
9
5
2
5
1
6
4
4
2
1
8
3
3
5
3
5
2
4
3
6
6
4
1
9
2
3
4
5
5
3
2
2
5
5
6
3
4
4
6
3
6
6
3
2
3
5
5
6
6
4
8
10
4
3
3
6
4
7
5
4
6
4
7
4
4
3
5
9
3
4
5
6
2
4
4
4
4
2
2
4
4
1
5
4
4
4
6
3
5
5
3
4
3
6
2
2
3
4
6
6
5
4
8
10
1
3
4
3
8
6
0
8
2
4
5
1
0
7
2
4
6
7
4
3
3
1
7
4
2
7
4
9
3
7
5
3
3
8
5
5
3
3
3
5
6
5
7
9
5
4
5
2
5
5
5
10
5
3
6
2
6
8
6
4
7
4
10
10
6
4
3
2
8
3
6
9
2
5
3
5
5
4
8
6
3
6
6
5
8
5
6
5
4
3
5
6
8
4
5
4
6
4
1
2
3
6
4
1
10
4
6
4
5
4
3
1
4
2
2
4
7
6
6
5
3
5
10
6
4
4
7
7
3
9
7
7
6
7
6
5
6
4
4
6
7
10
4
6
3
6
6
3
4
5
3
5
5
4
3
4
3
4
3
5
3
8
8
5
6
5
9
3
3
3
6
8
1
1
5
3
3
6
7
4
6
6
3
9
6
9
6
5
5
4
7
4
8
5
3
9
6
1
4
3
8
5
8
5
5
7
3
6
5
10
9
2
3
7
4
9
8
6
2
6
6
9
2
3
4
6
5
6
3
4
10
7
3
4
5
10
5
10
5
2
7
9
7
5
4
2
6
4
7
7
7
5
6
7
8
9
4
6
8
5
9
4
3
6
4
5
7
7
4
5
8
5
6
5
7
5
8
6
6
2
4
5
8
7
2
3
6
6
6
7
6
11
12
6
5
8
9
3
7
2
5
4
7
4
5
6
6
7
12
4
4
7
7
3
9
2
4
3
6
0
7
5
7
3
1
4
3
5
9
3
7
7
1
2
5
4
3
5
9
3
4
0
6
6
6
1
4
2
2
4
5
2
1
2
5
3
0
1
2
2
1
2
2
4
1
3
3
5
2
6
5
3
2
4
5
4
3
3
5
3
1
8
5
2
4
2
3
2
4
3
3
4
3
1
4
5
3
3
3
3
1
3
3
5
0
1
4
3
5
3
2
5
3
4
3
1
3
1
3
2
3
7
6
3
6
1
4
3
3
4
3
6
5
3
5
1
1
6
6
2
4
3
2
6
4
3
3
3
3
7
3
6
3
7
2
2
3
4
2
3
2
2
6
2
3
2
1
2
3
3
2
3
1
4
7
4
2
3
3
5
3
2
8
2
3
3
0
5
3
3
7
1
6
4
3
3
2
1
6
5
4
5
2
3
1
2
1
4
4
2
6
2
2
1
4
2
0
1
3
3
5
3
4
2
5
2
6
2
0
4
3
7
5
1
2
0
1
2
4
3
2
6
1
1
2
6
2
1
4
2
5
3
2
3
0
2
1
2
2
2
3
4
0
2
4
1
1
1
2
3
0
3
1
2
3
3
3
1
2
2
3
1
3
0
0
2
3
5
2
2
3
3
3
1
1
0
3
1
1
0
1
1
1
2
0
0
3
0
2
0
0
1
0
2
1
1
2
3
1
2
3
0
0
2
4
1
4
1
0
4
5
2
2
1
2
1
1
2
2
1
2
1
3
4
2
1
1
0
0
2
2
1
1
0
0
2
1
1
2
3
0
1
0
3
0
1
0
4
1
2
0
0
1
1
2
2
0
0
2
0
2
0
1
0
1
2
1
3
0
1
0
1
1
0
0
2
1
0
1
0
0
0
0
1
0
2
2
2
0
1
1
0
1
1
0
1
0
1
1
0
3
2
0
0
0
1
2
1
1
2
1
4
0
0
2
1
2
0
2
0
0
0
0
1
2
2
1
1
1
2
0
0
0
0
4
2
0
0
0
0
3
1
1
0
1
0
0
0
0
0
2
2
2
2
1
0
1
0
1
0
1
0
2
0
0
0
3
0
2
0
3
2
1
0
0
3
1
1
0
2
1
3
1
3
0
0
1
2
1
1
0
0
3
0
1
1
1
1
1
0
0
2
2
0
2
0
1
1
1
0
1
2
0
0
1
0
0
0
1
2
2
0
0
0
1
0
0
1
2
0
1
2
0
1
1
1
1
0
1
1
3
1
2
1
1
0
0
0
0
2
0
1
0
0
2
3
1
0
0
1
3
2
0
1
3
2
1
3
0
3
0
3
3
10
11
23
33
36
71
82
101
113
121
141
129
123
101
93
76
52
28
16
8
12
8
1
1
5
1
2
3
0
2
2
2
0
2
1
1
0
1
1
1
2
2
1
2
2
2
0
0
0
0
0
0
0
0
2
0
0
0
1
0
0
0
0
0
1
0
0
0
0
0
0
0
1
0
1
0
0
1
0
0
0
0
0
0
0
0
0
0
0
1
2
1
1
0
0
0
1
0
0
1
0
0
0
1
1
0
0
0
0
0
0
0
0
1
0
1
0
1
0
1
2
1
0
1
0
0
0
1
1
0
1
1
0
1
0
0
0
0
2
1
0
0
0
1
0
0
0
0
0
0
0
0
0
0
1
0
0
0
1
1
0
0
0
1
3
0
0
0
0
0
2
0
0
0
0
1
1
0
1
1
1
1
1
3
1
1
2
0
1
0
0
0
0
0
0
0
1
0
0
0
1
0
1
2
0
2
1
1
0
0
0
0
0
0
0
0
1
2
1
0
0
1
1
0
0
0
0
1
1
0
0
0
0
2
0
0
1
1
0
0
1
0
0
0
1
1
0
0
2
0
1
1
1
1
0
0
1
1
0
1
2
1
1
0
0
1
0
0
0
2
0
0
1
0
2
0
0
0
1
0
1
0
1
0
0
0
0
0
1
0
0
0
0
0
0
1
1
0
1
0
0
0
0
1
0
1
1
0
1
0
0
0
0
2
0
0
0
1
0
0
2
1
1
0
0
1
0
0
0
1
1
1
0
0
0
1
0
1
0
0
1
0
0
0
0
0
1
1
2
0
0
1
0
0
0
0
1
0
0
0
0
0
2
0
1
0
1
0
0
0
0
1
1
0
1
0
1
0
0
2
0
0
1
0
0
0
0
0
0
0
0
0
0
0
0
0
1
1
1
0
0
2
0
0
1
0
1
0
0
0
0
0
1
0
0
1
0
0
2
0
0
0
0
1
0
0
1
0
1
0
0
0
0
0
0
0
2
2
0
0
0
1
1
0
0
0
0
0
0
0
1
0
0
1
0
0
2
0
0
0
0
2
0
1
0
0
0
0
0
0
0
0
0
1
0
0
0
0
1
1
0
1
1
0
1
0
0
0
0
0
0
0
1
1
0
0
0
0
0
0
0
0
0
0
1
1
0
0
0
0
1
0
0
0
0
0
1
0
2
1
1
2
0
1
0
1
0
0
1
1
1
0
0
1
0
0
2
0
1
0
0
0
0
2
0
0
0
0
0
1
0
0
1
1
0
1
1
0
0
0
0
0
0
0
1
0
0
1
0
1
1
0
0
0
0
1
0
0
1
0
2
1
0
2
0
2
0
1
0
0
0
1
1
0
1
0
1
0
1
0
1
0
1
0
0
0
0
1
0
0
0
0
1
0
1
0
0
0
0
0
0
0
1
0
0
0
0
1
1
0
0
0
0
0
1
0
1
0
1
0
0
1
1
0
1
2
0
0
0
0
0
0
0
0
0
3
1
0
0
2
1
0
0
0
2
0
0
0
0
0
0
0
1
0
0
0
0
0
0
0
0
0
0
0
0
0
0
0
0
1
0
0
0
0
1
0
0
0
1
1
2
0
0
1
0
0
0
0
0
0
0
0
1
0
0
0
0
0
0
0
3
0
0
1
0
0
1
0
1
0
0
0
0
1
0
1
0
1
1
0
0
1
1
0
0
0
0
0
0
1
0
0
0
1
0
1
0
0
0
0
1
0
0
0
0
0
0
0
0
0
1
0
1
1
0
0
0
1
0
0
0
0
0
0
1
2
0
0
0
0
0
0
0
0
0
1
0
0
1
0
0
0
0
0
0
0
1
0
1
0
1
0
0
0
0
1
0
0
0
0
1
0
0
0
0
1
0
0
0
0
0
0
1
1
0
0
0
0
0
0
0
0
0
0
0
0
0
0
0
0
0
1
1
0
0
0
0
0
0
0
0
0
1
0
0
0
0
0
0
0
0
1
0
0
0
0
0
0
0
0
0
0
1
1
0
0
1
0
0
0
0
0
0
0
0
2
0
1
0
0
0
1
0
0
1
0
0
0
0
0
0
0
0
0
0
0
1
0
0
0
0
0
1
0
1
0
0
0
0
0
1
0
0
0
0
0
1
0
0
0
1
0
0
1
0
0
0
0
0
0
1
0
1
0
0
0
0
0
0
0
0
0
0
0
0
0
0
0
0
0
0
0
1
0
1
1
0
0
0
0
0
0
0
0
0
0
0
1
0
0
0
0
0
0
0
0
0
1
0
1
0
0
0
0
0
0
1
0
0
0
0
0
0
0
0
0
0
0
0
0
0
0
1
1
1
0
0
0
1
0
0
0
0
1
0
0
0
0
0
2
0
0
0
0
0
0
0
1
1
0
0
0
0
0
0
0
0
0
0
0
0
0
0
0
0
1
0
0
0
0
0
1
0
0
0
0
1
0
0
0
0
0
0
0
1
0
0
0
0
0
0
1
0
2
0
0
0
0
0
0
0
0
1
0
0
0
0
0
0
0
0
0
0
0
0
0
0
0
0
0
0
1
0
0
1
0
0
1
0
0
1
0
0
0
0
0
0
0
0
0
0
0
0
0
0
0
0
0
0
0
0
1
0
0
0
0
0
0
0
0
0
0
0
0
0
0
0
0
1
0
0
0
0
0
0
0
0
0
0
0
0
0
1
0
0
0
0
0
0
0
0
0
0
0
0
0
0
0
0
0
0
0
0
0
0
0
0
0
0
0
0
0
0
0
0
0
0
0
0
0
0
1
0
0
0
0
0
0
0
0
0
0
0
1
0
0
0
0
0
0
0
1
0
0
0
0
0
0
0
0
0
0
0
0
0
0
0
0
0
0
0
0
1
0
0
0
0
0
0
0
0
0
0
0
0
0
1
0
0
0
0
0
0
0
0
0
0
0
0
0
0
1
0
0
0
0
0
0
0
0
0
0
0
0
0
0
0
0
0
0
0
0
0
0
0
0
0
1
0
0
0
3
0
0
0
2
0
0
0
1
0
0
0
0
0
0
0
0
0
0
0
0
1
0
0
0
0
0
0
0
0
0
0
0
0
0
0
0
0
0
1
0
0
0
0
0
0
0
0
0
0
0
0
0
0
0
0
0
0
0
0
0
0
0
0
0
0
0
0
0
1
0
1
2
1
4
1
1
1
1
0
0
0
2
1
0
0
0
2
1
2
1
2
2
2
0
2
1
1
1
0
0
0
1
2
1
0
1
1
2
0
0
0
1
0
1
0
0
3
0
3
2
2
1
0
0
0
1
0
2
0
0
2
0
0
0
0
0
0
2
2
0
0
0
1
0
0
1
1
0
0
2
1
0
1
0
0
1
1
1
0
1
0
0
1
0
1
1
0
1
0
1
0
0
1
0
1
1
2
0
1
2
1
0
0
1
0
2
0
0
2
0
1
1
0
0
1
1