0
0
0
0
0
0
0
0
0
0
0
0
0
0
0
0
0
0
0
1
1
2
2
7
5
9
9
12
9
8
7
6
11
10
9
13
13
12
14
8
12
8
13
6
10
13
5
13
9
12
6
9
12
9
5
6
6
11
9
13
4
13
15
22
23
35
52
55
66
75
95
103
140
152
200
256
338
412
390
425
469
482
458
523
500
517
470
567
555
557
591
590
646
666
741
757
765
720
688
653
643
611
597
558
563
549
511
514
526
505
540
517
486
506
492
496
496
526
556
500
490
500
507
480
488
490
503
492
510
493
504
507
457
505
521
522
501
508
528
479
516
509
495
518
525
485
483
503
496
518
522
508
520
525
491
516
507
494
547
507
484
484
510
504
478
492
532
483
507
515
535
506
525
525
491
509
489
510
524
533
484
497
540
498
479
487
479
478
488
472
452
458
469
495
478
490
492
470
494
493
448
455
497
516
500
497
520
483
511
470
492
486
496
535
486
510
496
483
477
495
487
518
471
484
496
506
510
482
487
472
452
500
490
484
487
504
438
488
475
500
502
482
535
527
513
494
489
470
469
472
523
520
492
517
512
474
462
468
504
503
478
493
531
493
486
490
535
494
476
500
489
485
505
506
526
533
463
530
503
515
488
452
513
520
529
480
498
502
434
476
512
520
506
479
489
471
497
476
454
520
501
511
489
508
460
480
433
470
470
521
475
475
463
464
472
505
494
496
471
470
469
462
505
457
489
510
477
469
512
501
444
499
515
474
489
474
510
492
489
516
486
483
497
475
482
512
541
507
465
508
461
499
491
509
472
527
485
439
479
477
523
466
512
457
482
500
515
528
506
518
490
521
542
542
546
565
524
579
559
548
520
546
545
548
580
584
566
547
544
590
588
534
549
559
504
557
557
572
561
592
577
560
632
579
550
549
581
550
547
565
631
515
576
574
594
576
573
553
606
611
561
563
577
614
579
562
556
549
541
545
583
588
574
561
565
580
541
594
556
567
547
579
583
592
572
557
571
529
539
601
586
568
555
537
566
552
514
522
564
566
524
520
527
547
555
590
588
577
535
550
501
526
516
541
581
541
576
587
555
538
544
561
567
560
545
584
569
553
547
519
586
550
567
624
586
565
563
574
546
557
566
553
539
547
565
531
556
554
550
588
510
533
565
566
520
551
568
555
519
558
529
533
535
519
549
543
548
543
564
591
539
530
554
569
521
519
566
542
547
585
587
567
555
473
521
528
519
540
522
566
537
560
569
583
547
606
546
561
482
551
542
541
556
545
514
517
522
542
572
530
506
496
524
555
580
536
565
537
550
626
541
543
561
561
558
518
546
587
533
575
551
582
559
580
545
512
524
568
595
560
514
576
515
544
519
560
519
553
547
554
519
530
538
574
606
546
500
532
549
561
538
526
540
549
558
556
487
534
554
527
560
545
524
529
560
549
550
554
546
523
551
543
539
520
560
574
582
519
563
588
558
514
543
565
522
524
580
558
566
522
551
558
595
584
575
575
556
593
553
548
586
571
564
556
550
517
595
564
542
571
587
585
562
612
574
594
583
581
571
579
556
555
562
611
588
576
598
590
601
597
588
593
570
610
575
597
603
579
569
606
603
610
584
629
582
566
583
577
599
607
561
588
670
616
629
629
626
607
687
614
595
655
574
598
593
659
592
639
669
642
612
620
638
672
621
687
635
643
624
659
648
601
686
643
665
650
674
625
658
598
620
663
666
641
627
676
638
726
659
677
653
642
673
643
678
660
675
707
742
627
698
701
668
678
712
696
670
719
663
705
744
710
691
716
678
689
680
724
690
742
688
668
718
702
692
679
747
685
667
669
653
687
681
647
631
606
635
606
579
559
544
533
513
465
516
506
522
495
488
450
489
480
457
439
407
406
415
454
435
434
430
433
395
403
393
421
427
391
360
387
349
364
358
399
366
381
367
384
369
377
339
374
339
333
373
396
384
355
371
353
349
359
337
367
345
340
342
318
369
323
336
334
343
332
338
303
324
346
293
277
317
344
306
312
308
337
307
341
301
293
301
313
314
275
268
292
307
328
282
286
302
262
300
304
275
296
276
286
262
281
310
263
242
285
255
236
258
246
273
260
246
255
269
258
255
254
248
251
272
266
244
236
219
250
254
251
228
224
198
259
251
257
215
252
254
213
260
230
236
222
223
243
215
232
231
238
220
207
201
218
224
210
221
203
251
218
210
212
189
182
193
199
194
200
203
194
192
214
197
185
176
220
191
186
194
169
189
200
160
186
172
177
193
173
175
164
172
170
176
172
187
166
177
172
170
169
173
185
168
172
167
163
173
169
176
184
181
194
163
181
177
186
151
189
160
180
197
149
143
179
160
175
151
196
184
166
168
170
159
158
166
168
167
156
165
168
155
154
154
151
169
156
176
170
184
181
173
148
156
175
174
176
193
172
166
172
192
159
184
170
148
161
195
180
162
148
162
151
164
160
161
153
171
176
186
156
155
168
153
169
148
160
144
176
147
152
140
143
158
154
152
149
153
170
167
171
147
171
158
153
155
174
166
183
150
178
164
153
159
175
172
176
156
155
131
165
154
152
152
154
174
159
164
169
120
156
160
168
154
149
148
145
161
141
146
137
158
135
136
156
155
136
151
170
169
160
160
137
152
140
132
131
149
169
120
128
150
153
137
132
144
138
148
120
131
144
164
157
156
162
131
147
176
157
140
156
142
132
125
135
125
154
150
163
148
139
122
155
146
131
143
137
141
153
169
153
138
128
144
150
172
126
157
145
180
151
138
147
161
135
145
147
153
176
125
154
181
182
180
197
206
249
315
313
436
571
782
1123
1470
2116
2962
4011
5116
6671
8127
9587
10727
11810
12624
12710
12641
12043
10950
9722
8076
6787
5379
3996
3074
2370
1591
1261
906
766
586
484
388
344
283
232
228
219
182
168
145
141
139
120
145
143
125
107
130
99
111
95
113
130
113
118
131
121
84
112
102
105
103
115
127
110
106
98
111
88
95
95
100
100
106
108
93
92
125
79
105
115
81
78
98
94
99
76
96
111
97
88
103
111
106
87
86
102
99
101
120
97
94
85
78
93
103
97
97
104
86
78
95
98
89
81
104
85
81
96
100
98
92
99
81
105
90
102
92
71
107
105
83
97
71
86
91
98
95
85
94
98
89
97
83
113
98
100
106
91
87
101
79
93
112
109
90
102
89
125
86
91
88
97
88
93
113
93
83
95
113
107
86
92
103
91
95
101
88
89
79
101
83
111
97
98
88
104
97
88
85
78
87
80
87
84
93
94
88
78
81
86
79
82
80
81
86
85
98
73
86
57
84
78
77
77
91
81
98
65
85
70
81
82
82
89
81
83
85
75
87
69
88
87
79
76
76
94
84
80
79
78
76
90
93
78
79
72
77
85
74
87
86
77
100
70
83
85
89
68
86
84
71
92
75
89
81
99
73
82
75
87
64
89
80
89
92
65
65
81
82
83
92
66
91
85
68
80
91
74
86
72
82
74
85
76
96
84
79
76
75
58
81
89
94
66
90
93
75
79
76
87
73
73
90
71
78
76
90
87
64
78
89
73
74
76
78
89
95
90
78
90
89
81
82
79
76
83
88
70
72
85
79
82
78
81
90
87
76
78
92
87
89
74
83
80
73
87
76
72
67
80
62
72
77
81
91
95
80
66
78
76
69
70
88
74
85
76
71
72
65
86
74
71
94
76
81
99
82
82
75
91
87
76
71
86
58
73
87
85
93
73
65
64
71
83
69
63
81
90
83
79
77
93
85
70
81
82
79
78
84
74
66
75
78
89
75
74
80
97
80
82
73
73
88
76
70
81
77
93
80
75
67
101
74
74
76
91
88
95
77
70
76
91
69
77
75
79
83
79
84
86
82
75
69
83
82
80
85
97
92
82
73
76
97
79
76
68
90
81
75
71
75
79
86
103
59
85
104
65
94
60
84
77
88
80
89
84
80
76
81
76
94
82
91
74
81
88
76
84
63
80
86
79
87
70
73
91
90
89
78
96
76
88
87
77
88
74
101
80
65
77
78
84
76
78
66
90
77
74
65
78
103
79
83
79
79
73
69
76
57
62
82
83
76
90
76
71
81
70
55
90
66
105
97
79
95
83
77
74
84
81
79
79
87
87
86
72
84
81
94
89
76
84
83
83
103
85
61
72
99
89
79
92
86
92
83
85
83
84
87
84
78
75
89
79
108
79
74
82
85
80
83
66
95
89
86
66
83
64
79
84
81
100
78
83
74
90
84
77
78
71
64
91
90
76
84
82
80
69
75
66
81
63
88
103
73
86
75
86
64
88
79
90
80
82
102
82
85
80
74
102
84
80
79
85
84
91
76
94
94
78
89
76
99
81
87
82
80
83
62
79
94
67
84
71
75
87
70
102
102
61
88
87
94
74
96
91
87
88
77
82
71
94
86
70
92
92
97
90
84
86
84
66
73
83
84
84
88
79
100
53
86
82
72
94
100
71
73
81
73
79
88
94
83
83
90
72
76
67
81
72
91
98
71
93
92
93
81
98
79
62
97
89
109
87
104
86
89
94
74
75
89
96
97
73
75
86
98
78
84
101
74
79
73
103
98
82
80
102
76
80
70
90
77
73
82
85
74
81
77
104
90
74
85
81
87
84
85
88
72
78
85
77
79
99
81
78
76
99
88
77
84
88
88
85
83
73
88
88
79
87
76
91
89
105
89
91
97
68
80
96
114
89
76
85
89
73
71
82
76
81
71
69
91
67
93
98
88
106
81
88
92
73
99
90
72
103
79
88
81
90
83
105
97
95
90
102
74
76
65
81
94
100
114
89
91
95
99
99
112
92
83
85
83
83
83
81
98
102
95
74
79
75
91
91
89
98
82
92
71
84
80
94
70
78
100
94
94
96
88
72
90
77
98
88
89
87
90
87
87
84
78
82
93
93
90
83
86
84
97
102
95
82
95
90
91
94
84
105
93
79
86
90
79
90
94
76
90
96
95
98
87
100
92
99
92
90
90
88
95
78
90
92
98
102
97
85
98
105
81
98
96
96
107
89
96
96
90
104
93
105
80
107
107
96
78
89
95
91
94
79
89
91
86
80
100
85
89
95
102
86
100
98
106
96
112
83
89
94
90
91
95
89
94
109
89
89
91
86
93
97
79
84
87
99
118
82
95
115
96
93
84
98
91
79
106
83
92
95
97
120
96
98
106
115
87
97
101
68
97
92
102
104
81
111
89
74
96
94
101
105
80
98
107
103
85
107
96
92
102
97
95
106
100
112
92
85
100
88
116
111
128
102
94
96
95
97
97
96
100
104
118
105
102
91
111
114
93
87
100
107
109
96
96
112
107
98
104
95
117
111
98
105
102
104
96
112
107
104
117
102
115
108
104
100
97
108
99
99
102
114
112
110
124
103
106
102
122
103
106
117
126
103
96
118
127
118
120
104
109
106
106
107
112
115
98
107
113
117
102
125
128
102
124
125
132
116
110
98
129
113
108
113
119
114
123
96
114
119
139
100
105
119
100
117
131
106
109
100
110
114
119
103
116
125
123
109
111
103
133
114
115
117
119
110
106
117
109
122
110
119
120
132
117
104
96
104
120
131
117
139
119
118
121
123
129
102
104
110
115
134
117
123
95
104
137
129
139
122
104
96
126
113
115
133
118
130
114
137
102
134
121
128
124
109
128
127
134
122
130
113
126
128
121
138
114
121
141
143
124
126
112
139
135
100
121
114
122
135
139
139
135
118
131
121
127
141
134
118
130
133
151
124
135
133
132
132
137
155
132
141
125
143
128
154
124
142
131
128
126
123
126
112
122
143
141
144
154
146
138
149
130
131
140
130
106
156
139
147
142
151
141
140
142
149
153
173
148
153
149
149
156
152
152
131
148
139
139
142
154
148
125
152
132
134
152
151
142
130
151
174
131
155
138
144
143
140
152
121
146
135
147
146
160
155
154
150
170
143
134
148
162
158
160
157
148
134
135
143
173
160
164
167
148
153
147
149
163
160
174
152
157
164
150
166
183
164
149
137
152
151
166
152
164
159
144
161
156
145
130
166
171
140
154
148
143
149
155
157
146
150
172
179
159
136
156
139
156
131
118
133
132
131
122
142
135
138
115
105
118
129
114
108
108
114
125
117
121
107
103
100
107
136
114
117
118
87
94
113
87
101
112
99
106
104
115
97
101
103
113
93
106
95
84
79
105
108
106
105
101
109
106
100
85
99
98
109
89
101
93
92
97
95
111
76
100
93
100
86
90
89
93
78
85
91
104
80
89
94
111
87
91
83
90
81
103
92
92
99
75
95
100
100
80
91
81
85
109
104
97
92
106
89
81
86
90
73
86
73
66
82
82
86
79
71
82
72
111
91
79
80
81
82
79
88
90
83
77
77
79
92
71
94
82
79
85
81
96
74
56
74
73
83
72
69
55
91
76
81
69
70
61
69
51
71
77
68
76
64
60
84
70
78
56
67
69
65
68
68
65
62
88
69
76
64
78
74
73
60
69
64
85
63
69
66
69
63
78
65
66
74
65
50
62
75
71
69
52
54
61
60
75
60
50
51
54
50
74
68
62
64
66
43
49
59
53
56
56
58
52
58
58
53
42
58
62
65
47
44
51
58
49
55
45
58
61
51
59
44
41
67
46
43
47
47
62
44
65
60
47
41
49
48
33
44
54
40
62
52
43
40
36
32
32
40
48
45
48
45
42
53
33
49
41
49
52
35
39
52
49
36
46
48
46
31
37
52
48
47
47
38
36
47
26
42
29
46
26
51
38
40
43
39
36
29
33
37
39
41
32
27
32
32
36
35
32
40
36
37
30
34
35
30
33
38
35
32
29
34
44
32
37
42
34
45
36
32
32
32
26
26
33
36
41
37
21
38
37
40
30
31
44
31
26
27
29
34
46
26
41
41
40
40
35
45
24
31
34
29
29
29
33
33
43
35
26
42
38
31
27
38
45
33
38
31
30
46
26
40
33
39
26
38
38
35
35
28
25
27
25
31
36
38
33
32
21
27
23
32
35
22
24
28
35
37
27
26
29
39
32
30
32
31
32
36
28
38
39
25
30
31
32
34
35
39
26
28
28
33
30
29
29
31
27
21
31
32
29
33
30
34
28
43
37
30
37
32
23
31
32
30
27
31
31
37
28
41
32
33
21
27
39
35
23
34
25
32
32
30
23
29
29
33
24
23
30
26
28
20
30
28
25
32
31
30
24
33
21
33
32
32
27
30
27
35
34
35
30
28
31
26
40
33
28
35
36
34
32
54
57
44
53
55
61
57
64
73
64
101
118
117
135
174
165
228
287
312
441
536
653
825
975
1021
1181
1270
1378
1407
1479
1487
1416
1497
1442
1504
1573
1405
1477
1517
1432
1465
1360
1284
1195
1022
831
640
516
382
259
227
163
124
115
100
70
72
76
45
54
52
44
47
46
31
35
23
28
39
34
36
33
31
34
43
30
25
37
40
35
25
38
37
36
37
28
37
24
25
35
29
39
25
39
24
20
28
30
23
29
22
34
25
30
31
35
28
29
29
27
26
17
27
20
31
38
36
21
27
28
25
14
33
29
36
34
25
22
32
30
30
36
31
21
27
27
21
22
41
21
38
25
32
28
34
28
27
24
26
28
29
35
18
27
29
29
26
28
26
28
25
24
20
25
23
17
42
29
35
20
17
32
22
21
24
25
22
22
25
19
35
26
35
25
28
24
30
27
38
21
24
29
23
25
38
27
25
31
28
33
19
32
24
26
31
18
25
25
32
22
23
26
25
24
32
27
24
25
32
31
25
27
27
30
27
18
23
32
23
26
21
23
22
23
45
32
29
25
23
22
17
26
19
23
30
28
28
28
25
29
28
26
24
26
23
22
22
24
26
38
29
29
26
19
15
27
30
17
32
30
24
21
21
19
22
19
29
22
25
25
27
27
25
26
19
22
23
19
19
25
21
23
16
23
26
23
34
22
29
16
17
24
16
14
35
26
26
17
26
20
24
21
18
24
24
22
20
23
25
24
18
19
22
14
27
16
26
15
16
27
20
24
22
20
17
25
24
23
14
20
21
24
12
22
13
18
15
23
19
21
34
20
22
13
23
24
16
17
22
22
20
26
12
22
21
25
22
25
29
19
26
18
26
22
19
27
17
28
24
18
27
18
19
24
13
21
24
20
17
24
22
16
11
25
21
17
16
18
14
18
13
20
16
20
11
22
18
29
17
17
19
18
23
25
19
12
20
22
19
17
20
15
22
22
19
28
16
11
22
16
21
21
18
22
15
29
28
21
18
20
12
12
22
25
17
17
20
20
14
32
20
23
22
22
20
25
14
24
12
18
24
15
28
21
9
18
14
24
24
17
16
18
22
14
24
16
27
16
21
22
21
31
15
15
16
23
28
16
21
22
24
27
22
17
17
12
26
21
23
28
16
20
23
24
25
26
18
15
22
26
14
36
23
23
28
14
21
17
18
15
20
17
22
27
35
29
22
25
19
11
30
17
21
23
15
16
13
34
11
20
18
16
24
20
15
18
20
12
26
24
21
19
16
16
19
18
12
17
17
17
15
16
24
22
23
23
14
19
20
20
20
20
14
23
15
15
23
23
19
14
22
16
21
13
20
20
17
22
23
31
16
20
18
18
17
24
23
24
11
15
19
12
28
24
19
11
17
20
22
24
22
24
11
12
23
11
23
11
18
25
14
13
12
18
20
26
20
21
21
18
25
19
21
17
17
17
18
14
24
20
23
14
19
21
16
14
20
22
19
21
22
13
24
22
14
17
18
25
28
11
17
13
15
26
23
12
11
21
17
8
24
25
18
16
16
12
24
21
13
14
19
15
21
10
23
22
19
16
10
17
19
23
15
24
17
17
26
16
23
19
23
27
20
24
25
15
17
24
26
15
15
21
21
21
23
24
22
19
17
15
14
24
20
20
27
19
13
22
15
19
17
19
21
22
14
21
14
15
20
15
18
13
20
13
23
22
24
16
18
19
21
21
20
20
16
25
19
22
14
19
26
21
14
23
22
19
26
20
18
16
29
20
21
25
20
16
21
14
15
16
22
17
10
16
19
26
28
33
14
22
20
10
20
23
17
21
6
19
14
16
15
18
20
21
23
19
19
13
20
18
22
21
17
20
24
20
25
11
17
15
19
12
21
8
12
15
22
14
18
20
16
18
17
16
22
25
15
18
21
17
27
11
16
10
19
8
19
17
19
21
18
18
24
16
14
19
10
19
18
18
17
18
13
18
19
18
18
19
12
17
15
6
23
11
18
17
14
16
16
18
19
7
16
17
21
15
11
13
14
15
19
18
12
9
19
21
16
13
20
19
16
20
13
21
14
18
18
15
9
11
6
13
17
15
8
10
11
9
9
12
12
14
7
16
15
9
9
15
10
11
11
6
9
10
14
9
10
11
10
12
13
8
7
6
10
7
15
10
5
10
9
12
11
15
9
14
12
9
7
11
7
8
10
9
8
6
5
9
9
8
9
9
3
13
12
6
11
9
7
13
5
7
10
6
15
8
4
10
3
8
7
4
7
8
8
3
6
9
12
4
8
6
6
14
10
10
8
8
8
9
11
4
6
2
3
5
3
6
6
4
4
4
8
5
9
6
7
6
6
5
4
5
9
6
8
2
6
3
2
4
1
7
5
6
5
4
7
5
8
2
7
4
5
6
4
3
4
5
5
7
4
5
5
5
9
5
5
7
6
6
2
5
6
10
6
4
6
5
2
4
3
6
4
5
0
6
2
7
4
1
1
4
1
2
1
9
4
2
3
4
4
2
3
5
6
6
7
3
8
4
6
3
5
0
2
2
5
3
4
2
2
4
2
3
3
3
2
10
1
4
3
2
7
3
1
4
6
3
3
6
5
4
5
5
7
2
4
2
5
3
3
1
4
4
1
6
5
5
3
4
3
4
4
1
5
0
2
5
1
3
2
4
2
0
2
3
1
2
5
3
4
2
4
2
3
4
1
5
2
4
3
5
4
2
2
5
1
0
1
2
4
2
2
2
2
2
2
4
3
4
2
1
6
4
6
1
4
2
1
5
2
2
1
2
5
2
2
2
2
4
4
3
3
1
1
4
3
1
2
6
3
2
7
2
2
3
2
4
7
4
3
2
2
4
2
4
2
1
3
5
3
2
1
3
0
3
3
3
1
5
7
5
3
2
1
2
1
2
3
5
3
3
1
1
1
1
1
3
5
3
3
3
7
3
1
3
4
3
1
3
1
5
4
4
1
2
4
2
5
11
7
6
3
6
12
9
6
7
5
10
11
9
10
7
17
22
16
18
23
32
22
20
34
23
40
36
36
51
56
59
61
65
66
64
76
75
89
73
83
95
90
90
79
92
79
92
83
61
79
70
62
73
61
66
42
56
50
41
32
28
19
10
14
9
9
11
4
2
7
4
5
2
1
1
3
1
2
1
3
1
0
0
2
1
2
1
3
0
0
0
1
1
2
1
0
2
1
0
0
0
2
2
0
2
3
0
0
0
2
1
0
0
1
0
0
0
1
1
1
0
0
1
0
1
0
1
3
1
0
0
2
2
2
2
1
1
2
1
2
2
0
0
1
3
1
0
0
0
1
0
0
2
1
1
0
1
0
0
1
0
1
2
1
1
1
1
1
1
0
1
1
0
0
2
0
0
1
2
0
0
0
1
1
2
0
0
1
2
1
0
1
0
0
0
0
0
1
1
0
0
2
0
1
0
0
0
0
0
1
2
1
0
1
0
1
1
0
1
3
2
0
1
0
1
3
0
1
4
2
1
0
1
1
2
0
2
0
1
0
0
1
0
1
0
2
1
0
0
1
1
1
2
1
0
0
1
1
0
0
0
0
1
1
0
0
0
2
0
1
1
1
0
1
0
1
0
0
0
1
0
2
1
0
0
0
1
2
0
0
0
0
0
1
0
0
0
0
0
0
0
1
1
0
0
1
0
0
0
0
0
0
1
1
0
0
0
1
0
0
1
1
0
1
0
1
0
0
0
0
1
1
2
0
0
0
1
1
0
2
0
0
1
0
1
0
0
0
1
0
2
0
1
1
1
1
2
0
2
0
0
0
0
0
0
0
0
1
0
0
0
1
0
0
0
0
0
0
1
1
1
2
0
2
0
0
0
0
0
0
0
1
0
0
1
0
0
0
0
0
1
1
2
0
0
0
1
0
1
0
2
0
0
1
0
0
0
1
0
0
0
1
1
0
0
0
0
0
0
1
0
0
0
0
1
2
2
0
0
0
0
0
0
0
0
1
0
0
0
0
0
1
2
1
0
0
0
1
1
0
0
0
0
0
1
0
0
1
0
2
0
0
0
1
1
0
0
0
0
0
0
1
0
0
0
0
0
0
0
0
1
0
0
1
1
1
0
0
2
0
0
1
1
3
1
1
0
0
0
0
1
1
1
1
0
1
0
0
0
0
1
1
0
0
2
0
0
0
1
0
0
0
0
1
0
3
0
1
2
1
0
0
0
0
0
0
0
1
1
2
1
2
0
1
0
1
0
0
0
1
0
1
0
0
0
0
0
1
0
1
0
0
2
0
0
0
0
0
0
0
0
0
1
0
1
1
0
0
1
0
1
2
1
1
0
2
1
1
0
0
0
0
0
0
0
0
0
0
1
1
1
2
0
0
0
1
0
1
1
0
0
0
0
0
0
0
1
0
0
1
0
0
0
0
0
1
0
0
0
0
2
0
0
0
0
0
0
0
1
0
0
0
0
1
1
0
2
0
1
1
0
0
0
0
0
0
1
0
0
0
0
1
0
1
0
0
0
0
0
0
0
0
1
0
0
0
1
1
1
0
1
0
2
0
0
1
0
0
0
0
0
0
1
0
0
0
0
0
0
2
0
0
1
0
0
0
0
0
1
0
0
1
0
1
1
1
1
1
0
0
0
1
0
0
1
0
1
0
0
1
0
1
0
1
0
0
0
0
0
0
0
1
1
0
0
1
0
0
0
0
0
0
0
0
1
1
0
2
0
0
0
1
1
0
0
0
0
0
1
0
0
0
0
1
0
0
0
0
0
0
0
0
0
0
0
0
1
0
0
0
1
1
0
0
1
0
0
0
0
1
1
0
0
0
0
1
1
0
1
1
0
0
0
1
0
0
0
0
0
1
0
0
0
0
1
0
1
0
0
0
1
0
0
0
0
0
0
0
0
0
0
0
1
0
1
0
2
1
1
1
0
1
0
0
1
0
0
1
0
0
0
0
0
1
1
0
1
0
0
0
0
0
0
1
0
0
0
1
0
0
0
0
0
1
0
0
0
0
0
0
1
2
0
0
0
0
0
2
0
1
0
0
0
0
0
0
0
0
0
0
0
0
0
0
1
0
0
0
0
0
0
0
0
2
1
0
0
0
0
1
0
0
0
0
0
0
0
1
0
0
0
1
1
0
1
1
1
0
0
1
0
1
1
0
1
0
0
0
0
0
1
0
0
0
0
1
0
1
0
0
0
1
0
0
0
1
0
0
0
0
0
1
0
0
0
0
1
0
0
0
0
0
0
0
0
0
0
0
0
0
0
0
0
0
1
0
0
0
0
0
0
0
0
0
0
0
1
0
0
0
1
0
1
1
0
0
0
1
0
0
0
0
1
0
1
0
0
0
0
1
0
0
1
1
0
0
0
0
0
0
1
0
0
0
0
0
0
1
0
1
0
0
0
0
0
0
1
0
0
0
1
0
0
0
1
0
0
0
0
0
0
0
0
1
0
1
0
0
0
0
1
1
0
0
0
0
1
0
0
0
0
0
0
0
2
0
0
0
0
0
0
0
0
0
0
0
0
0
0
0
0
1
0
0
0
0
1
1
0
0
2
0
0
0
0
0
0
1
0
0
0
1
0
0
0
0
0
0
0
0
0
0
0
0
0
0
0
0
0
0
0
0
0
0
0
1
0
0
1
0
0
0
0
0
1
0
0
2
0
0
0
0
0
0
0
0
0
1
0
0
0
1
0
0
0
0
0
0
0
0
0
0
1
0
0
0
0
0
1
0
1
0
1
0
1
0
0
1
0
0
1
0
0
0
0
0
0
0
0
0
0
0
0
0
0
0
0
0
0
0
0
1
0
0
0
0
0
0
1
0
0
0
0
0
0
0
0
0
0
0
0
0
1
1
0
0
0
0
0
0
0
0
0
0
0
0
0
0
1
0
0
0
2
0
0
0
0
0
0
2
1
0
1
0
0
0
0
0
0
0
0
0
0
0
0
0
0
0
0
0
0
0
0
0
0
0
0
0
0
0
0
0
0
0
0
0
0
0
0
0
0
0
0
0
0
1
0
0
1
0
0
1
0
0
2
0
0
0
0
0
1
0
0
0
0
0
0
0
0
0
0
0
1
0
1
0
0
0
1
1
0
0
2
0
0
0
0
1
0
1
0
0
0
0
0
0
0
0
0
0
0
0
0
1
0
0
0
0
0
0
0
0
0
0
0
0
0
0
0
0
0
0
1
0
0
0
1
0
0
1
0
0
0
0
0
0
1
0
0
0
0
0
0
1
2
1
0
1
0
1
0
0
0
0
1
0
0
1
0
0
0
0
0
1
0
1
0
0
0
0
1
0
0
0
0
1
0
1
0
0
0
1
0
1
0
0
0
0
1
0
0
0
0
0
0
0
0
0
0
0
0
0
0
0
0
0
0
0
0
1
0
0
0
0
0
0
0
0
0
0
0
0
0
0
0
0
0
0
0
0
0
1
0
0
0
0
0
0
0
1
0
1
0
0
0
1
0
0
0
0
0
0
0
0
0
0
0
1
0
0
0
2
0
0
0
0
0
0
0
0
0
0
0
0
0
0
0
0
0
0
0
0
0
0
0
1
0
1
0
0
0
0
0
0
1
0
0
0
0
0
0
0
0
0
0
0
0
0
0
0
0
0
0
0
0
0
0
0
0
0
1
0
0
0
0
0
0
0
0
0
0
0
0
0
0
0
1
0
1
1
0
0
0
0
0
0
0
0
0
0
0
0
0
0
0
1
0
0
0
0
0
1
0
0
0
1
0
0
0
0
1
0
0
0
0
0
0
0
0
0
1
0
0
0
0
0
0
0
0
0
0
0
0
0
1
0
0
0
0
0
0
0
0
0
0
0
1
0
0
0
1
0
0
0
0
0
0
0
0
0
0
0
0
0
0
0
0
0
0
0
0
1
0
0
0
0
0
0
0
0
0
0
0
0
0
1
0
0
0
0
0
0
1
0
0
0
0
0
0
0
0
0
0
0
0
1
0
0
0
0
1
1
0
0
0
1
0
0
0
0
0
0
1
0
0
0
0
0
0
0
0
1
0
0
0
0
1
0
1
1
0
0
0
0
0
0
0
0
0
0
0
0
0
0
0
1
0
0
0
0
0
0
0
0
1
0
1
0
0
0
0
0
0
0
0
0
1
0
1
0
0
0
0
0
0
0
0
0
0
0
0
0
0
0
0
0
0
0
0
0
0
0
0
0
0
0
0
0
0
0
0
0
0
0
0
0
0
0
0
0
0
0
0
0
0
0
0
0
0
0
1
0
0
0
0
0
0
0
0
0
0
0
0
0
0
0
0
0
0
0
0
0
1
0
1
0
0
0
0
0
0
0
0
0
0
0
0
0
0
0
0
0
0
0
0
0
0
0
0
0
0
0
0
0
0
0
0
0
0
0
0
0
0
0
0
0
0
0
0
0
0
0
0
0
0
0
1
0
0
0
0
0
0
0
0
0
0
0
0
0
0
0
0
0
0
0
0
0
0
1
0
0
0
0
1
0
1
0
0
0
0
0
0
0
0
0
0
0
0
0
0
1
0
0
0
0
0
0
0
0
0
0
0
0
0
0
0
0
0
0
0
0
0
0
0
0
0
0
0
0
0
0
0
0
0
0
0
0
0
0
0
0
0
0
0
0
0
0
0
0
0
0
0
0
0
0
0
0
0
0
1
0
0
0
0
0
0
0
0
0
0
0
0
0
0
0
0
0
0
0
0
0
0
0
0
0
0
0
0
0
0
0
0
0
0
0
0
0
0
0
0
0
0
0
0
0
0
0
0
0
0
0
0
0
0
0
0
0
0
0
0
0
0
0
0
0
0
0
0
0
0
0
0
1
0
0
0
0
0
0
0
0
0
1
0
0
0
0
1
1
0
0
0
1
0
2
2
1
1
1
1
0
0
1
1
0
1
0
0
0
0
2
1
0
0
0
0
1
1
0
1
1
1
0
0
0
1
0
0
1
4
1
1
1
0
0
0
0
0
0
0
0
0
0
0
0
0
0
0
0
0
0
0
0
0
0
0
0
0
0
0
0
0
0
0
0
0
0
0
0
0
0
0
0
1
1
0
0
0
0
0
0
0
0
0
0
0
0
0
0
0
0
0
0
0
0
0
0
0
0
0
0
0
0
0
0
0
0
0
0
0
0
0
0
0
0
0
0
0
0
0
0
0
0
0
0
0
0
0
0
0
0
0
0
0
0
0
0
0
0
0
0
0
0
0
0
0
0
0
0
0
0
0
0
0
0
0
0
0
0
0
0
0
0
0
0
0
0
0
0
0
0
0
0
0
0
0
0
0
0
0
0
0
0
0
0
0
0
0
0
0
0
0
0
0
0
0
0
0
0
0
0
0
0
0
0
0
0
0
0
0
0
0
0
0
0
0
0
1
0
0
0
0
0
0
0
0
0
0
0
0
0
0
0
0
0
0
0
0
0
0
0
0
0
0
0
0
0
0
0
0
0
0
0
0
0
0
0
0
0
0
0
0
0
0
0
0
0
0
0
0
0
0
0
0
0
0
0
0
0
0
0
0
0
0
0
0
0
0
0
0
0
0
0
0
0
0
0
0
0
0
0
0
0
0
0
0
0
0
0
0
0
0
0
0
0
0
0
0
0
0
0
0
0
0
0
0
0
0
0
0
0
0
0
0
0
0
0
0
0
0
0
0
0
0
0
0
0
0
0
0
1
0
0
0
0
0
0
0
0
0
0
0
0
0
0
0
0
0
0
0
0
0
0
0
0
0
0
1
0
0
0
0
0
0
0
0
0
0
0
0
0
0
0
0
0
0
0
0
0
0
0
0
0
0
0
0
0
0
0
0
0
0
0
0
0
0
0
0
0
0
0
0
0
0
0
0
0
0
0
0
0
0
0
0
0
0
0
0
0
0
0
0
0
0
0
0
0
0
0
0
0
0
0
0
0
0
0
0
0
0
0
0
0
0
0
0
0
0
0
0
0
0
0
0
0
0
0
0
0
0
0
0
0
0
0
0
0
0
0
0
0
0
0
0
0
0
0
0
0
0
0
0
0
0
0
0
0
0
0
0
0
0
0
0
0
0
0
0
0
0
0
0
0
0
0
1
0
0
0
0
0
0
0
0
0
0
0
0
0
0
0
0
0
0
0
0
0
0
0
0
0
0
0
0
0
0
0
0
0
0
0
0
0
0
0
0
0
0
0
0
0
1
0
0
0
0
0
0
0
0
0
0
0
0
0
0
0
0
0
0
0
0
0
0
0
0
0
0
0
0
0
0
0
0
0
0
0
0
0
0
0
0
0
0
0
0
0
0
0
0
0
0
0
0
0
0
0
0
0
0
0
0
0
0
0
0
0
0
0
0
0
0
0
0
0
0
0
1
0
0
0
0
0
0
0
0
0
0
0
0
0
0
0
0
0
0
0
0
0
0
0
0
0
0
0
0
0
0
0
0
0
0
0
0
0
0
0
0
0
0
0
0
0
0
0
0
0
0
0
0
0
0
0
0
0
0
0
0
0
0
0
0
0
0
0
0
0
0
0
0
0
0
0
0
0
0
0
0
0
0
0
0
0
0
0
0
0
0
0
0
0
0
0
0
0
0
0
0
0
0
0
0
0
0
0
0
0
0
0
0
0
0
0
0
0
0
0
0
0
0
0
0
0
0
0
0
0
0
0
0
0
0
0
0
0
0
0
0
0
0
0
0
0
0
0
0
0
0
0
0
0
0
0
0
0
0
0
0
0
0
0
0
0
0
0
0
0
0
0
0
0
0
0
0
0
0
0
0
0
0
0
0
0
0
0
0
0
0
0
0
0
0
0
0
0
0
0
0
0
0
0
0
1
0
0
0
0
0
0
0
0
0
0
0
0
0
0
0
0
0
0
0
0
0
0
0
0
0
0
0
0
0
0
0
0
0
0
0
0
0
0
0
0
0
0
0
0
0
0
0
0
0
0
0
0
0
0
0
0
0
0
0
0
0
0
0
0
0
0
0
0
0
0
0
0
0
0
0
0
0
0
0
0
0
0
0
0
0
0
0
0
0
0
0
0
0
0
0
0
0
0
0
0
0
0
0
0
0
0
0
0
0
0
0
0
0
0
0
0
0
0
0
0
0
0
0
0
0
0
0
0
0
0
0
0
0
0
0
0
0
0
0
0
0
0
0
0
0
0
0
0
0
0
0
0
0
0
0
0
0
0
0
0
0
0
0
0
0
0
0
0
0
0
0
0
0
0
0
0
0
0
0
0
0
0
0
0
0
0
0
0
0
0
0
0
0
0
0
0
0
0
0
0
0
0
0
0
0
0
0
0
0
0
0
0
0
0
0
0
0
0
0
0
0
0
0
0
0
0
0
0
0
0
0
0
0
0
0
0
0
0
0
0
0
0
0
0
0
0
0
0
0
0
0
0
0
0
0
0
0
0
0
0
0
0
0
0
0
0
0
0
0
0
0
0
0
0
0
0
0
0
0
0
0
0
0
0
0
0
0
0
0
0
0
0
0
0
0
0
0
0
0
0
0
0
0
0
0
0
0
0
0
0
0
0
0
0
0
0
0
0
0
0
0
0
0
0
0
0
0
0
0
0
0
0
0
0
0
0
0
0
0
0
0
0
0
0
0
0
0
0
0
0
0
0
0
0
0
0
0
0
0
0
0
0
0
0
0
0
0
0
0
0
0
0
0
0
0
0
0
0
0
0
0
0
0
0
0
0
0
0
0
0
0
0
0
0
0
0
0
0
0
0
0
0
0
0
0
0
0
0
0
0
0
0
0
0
0
0
0
0
0
0
0
0
0
0
0
0
0
0
0
0
0
0
0
0
0
0
0
0
0
0
0
0
0
0
0
0
0
0
0
0
0
0
0
0
0
0
0
0
0
0
0
0
0
0
0
0
0
0
0
0
0
0
0
0
0
0
0
0
0
0
1
0
0
0
0
0
0
0
0
0
0
0
0
0
0
0
0
0
0
0
0
0
0
0
0
0
0
0
0
0
0
0
0
0
0
0
0
0
0
0
0
0
0
0
0
0
0
0
0
1
0
1
0
0
0
0
0
3
0
0
0
1
0
0
1
1
1
1
0
1
1
1
0
0
0
2
0
1
0
0
1
0
0
0
0
0
3
0
0
1
0
1
0
1
1
0
1
2
0
1
1
0
1
1
0
1
1
1
0
1
0
1
0
0
0
0
0
0
2
0
1
0
1
0
2
1
0
0
0
0
2
0
0
0
1
1
2
2
1
0
2
0
0
1
1
2
1
1
1
0
1
1
0
0
0
2
0
0
0
0
0
1
0
0
1
0
0
0
1
1
1
2
0
0
0
1
