0
0
0
0
0
0
0
0
0
0
0
0
0
0
0
0
0
0
0
0
0
0
0
0
0
0
0
0
0
0
0
0
0
0
0
0
0
0
0
0
0
0
0
0
0
0
0
0
0
0
0
0
0
0
0
0
1
2
8
13
15
30
35
32
54
49
70
74
78
68
78
71
93
90
82
104
98
100
94
94
99
95
122
118
115
92
126
146
115
134
147
128
166
167
176
181
188
189
191
221
233
242
252
342
345
377
408
488
518
570
680
879
945
1132
1326
1357
1588
1737
1453
1192
901
662
479
366
353
242
255
252
250
262
274
276
286
291
335
326
399
372
415
438
434
493
484
543
588
591
645
631
624
685
735
652
683
618
562
500
458
390
341
339
350
293
345
349
369
402
466
470
466
559
557
605
585
563
544
506
499
464
476
429
410
360
364
337
377
410
467
461
499
516
575
534
540
537
554
473
463
466
429
383
398
356
371
422
445
459
463
456
503
518
483
499
491
504
488
441
425
429
387
441
410
462
463
497
468
494
455
467
479
481
509
499
460
454
477
454
466
466
443
445
475
402
441
499
444
490
469
488
510
505
487
511
416
478
445
485
457
464
452
455
412
470
465
454
506
428
482
428
467
443
465
455
471
443
491
455
477
451
480
480
440
424
455
466
445
477
444
447
424
448
483
459
414
450
461
434
422
461
417
444
439
464
483
432
474
444
454
447
446
424
441
485
440
455
470
441
430
472
509
414
447
445
419
460
458
472
455
443
496
445
455
444
462
466
436
480
463
448
435
453
472
459
473
446
480
455
444
464
485
439
469
426
412
450
439
458
441
452
460
487
471
445
454
436
476
427
438
472
480
470
496
505
475
504
498
467
497
493
469
489
564
493
478
544
493
517
491
559
514
555
524
490
533
508
503
551
488
533
505
563
512
501
511
541
557
559
524
501
520
538
538
498
519
502
529
515
545
530
549
555
563
550
496
506
521
554
532
533
516
548
496
564
529
509
547
517
530
528
498
522
532
527
560
563
523
491
536
508
515
550
563
509
487
533
515
506
528
532
529
504
482
544
502
457
512
486
517
533
500
475
508
531
488
513
499
497
499
538
517
529
549
482
509
525
503
489
481
546
545
561
508
517
523
488
492
473
541
474
513
570
536
509
493
477
485
527
516
519
505
520
512
503
517
511
503
518
499
506
498
515
530
498
499
473
531
528
490
480
472
500
529
571
509
531
523
524
504
472
460
473
501
538
522
488
533
540
540
517
505
489
550
543
488
546
525
531
491
527
533
526
540
530
501
500
514
474
495
513
520
527
521
496
530
508
535
520
494
491
524
480
502
527
511
495
485
503
519
526
473
506
521
500
494
501
513
478
510
530
540
539
503
512
518
528
482
510
536
507
507
514
524
509
493
541
517
528
484
512
500
497
478
498
485
503
517
522
508
502
518
535
550
509
509
536
506
493
501
502
516
530
514
517
468
478
478
480
522
522
481
516
522
544
511
535
510
537
551
519
522
542
527
541
525
493
509
507
559
502
487
548
513
521
517
525
526
498
536
506
531
542
557
492
546
528
499
533
555
538
560
514
531
541
529
603
537
563
529
590
530
536
570
550
546
531
558
525
543
558
518
556
574
567
562
564
552
589
531
528
558
581
538
564
584
526
599
555
531
583
571
554
535
570
578
568
524
583
567
568
574
608
589
605
568
658
579
589
587
612
572
552
574
601
600
649
643
651
614
610
626
594
632
661
587
583
622
617
598
596
624
615
637
658
626
635
642
650
621
606
645
587
624
671
625
693
689
646
654
678
674
674
674
617
657
643
643
644
686
672
682
606
643
664
676
679
629
657
589
625
655
600
580
604
623
608
553
578
581
508
572
546
511
503
502
480
497
451
452
456
439
461
426
434
438
418
425
397
355
408
379
404
384
381
391
397
345
370
374
381
370
366
380
360
354
347
378
332
358
361
375
351
370
348
340
332
391
326
327
345
329
330
312
340
302
309
347
336
312
334
302
338
299
312
295
335
315
288
278
317
294
324
294
325
295
289
325
305
291
286
298
268
289
292
284
287
290
282
254
284
278
282
281
279
252
285
292
299
266
269
268
275
233
260
269
255
254
254
234
243
281
275
255
231
256
220
221
242
234
275
242
232
241
251
261
230
234
222
250
257
260
242
243
216
227
195
222
214
200
219
229
230
204
233
223
220
212
217
213
196
214
209
193
190
194
208
201
197
224
223
214
199
186
189
222
215
222
184
186
167
186
152
159
192
185
197
185
187
180
170
189
203
175
180
189
155
172
149
168
156
178
180
160
166
169
159
188
173
154
193
152
179
183
196
159
158
156
186
180
181
165
204
159
157
170
182
171
176
157
169
161
150
163
173
156
158
193
175
174
168
149
163
194
171
177
151
164
153
161
167
162
153
167
170
153
190
179
171
158
150
157
163
155
170
191
154
159
159
171
165
152
157
153
163
200
181
157
137
179
187
159
165
164
160
159
157
167
169
168
161
166
144
169
133
155
160
191
147
136
146
158
160
163
170
147
148
151
161
155
154
163
159
138
168
159
150
174
153
168
146
145
161
170
188
146
166
163
166
154
171
164
172
156
175
129
178
169
149
160
131
155
135
161
149
156
159
154
146
137
152
143
153
145
164
127
157
172
143
135
159
174
126
131
142
141
163
166
147
145
159
157
148
167
138
155
163
144
162
162
155
130
156
163
155
139
140
151
162
150
148
164
149
167
153
162
146
136
153
140
130
139
141
131
141
140
164
139
153
149
151
152
134
153
147
155
166
150
148
148
149
156
133
140
149
147
161
171
177
161
174
153
168
172
195
196
232
265
357
551
847
1427
2368
3586
5347
7554
9868
12124
13997
15013
15216
13944
12020
9785
7543
5529
4061
2937
2158
1683
1329
1182
1051
921
882
771
714
665
678
577
550
486
501
363
305
290
242
243
214
199
205
171
150
187
150
148
131
115
116
110
139
127
135
134
118
121
114
104
123
124
104
87
117
103
111
110
109
105
116
107
112
97
106
109
107
100
115
94
124
104
89
86
104
95
102
100
86
84
106
110
120
107
104
118
127
94
108
84
94
97
94
95
94
90
90
94
103
96
80
85
110
102
98
84
108
91
109
89
97
88
105
102
99
114
81
94
91
96
106
98
114
96
103
109
110
103
92
114
99
97
92
100
94
96
85
105
93
105
102
77
96
100
98
101
89
97
85
84
88
111
100
85
98
86
72
93
96
90
81
90
98
97
99
75
86
80
106
97
88
95
97
99
101
98
92
103
95
105
92
82
94
107
102
84
81
78
120
77
94
96
87
89
95
86
109
92
103
76
87
101
83
92
78
82
95
106
82
86
84
82
96
95
85
82
107
84
92
101
72
72
87
88
103
79
92
95
82
89
82
76
91
103
94
78
95
93
95
100
105
86
89
71
81
99
82
109
69
81
89
88
101
91
97
79
80
85
80
77
104
84
100
96
82
74
83
98
77
83
82
102
101
75
92
76
75
92
82
70
90
87
107
91
112
90
98
98
75
82
90
102
97
101
81
96
88
80
90
81
95
62
79
83
78
92
90
86
102
95
86
80
90
81
85
71
89
94
80
91
86
88
73
78
94
92
92
86
98
86
105
92
82
82
85
91
88
101
95
80
84
81
80
93
92
94
74
95
72
93
90
91
71
84
92
97
73
75
80
86
80
88
77
83
91
84
97
88
107
98
84
92
66
78
78
84
89
78
85
84
99
116
94
65
89
85
92
81
87
86
71
78
76
84
72
71
79
79
90
75
106
88
76
108
76
83
71
105
101
84
91
104
88
84
86
79
86
81
83
91
78
87
68
94
83
70
87
78
86
92
83
86
83
81
90
82
102
82
108
84
80
80
83
84
88
90
96
95
113
101
91
84
86
88
82
70
82
99
87
86
82
90
80
77
96
85
87
98
80
97
86
91
98
86
93
84
96
77
81
89
77
80
97
89
81
88
93
82
78
84
93
88
93
86
78
89
82
88
88
87
99
79
93
88
90
94
87
89
86
70
94
82
81
83
79
96
87
72
82
100
75
85
74
81
72
74
94
68
73
79
88
78
81
94
84
94
88
64
97
81
76
90
63
90
86
78
92
82
87
91
82
88
89
85
82
85
78
88
83
87
91
84
75
73
97
74
92
91
98
82
104
84
84
103
115
93
87
76
86
81
85
85
89
74
96
65
74
94
79
94
84
83
91
75
98
66
91
87
92
85
97
84
92
82
88
76
91
108
82
88
99
86
78
77
77
77
72
78
95
91
84
97
97
78
99
89
88
82
89
95
112
87
74
87
96
78
88
82
79
88
94
78
78
82
77
94
89
71
75
78
79
76
88
100
88
100
104
125
85
95
86
91
91
83
87
79
78
75
88
78
84
78
93
98
99
107
90
74
76
97
86
94
75
67
84
96
91
86
110
89
92
98
71
83
80
77
83
99
75
92
88
88
79
79
92
82
84
81
95
85
84
91
92
92
57
91
72
65
87
87
88
92
86
90
69
84
72
77
98
101
79
76
83
79
76
73
84
89
88
92
98
83
71
87
103
96
82
82
76
88
84
88
96
86
64
97
73
83
84
85
80
94
70
68
111
80
76
86
89
74
99
102
58
77
93
83
83
99
85
99
85
83
77
81
78
92
85
67
76
88
93
91
82
95
94
94
94
60
89
83
81
94
88
97
87
92
80
94
87
82
84
75
93
71
87
83
95
91
76
83
92
80
78
72
89
83
78
80
78
79
91
97
82
87
93
99
91
77
99
94
94
98
89
90
88
83
96
89
99
100
93
89
87
78
85
75
92
85
88
101
80
90
86
82
75
98
98
94
83
85
72
90
96
89
88
95
87
85
104
79
92
96
81
111
98
80
82
87
94
94
85
100
87
100
81
95
78
75
83
76
91
84
86
100
105
84
105
95
98
78
86
113
81
86
91
91
85
91
104
84
101
86
92
95
86
107
76
78
90
93
94
70
87
84
89
87
79
76
80
90
84
67
94
87
108
87
84
80
78
70
91
91
92
88
81
89
90
86
79
89
94
84
92
85
95
96
84
101
83
106
91
106
78
99
94
82
91
75
115
94
94
91
101
92
84
88
110
91
94
83
111
116
123
87
79
96
75
93
104
81
100
98
88
91
83
95
87
92
82
79
93
90
85
110
96
101
96
111
102
103
103
95
87
94
115
80
100
90
96
85
97
84
99
108
88
98
92
101
106
100
88
95
79
91
95
96
112
104
117
121
107
87
89
95
97
86
73
88
94
114
96
103
99
77
85
112
96
99
97
96
94
95
93
92
96
102
108
115
107
105
91
79
87
119
93
107
87
92
86
104
96
90
97
108
106
107
130
100
98
108
109
109
101
98
105
105
92
104
102
96
109
120
112
108
102
93
90
103
109
109
92
100
97
87
104
101
102
121
90
119
92
95
123
115
107
97
109
109
114
95
112
105
84
104
105
104
112
103
92
119
124
115
98
127
101
115
107
96
106
101
119
94
101
90
111
106
109
86
108
122
96
119
117
126
117
112
105
101
101
114
115
93
112
109
116
116
105
100
107
132
105
115
96
127
102
113
108
119
108
111
140
101
107
98
123
128
124
102
107
96
115
109
115
131
100
121
99
121
108
145
108
117
111
117
104
139
128
115
122
109
122
115
112
119
106
134
116
110
144
111
114
117
122
117
109
121
123
125
125
128
141
114
130
129
109
133
114
125
143
116
121
129
136
129
116
126
136
100
119
109
121
141
115
136
126
125
132
133
139
142
114
132
143
119
136
144
134
135
123
132
142
120
140
134
119
130
137
122
136
126
123
132
115
136
151
129
134
142
134
140
119
135
131
140
138
115
130
138
127
154
148
144
131
151
155
146
144
131
121
116
157
136
150
114
137
149
137
134
135
142
143
144
150
134
139
155
131
157
137
145
139
118
151
127
115
115
144
141
151
147
124
141
127
138
167
116
135
146
134
143
151
149
133
127
136
151
123
156
153
135
156
138
176
142
142
135
148
151
153
138
146
144
160
153
142
154
144
151
156
174
141
162
143
156
159
162
140
140
151
149
159
162
171
165
161
144
150
134
140
137
118
137
147
120
131
134
123
129
132
122
127
109
141
129
108
99
126
107
108
101
108
89
110
103
97
122
102
99
89
92
92
96
86
109
74
90
100
103
94
81
98
95
82
94
104
98
91
90
100
80
104
102
109
85
90
103
101
72
93
68
91
85
99
75
103
87
103
85
102
94
80
104
89
92
81
92
89
90
90
78
80
97
77
99
93
111
77
84
106
80
80
85
63
90
105
78
80
104
85
76
74
91
83
71
75
101
80
74
110
83
80
92
76
61
72
69
79
66
74
80
90
69
78
56
75
96
79
75
71
89
80
72
90
74
66
73
75
66
68
69
65
86
63
57
76
77
85
67
73
64
76
69
74
77
64
56
70
71
63
82
77
60
67
75
59
68
70
58
54
65
69
82
66
69
85
63
67
71
78
76
59
95
69
72
52
63
72
67
61
69
68
72
73
77
63
68
62
71
74
62
73
70
64
55
48
61
67
60
61
60
56
69
71
62
67
60
62
65
58
65
58
44
60
48
50
46
50
60
69
62
53
63
53
52
67
49
45
62
44
52
64
55
38
49
50
61
50
58
56
43
45
54
55
45
55
48
58
44
41
45
37
46
43
48
55
42
37
47
40
46
49
43
45
40
39
44
40
53
46
45
52
41
31
45
38
39
46
44
48
40
48
37
50
44
43
38
42
53
43
37
32
36
42
50
34
33
37
30
44
42
39
53
34
39
39
45
43
42
37
52
46
33
41
35
27
35
39
34
40
44
39
31
36
31
43
44
51
42
33
39
43
29
47
33
35
36
32
31
33
36
28
29
36
27
30
41
31
42
26
40
35
39
46
37
35
37
33
38
27
24
36
32
32
36
29
36
34
43
37
42
27
34
28
45
36
34
35
38
33
42
40
39
30
34
26
37
27
34
41
36
35
37
35
31
21
23
35
22
28
43
36
37
41
27
36
33
32
23
39
32
37
31
45
43
38
36
28
31
43
25
33
30
28
28
40
28
34
25
30
47
32
43
41
32
35
40
19
28
39
35
37
41
33
26
24
30
37
35
25
31
28
34
34
34
37
39
26
38
31
37
27
34
28
25
40
40
29
33
35
39
34
34
37
39
39
42
31
33
40
36
36
28
35
35
33
44
33
40
31
25
30
25
25
30
26
31
20
30
43
28
30
25
35
35
30
28
34
31
26
38
34
26
34
32
34
28
27
44
27
33
33
23
39
38
31
34
37
27
37
34
43
32
31
34
29
41
38
45
63
132
250
503
827
1318
2035
2775
3387
3841
3848
3529
3012
2129
1393
961
666
473
341
281
269
226
219
202
193
189
175
181
171
152
131
112
119
89
67
80
56
64
60
56
53
45
33
54
53
38
41
35
50
32
55
33
42
27
47
31
31
34
38
32
42
33
35
37
35
31
38
28
35
28
17
44
28
27
34
29
39
31
45
30
30
33
43
35
38
33
26
29
37
31
36
34
34
23
17
34
26
25
29
25
31
27
31
29
29
24
31
36
44
34
42
28
41
32
32
29
33
32
27
24
25
38
38
31
36
47
37
25
22
24
27
44
25
27
24
21
33
35
31
30
24
30
35
30
36
29
26
44
32
24
31
29
34
26
32
26
27
37
28
35
38
27
37
27
33
28
27
28
30
30
22
29
29
24
29
33
15
23
28
34
42
26
29
29
33
28
26
25
23
21
26
34
22
24
36
28
31
29
34
23
31
33
25
19
29
32
32
34
22
22
21
18
27
22
42
19
34
23
26
29
33
24
26
27
28
33
24
33
22
28
29
24
29
26
25
25
23
18
34
26
26
21
30
24
22
26
24
29
26
27
30
28
18
25
23
22
26
24
17
21
25
35
20
28
16
26
26
31
23
22
21
25
28
24
31
24
28
23
24
28
23
21
28
34
26
27
23
21
27
25
25
23
22
23
16
35
19
19
21
18
30
19
21
25
22
25
26
27
21
21
25
32
31
24
24
23
29
27
27
25
23
27
19
25
22
25
18
20
29
28
15
25
22
23
24
27
26
18
20
28
26
25
27
19
23
14
27
27
18
16
25
23
20
33
26
19
16
31
21
18
24
26
22
22
25
19
29
22
22
20
24
16
28
22
24
16
15
17
26
31
29
34
17
17
19
33
20
28
25
24
26
25
24
18
22
18
20
19
32
13
19
19
28
25
21
18
27
21
23
23
22
30
17
17
31
19
16
16
21
31
22
30
22
28
22
25
17
18
30
24
20
16
22
28
27
30
16
24
20
26
20
28
20
22
28
21
18
29
22
19
19
25
22
20
24
22
24
24
31
19
21
22
31
16
25
22
23
26
29
21
28
25
24
17
27
15
23
21
21
21
23
15
20
19
23
24
17
24
31
33
27
34
37
36
32
29
28
24
29
23
15
20
30
26
35
25
29
21
19
23
28
22
20
18
20
22
26
22
21
26
25
28
27
12
17
21
11
20
19
24
27
28
26
24
25
19
20
14
30
22
28
26
21
22
23
19
24
18
16
21
18
18
19
22
27
25
24
27
24
26
16
27
22
22
18
19
24
20
19
21
22
27
25
21
21
23
20
17
19
27
20
19
24
21
22
23
24
25
12
23
15
22
21
18
22
22
24
20
13
17
21
26
18
22
31
22
20
21
21
14
22
27
22
13
26
21
27
14
21
24
15
24
15
17
23
20
21
18
17
27
21
27
20
29
28
19
25
17
23
25
20
21
31
22
17
21
26
19
19
22
32
19
18
32
23
22
19
14
13
19
26
26
26
28
19
23
16
23
20
16
28
21
20
22
21
19
24
26
22
27
14
16
10
22
23
19
22
20
31
23
18
18
23
19
13
20
18
17
26
19
23
26
23
21
28
17
23
24
22
14
16
14
32
25
26
19
14
16
21
17
23
25
11
20
24
24
26
27
23
20
23
36
21
26
12
22
22
21
23
21
18
20
30
27
33
21
15
20
21
21
25
19
24
24
20
21
19
20
18
22
27
21
20
24
18
17
24
22
19
14
19
25
28
26
22
24
19
24
25
24
20
14
20
25
17
17
25
9
18
8
24
21
11
20
28
22
25
17
20
22
19
18
19
21
24
18
17
29
16
19
13
18
12
23
12
10
15
16
16
19
14
17
16
20
18
14
18
18
18
21
14
21
23
17
18
27
18
19
23
20
18
18
23
13
18
18
18
19
16
14
21
15
18
17
21
22
22
13
14
14
15
19
22
22
18
16
26
17
26
14
21
16
16
17
13
14
22
13
17
14
17
19
14
15
15
16
20
21
10
17
13
15
13
4
21
17
9
16
18
17
13
19
12
9
12
16
6
14
14
9
15
15
17
13
14
19
8
18
10
16
15
21
14
17
15
9
9
10
11
9
12
6
9
13
13
13
9
11
14
15
12
5
13
10
9
8
8
7
20
5
8
9
7
11
13
11
11
8
13
8
8
7
7
8
7
8
8
8
14
11
11
8
5
11
11
11
8
7
8
13
9
9
9
6
16
9
10
8
10
4
8
4
5
6
9
5
13
3
9
9
8
11
4
7
7
8
9
9
5
6
8
10
11
14
5
6
10
7
10
6
4
11
7
8
3
4
5
6
7
8
6
8
6
9
7
9
7
11
11
7
4
6
9
5
6
5
9
6
9
7
10
13
7
10
8
8
7
11
7
5
5
4
8
5
8
5
7
6
6
3
10
1
5
6
6
8
6
4
7
6
6
5
2
8
9
4
5
7
5
6
7
7
7
7
0
7
6
8
12
5
3
5
4
10
8
5
5
6
5
8
3
5
5
7
5
11
3
10
3
2
5
8
7
4
4
8
4
4
3
4
8
1
3
4
8
2
5
6
4
4
2
5
8
5
2
5
6
5
6
6
4
3
9
4
6
9
7
7
7
4
0
4
6
6
3
9
5
7
11
5
9
6
4
4
6
8
8
5
3
8
2
8
7
5
4
5
3
6
7
4
8
1
3
4
3
4
2
4
5
5
5
3
7
4
3
2
2
10
4
6
1
9
11
7
5
6
10
1
8
5
6
5
4
11
3
5
6
7
8
5
1
6
9
3
4
7
3
5
2
4
7
1
1
7
5
4
4
3
6
2
6
7
6
5
6
6
9
6
6
8
7
4
6
7
10
5
4
7
3
7
8
8
5
3
3
5
6
8
4
5
11
8
8
3
5
5
6
4
3
7
6
6
8
8
6
5
7
9
7
6
6
4
3
4
4
4
6
4
6
4
4
7
4
5
3
11
6
8
8
17
15
25
42
58
78
93
121
177
170
195
199
212
171
173
169
113
105
72
60
33
35
24
15
15
23
15
16
8
13
9
9
7
9
4
4
11
1
3
1
10
4
3
5
5
4
7
4
5
3
0
3
4
2
5
1
1
2
2
1
2
1
3
1
4
3
1
0
4
2
5
4
2
1
3
2
4
5
2
1
2
5
3
0
1
2
1
1
2
2
0
2
4
0
4
3
0
0
1
1
2
2
4
0
2
3
2
1
0
3
1
0
2
0
0
1
2
3
6
2
3
0
1
0
2
4
3
1
1
2
1
0
3
2
1
5
4
2
2
2
4
0
3
4
1
3
5
1
1
4
0
0
1
2
2
2
4
1
6
0
1
1
1
2
2
0
3
2
0
7
4
1
0
1
3
1
1
1
2
2
2
1
5
0
1
1
1
1
1
1
0
1
2
4
2
5
3
2
6
1
3
5
0
2
1
2
2
0
1
1
3
0
1
4
1
3
1
2
3
1
1
3
1
0
0
1
4
2
2
2
0
1
0
4
3
1
0
2
2
1
2
1
3
0
1
3
2
1
1
1
3
4
1
0
1
0
1
3
2
0
2
2
2
1
3
2
1
1
2
2
1
1
3
2
0
2
3
1
1
3
2
1
1
4
0
1
3
2
1
3
1
1
1
1
2
2
2
1
1
2
1
2
0
1
3
1
1
0
2
3
1
3
4
0
1
3
3
3
0
0
2
1
1
3
0
0
2
1
1
2
1
1
1
0
3
0
2
0
2
0
0
1
1
1
0
1
2
1
2
0
0
1
0
3
0
2
2
1
1
2
0
0
1
2
1
1
2
2
0
0
2
2
1
2
0
1
1
0
0
1
0
2
1
2
1
1
0
2
1
0
1
1
0
1
1
1
1
3
1
1
1
0
2
1
0
1
0
2
0
2
0
0
0
4
2
1
2
1
2
4
2
2
1
1
1
2
1
1
2
0
1
2
2
0
0
1
0
3
4
1
1
1
4
1
1
0
1
1
3
1
1
0
1
2
1
1
1
2
3
2
0
0
2
1
2
1
0
0
2
1
2
1
1
0
2
1
0
1
1
2
0
2
1
2
2
4
2
2
0
3
2
0
0
4
2
2
0
1
3
1
2
2
0
1
2
1
0
1
1
3
1
3
1
2
1
0
1
2
3
1
1
1
0
2
1
2
1
1
3
0
0
1
0
0
1
2
1
3
1
0
0
2
0
1
2
1
1
3
1
0
1
1
1
2
1
2
1
2
0
1
2
1
0
3
3
1
1
1
3
0
0
0
1
0
0
3
0
4
0
1
1
1
1
1
2
4
3
1
2
1
1
0
1
1
2
0
0
0
3
1
1
0
2
1
4
1
1
1
1
0
1
0
1
1
2
1
2
1
2
1
0
0
3
1
0
3
2
0
0
0
0
3
2
4
0
0
2
0
1
2
1
0
0
1
0
0
0
0
2
2
0
1
0
1
0
0
0
3
0
1
0
1
3
0
1
2
0
0
1
0
1
3
3
1
0
1
1
1
0
1
1
1
1
1
2
0
1
2
1
0
0
1
2
0
1
1
1
2
4
0
0
0
1
0
3
0
0
2
0
2
0
3
0
2
0
3
3
0
1
1
1
2
0
1
2
2
1
2
0
1
1
3
2
1
0
0
0
2
2
1
0
1
2
1
1
1
2
1
0
0
0
0
2
2
2
1
1
4
0
2
0
0
1
0
1
1
3
0
0
2
2
0
1
1
0
1
1
0
0
0
0
0
0
1
1
0
0
0
1
1
1
2
0
1
0
1
0
0
1
1
1
1
1
3
1
1
1
2
1
1
2
0
2
0
1
0
4
1
1
1
0
1
0
1
0
0
2
0
0
0
0
0
2
1
1
0
2
1
0
1
0
0
0
0
1
0
0
0
2
1
0
1
0
4
1
0
0
0
2
0
1
1
0
0
1
1
2
0
0
2
0
5
1
2
0
0
0
0
0
2
1
1
1
0
3
2
1
0
3
2
1
1
2
1
1
0
2
0
1
0
1
0
2
2
1
1
0
0
0
2
1
2
0
1
2
1
0
0
0
1
0
0
0
0
0
2
0
2
1
0
1
1
0
0
3
1
0
3
0
0
1
0
2
0
2
0
0
0
0
1
0
0
0
0
2
0
1
0
0
0
2
2
1
0
0
3
2
0
0
0
1
0
0
1
0
1
0
1
1
0
0
0
0
1
3
1
0
1
1
1
0
3
1
1
0
0
0
2
2
1
0
1
1
0
2
0
0
1
1
1
1
0
1
2
0
0
2
0
4
1
0
1
1
0
1
1
0
2
1
0
1
0
1
1
0
0
1
0
1
1
1
1
0
2
1
1
1
0
1
1
0
0
0
0
0
1
0
1
1
0
0
0
2
0
0
2
0
1
0
0
2
1
1
2
1
1
1
2
0
1
0
0
3
0
0
0
1
0
1
1
2
0
1
2
1
2
0
1
0
1
2
0
3
0
1
0
0
2
1
1
3
2
0
0
2
0
1
0
0
0
2
1
1
0
2
0
1
1
1
0
1
0
1
0
1
0
0
0
0
0
0
0
0
2
0
0
0
0
1
3
2
1
1
2
0
0
0
1
1
0
1
1
0
0
2
1
2
2
1
1
1
1
0
2
0
0
0
1
1
0
1
1
0
0
0
0
0
1
0
0
0
1
1
1
1
0
0
0
0
0
0
0
0
1
0
0
0
0
0
0
0
0
0
2
3
0
0
1
0
2
0
0
0
0
0
0
0
0
2
0
1
0
1
0
1
2
0
0
0
1
1
0
0
1
0
2
1
0
2
1
3
0
0
1
0
0
1
2
0
0
0
3
1
1
0
2
0
0
1
1
0
0
0
0
0
1
0
0
1
2
1
0
1
0
1
0
1
1
2
0
2
0
1
0
1
0
1
0
1
1
0
2
0
1
0
0
0
0
1
0
3
1
0
1
1
0
0
0
0
0
0
1
0
0
2
0
0
0
2
1
0
0
0
2
1
0
1
1
1
1
0
0
0
0
0
1
1
0
2
1
1
0
1
0
0
0
0
0
2
0
0
0
0
0
0
1
0
2
0
1
0
0
1
1
0
1
0
0
0
0
0
0
0
1
0
1
0
0
1
1
1
0
0
0
0
1
0
0
0
0
2
1
0
0
0
0
1
0
0
0
0
0
0
1
1
2
0
0
0
0
0
0
0
0
1
3
1
1
0
0
0
0
0
2
1
0
1
0
1
1
0
0
0
0
0
0
1
0
0
0
0
0
1
2
0
1
1
2
0
1
0
0
0
1
0
0
2
0
0
1
2
3
0
1
0
0
0
1
0
0
0
0
0
0
0
0
1
1
1
0
0
0
0
0
0
1
0
0
0
0
0
0
2
0
0
0
0
0
0
1
0
1
0
0
0
1
1
0
0
0
0
1
0
0
0
1
0
0
0
0
0
0
0
0
0
0
0
1
0
0
0
0
1
0
0
1
0
1
3
0
0
1
1
0
0
2
0
0
0
0
0
0
0
0
0
1
1
0
1
0
0
0
1
0
0
0
0
0
0
0
0
0
0
0
0
1
0
1
1
0
0
0
1
1
0
1
0
0
0
0
1
0
0
0
0
0
1
0
0
0
0
1
0
0
0
2
0
0
0
0
1
0
0
0
0
1
0
1
0
0
0
0
0
1
0
0
0
0
0
0
1
0
0
0
0
0
2
0
1
1
0
0
0
0
1
0
0
0
0
0
0
0
0
0
0
1
0
1
1
1
2
0
0
0
0
1
1
0
0
0
0
0
1
0
0
0
1
0
0
0
0
0
1
0
0
0
0
0
0
0
1
0
1
0
0
0
0
1
0
1
0
0
0
1
0
0
0
0
0
0
1
0
1
0
0
0
1
0
0
1
0
0
0
1
0
0
0
0
0
0
0
0
0
0
0
0
0
0
0
1
0
1
0
0
0
1
0
0
0
1
0
0
1
0
1
0
1
0
0
0
0
0
0
0
1
0
0
0
0
0
0
0
0
0
0
0
1
0
0
0
0
0
0
0
1
0
3
0
1
0
0
0
0
0
1
0
0
0
1
0
0
0
0
0
0
1
0
0
0
0
1
1
0
1
1
1
0
0
0
0
1
0
2
1
0
0
0
0
0
1
1
2
0
0
0
1
0
0
0
0
0
0
0
1
1
0
0
0
0
0
0
0
1
0
0
1
0
1
0
0
0
1
0
0
0
0
0
0
0
0
0
0
1
0
0
0
0
0
0
0
0
0
0
0
0
0
2
0
0
0
1
0
0
1
1
0
2
0
0
0
1
2
0
0
0
1
0
0
1
1
0
0
0
1
0
0
0
0
0
1
0
0
0
0
0
0
0
0
0
0
0
0
1
0
0
0
0
0
0
0
0
1
0
0
1
0
0
0
0
0
1
2
0
0
0
0
0
0
1
0
1
0
0
0
0
0
0
0
0
0
0
1
0
1
0
0
0
0
0
0
0
2
0
0
0
0
0
0
0
0
0
0
0
0
0
0
0
0
0
0
0
1
0
0
0
0
0
1
0
0
1
0
0
0
0
0
0
0
0
0
1
0
0
0
0
0
0
0
0
0
0
0
0
0
0
0
0
0
0
0
0
0
0
0
0
0
0
0
0
0
0
0
0
0
0
0
0
1
0
0
0
0
0
0
0
0
0
0
0
0
0
0
0
0
0
0
1
0
0
0
0
0
0
0
0
0
0
0
0
0
0
0
0
0
0
0
0
1
0
0
0
1
0
0
0
0
0
0
0
0
0
0
0
0
0
0
0
0
0
0
0
0
0
0
0
0
0
0
0
0
0
0
0
0
0
2
0
1
1
1
2
0
4
1
2
3
2
0
1
1
0
0
1
1
0
0
1
0
2
0
0
0
1
0
0
0
0
0
0
0
0
0
0
0
0
0
0
0
0
0
0
0
0
0
0
0
0
0
0
0
0
0
0
0
0
0
0
2
0
0
0
0
0
0
0
0
0
0
0
0
0
0
0
0
1
0
0
0
0
0
0
0
0
0
1
0
0
0
0
0
0
0
1
1
0
0
0
0
0
0
0
0
0
0
0
0
0
0
0
0
1
0
0
0
0
0
0
0
0
0
0
0
0
0
0
0
0
0
0
0
0
0
0
0
0
0
0
0
0
1
0
0
0
0
0
0
0
0
0
0
0
0
0
0
0
1
0
0
0
0
0
0
0
0
0
0
0
0
0
0
0
0
0
1
0
0
0
0
0
1
0
0
0
0
0
0
0
0
0
1
0
0
0
0
0
0
1
1
0
0
0
0
0
0
0
0
0
0
0
0
1
0
0
0
0
0
0
0
0
1
0
0
0
0
0
0
0
2
0
0
0
0
0
0
0
0
0
0
0
0
0
0
0
1
0
0
0
0
0
0
1
0
0
0
0
0
0
0
0
0
0
0
0
0
0
0
0
0
0
0
0
0
0
1
0
0
0
0
0
0
0
0
0
0
0
0
0
0
0
1
0
0
0
0
0
0
0
0
0
0
0
0
0
0
0
0
0
0
0
0
0
0
0
0
0
0
1
0
0
0
0
0
1
0
0
0
0
0
0
0
0
0
1
0
0
1
0
0
0
0
0
0
0
0
0
0
0
0
0
0
0
0
0
0
0
0
0
0
0
1
0
0
0
0
0
0
0
0
0
0
0
0
0
0
0
0
0
0
0
0
0
0
0
0
0
0
0
0
0
1
0
0
0
1
0
0
0
0
0
0
0
0
0
1
0
0
0
0
0
0
0
0
0
0
0
0
0
0
0
0
0
0
0
0
0
0
0
1
0
0
0
0
0
0
0
0
1
0
0
0
0
0
0
0
0
0
0
0
0
0
0
0
0
0
0
0
0
0
0
0
0
0
0
0
0
0
0
0
0
0
0
0
0
0
0
0
0
0
0
0
0
0
0
0
0
0
1
0
0
1
0
0
0
0
0
0
0
0
0
0
0
0
0
1
0
1
0
0
0
0
0
0
0
0
0
0
0
0
0
0
0
0
0
0
0
0
0
0
0
0
0
0
0
0
0
0
0
0
0
0
1
0
0
0
0
0
0
1
0
1
0
0
0
0
0
0
0
0
0
0
0
0
0
0
0
0
0
0
0
0
0
0
0
0
0
0
1
0
0
0
0
0
0
0
0
0
0
0
0
0
0
0
0
0
0
0
0
0
0
0
0
0
0
0
0
0
0
0
0
0
0
0
0
0
0
0
0
0
0
0
0
0
0
0
0
1
0
0
0
0
0
0
0
0
0
0
0
0
0
0
0
0
0
0
0
0
0
0
0
0
0
0
0
0
0
0
0
0
0
0
0
0
0
0
0
0
0
0
1
1
0
0
0
0
1
0
0
0
0
0
0
0
1
0
0
0
0
0
0
0
0
0
0
0
0
0
0
0
0
0
0
0
0
0
0
0
0
0
0
0
0
1
0
0
0
0
0
1
0
0
0
0
0
0
0
0
0
0
0
0
0
0
0
0
0
0
0
0
0
0
0
0
0
0
0
0
0
0
1
0
0
0
0
0
0
0
0
0
0
0
0
0
0
0
0
0
0
0
0
0
0
0
0
0
0
0
0
0
0
0
0
0
1
0
0
0
0
0
0
0
0
0
0
0
0
0
0
0
0
0
0
2
0
0
0
0
0
1
0
0
0
0
0
0
0
0
0
0
0
1
0
0
0
0
0
0
0
0
0
0
0
0
0
0
0
0
0
0
0
0
0
0
0
0
0
0
0
0
0
0
0
0
0
0
0
0
0
0
0
0
0
0
0
0
0
0
0
0
0
0
0
0
0
0
0
0
0
0
0
0
0
0
0
0
1
0
0
0
0
0
0
0
0
0
0
0
0
0
0
0
0
0
0
0
0
0
0
0
0
0
1
0
0
0
0
0
0
0
0
0
0
0
0
0
1
0
0
0
0
0
0
0
0
0
0
0
0
0
0
0
0
0
0
0
0
0
0
0
0
0
0
0
0
0
0
0
0
0
0
0
0
0
0
0
0
0
0
0
0
0
0
0
0
0
0
0
0
0
0
0
0
0
0
0
0
0
0
0
0
0
0
0
0
0
0
0
0
0
0
0
0
0
0
0
0
0
0
0
0
0
0
0
0
0
0
1
0
0
0
0
0
0
0
0
0
0
0
0
0
0
0
0
0
0
0
0
0
0
0
0
0
0
0
1
0
0
0
0
0
0
0
0
0
0
0
0
0
0
0
0
0
0
0
0
0
0
0
0
0
0
0
0
0
0
0
1
0
0
0
0
0
0
0
0
0
0
0
0
0
0
0
0
0
0
0
0
0
0
0
0
0
0
0
0
0
0
0
0
0
0
0
0
0
0
0
0
0
0
0
0
1
0
0
1
0
0
0
0
0
0
0
0
0
0
0
0
0
0
0
0
0
1
0
0
0
0
0
0
0
0
0
0
0
0
0
0
0
0
0
0
0
0
0
0
0
0
0
0
0
0
0
0
0
0
0
0
0
0
0
0
0
0
0
0
0
0
0
0
0
0
0
0
0
0
1
0
0
0
0
0
1
0
0
0
0
0
0
0
0
0
0
0
0
0
0
0
0
0
0
0
0
0
0
0
0
0
0
0
0
0
0
0
0
0
0
0
0
0
0
0
0
0
0
0
0
1
0
0
0
0
0
0
0
0
0
0
0
0
0
0
0
0
0
0
0
0
0
0
0
0
0
0
0
0
0
0
0
1
0
0
0
0
0
0
0
0
0
0
0
0
0
0
0
0
0
0
0
0
0
0
0
0
0
0
0
0
0
0
0
0
0
0
0
0
0
0
0
0
0
0
0
0
0
0
0
0
0
0
0
0
0
0
0
0
0
0
0
0
0
0
0
0
0
0
0
0
0
0
0
0
0
0
0
0
0
0
0
0
0
0
0
0
0
0
0
0
0
0
0
0
0
0
1
3
2
3
1
3
1
2
3
3
2
3
1
1
1
4
4
0
4
2
0
1
1
3
1
3
5
2
1
1
0
2
1
2
2
1
1
2
0
2
0
3
1
2
3
1
2
3
1
2
3
0
3
2
2
1
3
3
1
0
2
3
1
0
2
5
0
4
4
3
3
1
3
1
3
4
0
8
1
0
5
4
2
0
3
1
1
3
3
3
1
4
1
0
1
3
4
2
4
2
2
3
4
1
4
1
2
5
2
3
8
2
2
2
4
1
1
0
4
1
3
1
3
4
2
2
3
1
