0
0
0
0
0
0
0
0
0
0
0
0
0
0
0
0
0
0
0
0
0
0
0
0
0
0
0
0
0
0
0
0
0
0
0
0
0
0
0
0
0
0
0
0
0
0
0
0
0
0
0
1
2
5
5
9
12
12
21
24
22
34
30
30
48
38
33
27
44
51
32
37
60
52
49
49
81
50
54
70
76
74
86
83
85
101
107
105
97
107
127
131
119
168
150
178
148
173
174
205
209
202
228
267
246
258
291
322
314
416
345
241
201
174
154
126
135
138
130
114
130
127
131
131
136
147
171
169
166
177
180
212
191
192
195
178
212
211
229
183
221
217
214
214
234
202
192
186
165
155
147
193
159
166
167
172
157
180
205
172
204
197
199
219
203
210
228
181
208
180
165
165
180
157
161
174
143
150
163
172
170
163
218
205
179
183
194
162
199
211
177
167
168
166
179
183
175
184
167
164
190
188
200
183
185
164
188
164
186
165
157
158
203
188
155
197
186
161
171
196
173
178
176
176
186
191
158
182
157
174
148
191
172
174
180
187
153
162
178
175
153
185
176
186
182
182
195
181
172
160
170
147
168
191
192
171
180
151
183
156
157
170
172
169
159
191
164
185
152
176
173
185
143
172
161
145
184
150
142
189
152
158
150
178
175
145
168
194
154
185
142
163
165
152
154
163
157
164
172
177
174
145
168
150
165
163
158
152
165
170
167
156
146
168
170
166
157
169
155
172
139
144
185
169
187
159
149
175
197
141
150
157
134
165
148
156
155
153
168
177
180
155
152
164
156
169
167
168
159
177
151
145
143
163
162
175
137
172
168
153
158
167
162
158
158
161
145
152
166
165
166
147
135
155
145
155
155
146
139
167
162
151
161
155
153
138
132
138
158
133
150
172
148
142
156
147
164
156
170
168
153
156
145
168
142
165
169
137
147
162
136
157
155
163
152
164
136
157
158
142
136
137
160
154
123
148
161
153
155
125
169
140
171
135
145
151
146
126
144
149
137
159
162
134
167
147
184
130
149
160
157
148
139
141
149
143
154
138
159
135
153
128
158
150
125
148
172
139
173
187
165
150
147
180
155
169
153
166
198
168
181
191
193
183
168
187
190
155
180
196
172
206
165
156
166
177
182
186
177
196
184
180
160
154
169
175
161
179
210
188
187
198
197
157
185
163
149
164
173
194
189
154
172
179
152
173
168
158
176
167
170
137
201
174
171
188
157
152
167
164
165
165
153
177
152
145
160
168
163
179
159
171
186
179
189
156
154
155
136
161
198
157
165
177
156
169
156
145
158
144
146
163
151
142
163
149
133
173
141
145
135
133
133
152
128
145
142
146
134
143
128
135
125
128
154
149
164
156
145
140
158
127
129
121
142
136
126
154
143
144
146
132
144
133
123
129
147
122
132
149
122
143
136
139
139
126
147
108
111
140
138
154
132
135
133
144
134
134
107
131
145
130
106
119
122
135
141
136
133
119
145
143
144
123
139
134
129
116
121
121
138
126
117
126
108
117
124
138
114
125
130
118
146
139
138
116
131
129
115
117
111
142
124
131
121
116
131
126
116
130
128
127
119
116
121
120
128
120
125
134
141
126
145
104
127
141
128
116
120
125
109
110
121
112
117
126
129
133
103
117
104
113
124
118
120
113
127
107
122
117
107
103
111
113
109
128
111
114
126
129
113
139
130
116
128
125
115
127
127
117
127
95
115
125
107
124
118
101
127
112
120
102
104
94
110
101
136
129
113
101
115
103
122
118
120
104
129
97
103
108
116
112
120
133
115
121
104
117
126
127
106
120
107
117
105
101
114
118
104
101
99
123
106
91
103
99
110
116
103
116
106
100
117
118
106
145
98
108
109
116
97
132
108
85
108
109
107
94
104
114
96
117
106
106
94
90
92
113
101
124
115
85
118
121
110
105
98
111
107
115
112
118
106
85
114
84
114
127
109
117
103
120
103
105
93
102
92
113
94
85
110
115
113
92
96
88
96
98
101
122
108
105
110
104
107
106
105
108
107
104
127
93
113
96
117
94
100
82
119
109
92
92
94
100
100
103
113
94
103
101
105
101
103
97
95
101
97
98
98
88
96
102
78
97
102
96
114
109
106
106
97
109
104
109
98
108
99
109
95
97
98
83
100
91
109
81
108
83
112
89
92
104
117
88
100
110
98
88
105
110
81
98
99
89
109
88
113
90
101
107
87
104
94
119
89
102
89
92
99
71
102
93
93
95
84
104
101
102
78
114
103
76
96
96
112
103
92
92
88
89
75
90
97
86
120
107
86
94
95
101
95
102
89
116
99
91
87
98
83
97
103
101
85
88
85
92
107
80
90
98
108
99
91
91
102
104
92
94
89
106
102
85
85
89
108
87
101
96
82
100
87
104
109
97
86
100
101
79
98
95
104
93
83
95
101
94
93
93
104
91
99
80
82
96
106
76
88
102
98
99
82
80
87
78
89
107
81
104
94
82
85
89
98
101
97
82
82
84
88
62
87
100
107
109
86
84
77
96
113
84
94
90
76
80
81
87
93
100
90
98
108
103
83
84
88
102
81
90
114
98
79
92
82
100
104
102
88
94
82
108
105
95
77
86
106
95
87
92
78
110
83
73
75
92
104
84
90
99
87
103
95
91
86
104
97
81
86
95
98
95
85
85
104
82
92
71
96
89
98
84
97
72
91
101
89
80
82
98
86
89
98
67
70
77
80
83
100
95
86
94
107
86
92
70
78
96
77
81
86
77
78
84
79
81
98
86
103
71
103
93
81
100
84
82
97
104
91
86
75
84
89
86
79
93
80
89
92
89
78
82
90
96
87
85
95
93
80
90
89
105
84
93
90
102
78
84
91
69
107
86
82
110
112
118
98
102
108
114
94
102
102
95
75
80
87
77
104
87
77
87
85
77
99
80
80
83
92
70
76
97
86
99
90
75
77
90
97
89
102
92
99
89
87
88
99
91
71
99
101
77
93
92
102
99
102
92
96
79
93
82
93
74
94
83
94
95
103
98
101
84
93
95
92
86
88
90
91
80
76
90
86
76
85
72
88
89
89
89
100
84
80
97
83
80
108
76
93
89
105
75
91
99
75
101
73
89
87
90
93
97
88
79
87
77
78
87
79
79
93
110
79
72
76
91
104
88
76
84
97
86
78
93
83
101
83
90
92
86
84
94
107
73
88
80
79
87
68
87
87
94
91
100
90
99
104
77
78
97
95
96
85
97
78
72
92
92
92
107
103
80
87
86
87
90
91
97
95
105
87
83
91
90
92
69
84
87
98
90
80
94
90
87
112
100
105
99
79
89
106
105
101
85
71
87
79
88
82
91
82
93
76
62
91
83
87
100
77
78
86
80
105
90
88
74
93
82
85
83
87
90
97
79
89
98
101
80
82
83
74
94
99
83
94
92
81
100
105
97
102
96
95
92
73
79
105
92
60
109
76
92
109
104
95
112
108
111
98
84
65
84
86
88
80
99
87
92
82
90
102
95
93
88
80
73
102
105
92
77
93
95
93
74
82
83
82
80
83
79
97
87
103
96
74
88
93
99
95
98
83
93
78
91
82
87
112
82
82
82
88
88
82
88
86
82
106
89
94
91
88
100
86
83
82
84
89
90
92
85
88
112
101
99
86
96
84
82
96
72
91
84
94
81
77
80
90
94
92
90
82
94
92
88
110
97
91
117
92
90
65
82
72
88
101
96
114
83
96
93
94
86
79
120
80
84
91
96
66
80
90
97
109
88
76
83
81
89
85
82
91
103
82
106
108
87
78
65
103
94
84
89
92
106
86
79
91
88
94
82
94
97
92
82
84
89
98
100
87
89
103
82
99
100
70
81
84
93
102
76
75
77
89
76
83
95
94
95
83
71
93
79
80
93
74
76
101
91
83
82
75
100
93
95
90
98
84
96
94
82
84
77
101
94
104
73
87
78
99
84
113
91
98
88
92
94
97
87
85
98
91
85
98
96
97
99
85
95
82
100
105
89
93
76
105
104
94
106
96
94
77
82
81
100
94
105
93
96
89
96
81
86
102
97
79
109
86
113
81
104
76
101
90
94
106
100
106
91
93
97
95
88
91
103
95
76
113
92
98
77
101
104
103
86
103
95
91
94
93
100
87
115
102
95
98
108
116
103
95
96
104
97
81
106
96
82
88
95
84
86
103
105
91
120
87
94
93
105
96
96
95
96
89
70
91
99
94
84
111
98
106
103
95
84
109
86
98
98
92
97
99
91
89
88
108
102
97
105
113
102
102
84
91
97
95
91
95
107
120
84
94
102
89
96
87
105
112
94
101
117
78
99
103
104
94
86
114
91
114
89
103
119
109
112
117
98
97
106
85
108
102
110
87
102
93
91
92
94
93
91
94
108
95
104
94
109
100
105
102
110
90
119
95
114
95
96
87
95
99
96
93
103
100
93
94
84
95
102
98
99
100
103
103
99
105
99
90
95
108
104
102
99
100
110
106
88
124
103
113
97
114
113
122
118
88
92
73
114
95
105
91
113
102
95
109
96
126
114
111
103
111
109
115
107
95
117
109
105
99
111
116
104
105
97
95
116
89
102
110
111
113
102
115
102
107
111
106
84
112
104
124
124
98
90
105
106
97
136
99
110
96
94
114
106
101
108
119
107
98
120
79
100
106
110
104
104
119
113
114
115
110
123
116
108
110
90
119
96
110
107
103
118
116
127
118
124
121
122
116
127
105
118
124
101
111
118
116
103
101
120
132
115
126
106
109
106
109
110
106
103
112
110
127
137
107
124
101
109
86
107
107
115
99
131
130
114
109
124
114
116
102
113
114
104
91
120
103
123
113
102
119
103
108
116
103
110
108
115
106
119
110
118
107
122
113
138
101
97
111
134
132
113
109
114
117
114
116
110
126
121
106
140
96
111
124
107
123
117
109
125
120
127
114
132
111
127
124
118
133
107
125
118
107
107
105
150
121
112
123
137
124
129
145
123
119
132
126
132
98
123
111
133
112
117
116
124
154
123
130
133
122
136
115
110
117
130
127
154
153
147
114
126
128
128
128
149
152
142
120
117
126
143
132
120
128
123
107
116
119
121
148
132
151
123
133
128
150
143
120
123
132
147
121
130
137
149
134
136
130
165
134
124
126
136
117
142
120
124
149
135
143
121
125
107
122
131
142
139
136
131
157
130
127
123
155
125
137
143
134
154
146
131
161
131
125
153
144
134
156
144
112
143
138
157
146
148
144
147
135
129
123
142
156
154
123
134
135
141
157
129
130
154
154
134
151
153
152
152
155
172
164
162
131
155
141
165
152
155
148
166
156
152
162
132
160
171
143
135
169
142
176
150
131
163
158
182
157
150
169
139
142
158
157
139
162
153
162
156
137
155
160
136
165
168
175
161
151
147
165
171
193
158
157
162
155
148
156
197
161
150
149
172
172
176
156
145
162
159
162
178
167
175
169
168
153
156
170
153
182
156
161
168
190
185
154
169
166
135
149
174
169
163
164
176
154
180
176
143
156
179
169
183
166
159
145
162
160
167
164
146
187
146
167
171
148
158
178
158
153
158
161
156
153
146
131
137
142
157
134
154
148
137
128
133
147
124
135
127
143
132
152
144
130
140
132
118
114
114
128
117
142
128
108
109
132
119
107
126
120
140
121
120
133
117
108
130
126
123
117
138
120
94
119
100
120
130
115
104
115
112
109
130
98
134
114
130
109
119
126
127
129
108
128
111
114
110
136
105
107
96
107
114
128
122
110
97
107
120
93
106
125
128
138
125
119
77
113
121
123
92
112
111
122
108
122
107
121
126
115
105
131
100
118
103
105
113
120
106
108
110
102
109
113
114
126
121
110
120
131
100
114
116
113
100
122
103
116
102
127
102
113
110
142
102
104
106
105
106
121
103
101
97
120
97
105
124
123
117
122
117
114
113
109
101
94
124
115
129
102
106
108
122
122
124
107
107
109
107
90
116
106
115
121
124
97
101
97
82
119
112
107
105
104
90
99
115
103
106
114
100
106
98
101
96
108
122
104
97
87
105
99
101
97
109
91
101
102
101
99
101
114
115
99
105
118
95
102
94
125
100
118
114
114
91
103
105
79
99
103
104
104
101
98
117
105
89
102
92
93
103
99
102
104
97
102
110
101
89
112
92
104
111
109
106
107
104
99
118
89
105
112
110
103
92
124
108
114
105
107
116
107
113
86
114
97
111
117
108
116
88
108
105
96
85
106
84
101
110
101
102
98
101
103
95
91
127
100
99
121
104
94
113
116
99
108
108
96
104
110
106
112
110
110
87
106
132
109
115
107
117
100
102
110
106
113
105
107
117
108
123
90
111
119
98
123
97
103
117
122
97
117
112
102
110
112
124
103
104
112
110
110
96
111
101
105
112
112
103
108
104
113
125
97
100
113
127
118
92
93
111
102
109
131
101
97
125
104
108
92
115
98
110
110
115
99
99
103
94
108
118
71
95
103
89
95
92
83
92
82
79
96
90
95
82
96
89
75
69
76
76
81
75
76
68
87
62
65
73
76
67
76
77
79
67
70
70
60
61
62
83
70
71
73
48
81
64
69
78
59
75
80
55
63
71
58
65
75
68
43
58
64
73
57
59
66
69
56
62
58
57
59
53
75
60
49
63
67
55
60
65
66
65
51
57
54
55
73
58
56
64
65
57
59
51
57
57
50
59
46
48
56
58
58
60
58
65
54
52
65
68
56
67
58
56
58
47
69
58
51
57
44
48
60
52
48
62
50
54
57
68
64
59
55
49
55
57
61
71
87
103
170
317
460
798
1282
1844
2572
3447
3877
4066
3636
2862
1945
1158
647
361
215
160
137
151
112
120
119
113
112
105
95
89
69
70
73
57
58
44
37
36
44
35
42
37
48
34
38
49
29
32
35
29
38
35
34
45
33
41
44
31
35
39
39
36
22
34
31
37
36
29
29
32
34
18
32
35
29
34
29
28
27
23
36
22
22
37
26
31
26
46
29
29
35
33
29
30
25
33
28
21
29
21
22
28
30
36
19
21
28
23
19
30
19
17
23
26
23
31
29
27
31
22
23
28
22
21
29
27
22
16
22
21
31
19
25
18
14
17
19
11
27
15
15
22
19
23
19
20
8
19
21
15
16
16
17
17
6
6
14
24
14
15
11
18
15
23
14
14
11
8
19
20
12
23
18
13
26
12
15
23
17
14
16
15
15
14
8
13
15
17
13
17
17
10
12
18
12
15
13
13
16
18
13
15
18
12
20
20
14
9
17
21
10
17
7
11
7
12
14
10
15
13
10
11
13
13
15
6
14
10
10
7
10
14
13
13
8
9
8
7
12
8
9
11
14
10
16
13
10
17
11
10
9
11
16
6
14
15
6
11
8
8
9
10
12
16
14
10
15
10
15
11
9
10
4
8
20
14
14
13
7
13
14
10
9
16
10
13
11
7
7
14
7
15
9
10
14
16
8
12
14
11
16
11
12
10
7
12
12
12
12
3
13
10
11
9
11
13
9
7
13
10
7
10
10
11
5
11
14
13
10
9
12
9
11
9
11
7
6
11
14
12
9
14
8
7
7
9
9
9
7
5
14
6
13
12
16
14
15
6
11
9
10
9
5
11
11
10
11
13
11
6
10
10
13
6
4
6
8
12
11
10
11
18
15
9
12
10
7
12
8
6
11
9
21
12
14
12
10
12
8
16
6
13
6
6
9
10
7
7
10
11
15
14
14
9
22
20
40
65
125
248
400
721
1054
1600
2246
2785
3326
3503
3297
2630
1872
1142
653
343
199
127
120
92
85
77
73
81
60
69
54
50
32
35
21
23
17
18
10
9
9
4
6
3
1
5
4
1
6
3
6
4
4
4
3
1
1
0
5
3
2
4
2
2
2
4
2
5
2
4
2
4
2
4
2
3
5
2
1
2
2
2
2
1
4
4
4
2
3
4
0
2
3
1
4
1
2
1
1
2
2
4
3
2
2
2
2
2
2
3
2
1
2
3
4
1
2
1
5
1
2
1
3
1
3
1
1
6
3
4
2
2
2
5
2
5
3
3
2
2
2
4
3
2
3
1
0
0
1
5
1
3
3
4
1
3
4
3
1
6
1
2
3
2
4
1
2
1
5
4
2
1
2
2
3
1
3
6
1
1
1
0
1
0
2
0
0
1
1
7
4
5
0
1
3
4
2
3
5
3
4
2
1
2
0
2
0
1
1
2
5
1
3
6
2
3
2
0
2
2
4
5
0
2
2
1
5
2
3
2
3
2
1
2
2
3
3
4
3
3
1
2
4
1
2
2
3
4
4
1
1
4
1
2
2
4
2
4
4
3
3
2
3
4
1
1
1
2
1
2
3
3
2
1
0
2
2
3
2
3
2
2
1
2
2
2
2
3
1
0
2
4
3
0
2
1
5
0
0
2
5
0
1
1
2
3
1
3
1
1
3
1
5
1
2
5
4
0
0
2
0
7
1
2
3
2
1
6
3
3
1
2
2
0
3
0
1
1
2
2
2
3
7
7
17
16
26
31
27
28
22
23
12
12
8
5
2
2
2
1
2
5
0
0
1
2
3
2
1
3
2
2
1
1
1
2
4
2
1
1
3
1
4
1
6
2
3
1
1
1
1
3
1
2
1
1
1
1
1
2
2
3
3
1
3
1
1
1
4
0
3
2
3
0
0
1
1
2
4
2
3
2
3
1
4
2
4
1
1
0
0
1
2
1
1
4
1
3
0
3
1
3
0
3
2
3
1
2
2
0
3
0
3
0
3
4
2
2
0
1
2
2
2
3
0
2
3
2
1
2
0
1
0
1
3
1
1
2
1
3
2
1
2
0
3
5
2
1
2
4
0
0
0
1
0
6
1
2
3
0
4
1
0
1
2
0
3
0
2
2
1
1
0
2
0
3
3
3
2
1
1
1
1
1
2
0
2
2
2
0
3
1
2
6
0
0
1
0
1
1
3
1
2
3
1
1
2
1
2
3
2
0
0
2
0
1
0
0
2
1
0
4
1
2
2
5
0
3
2
1
4
4
1
1
1
3
3
1
3
1
1
3
2
0
1
1
2
1
2
0
0
2
0
2
1
0
1
2
3
1
0
1
0
2
0
0
3
0
2
3
2
0
1
3
2
3
0
2
1
2
0
1
0
1
1
0
3
0
4
1
1
1
0
0
3
1
4
2
2
2
1
2
0
1
3
0
1
2
0
1
0
0
2
1
4
0
1
4
3
1
2
1
1
1
3
3
1
1
1
0
2
1
2
1
1
3
1
0
2
1
4
0
1
1
0
1
2
2
2
0
3
4
2
2
5
1
1
1
3
4
2
0
2
1
2
1
0
0
0
0
7
1
2
1
0
1
2
2
2
3
3
2
2
1
2
0
1
1
1
2
2
0
1
1
3
3
1
3
2
3
0
2
1
5
3
1
0
3
1
0
2
2
1
0
1
2
1
0
1
0
1
1
2
2
0
1
5
1
1
3
1
1
0
3
2
2
1
3
1
2
3
1
2
3
2
0
0
1
4
2
1
1
1
3
1
0
1
3
0
2
2
3
1
2
1
2
2
1
2
1
1
2
1
3
1
0
2
0
3
0
0
6
4
1
0
1
1
1
3
1
0
1
0
0
1
0
1
2
2
1
0
2
0
2
1
0
1
0
3
2
3
0
0
2
1
2
0
0
1
2
0
0
1
1
1
1
1
1
1
4
0
1
1
0
4
1
1
1
0
4
3
1
1
3
1
2
2
1
1
0
1
2
2
0
2
2
2
0
1
1
0
0
2
2
2
2
2
0
4
1
0
3
1
0
1
1
1
0
0
1
0
2
1
1
2
2
2
1
1
0
1
0
0
0
3
0
0
0
1
2
5
0
0
1
2
3
0
3
0
0
2
3
4
3
0
2
1
3
2
0
3
0
1
2
2
2
0
0
2
0
1
1
0
0
2
1
0
0
0
0
1
2
0
1
3
3
0
2
3
1
2
0
0
1
1
0
1
1
1
1
0
2
0
4
1
2
1
2
1
2
1
1
2
2
1
1
0
2
3
0
0
1
0
2
2
2
3
1
2
1
1
1
2
1
0
0
1
0
1
1
2
0
0
0
1
3
1
1
1
0
6
1
1
0
1
2
0
1
1
1
2
2
0
1
2
1
1
0
1
1
1
0
1
1
0
4
0
3
2
0
5
1
1
1
0
0
1
1
0
3
0
1
1
1
0
2
0
0
1
0
0
0
0
2
2
3
1
0
1
2
4
1
3
0
0
0
0
1
1
1
1
3
1
0
0
0
0
2
0
0
3
1
2
4
3
6
1
3
0
2
5
4
2
4
2
3
1
0
1
1
1
0
2
0
2
2
1
0
0
0
2
1
2
2
1
3
0
0
1
0
0
2
2
0
0
0
2
0
0
2
1
1
1
0
1
3
0
2
1
2
2
1
0
1
1
1
0
2
0
2
0
3
1
1
2
4
0
1
2
0
4
1
0
0
0
2
1
2
1
0
1
1
0
0
2
1
6
1
1
1
0
1
1
1
0
2
0
0
2
0
1
0
1
0
1
0
0
1
1
2
0
0
1
1
2
0
0
0
1
1
0
1
1
1
0
3
1
0
0
1
0
1
0
1
0
1
0
1
2
0
0
0
1
1
0
0
0
0
0
2
2
1
2
1
1
1
0
1
2
0
0
0
1
1
0
2
2
1
2
3
0
2
1
0
1
1
0
3
1
3
2
0
1
0
0
1
0
0
0
2
0
1
0
0
0
1
0
2
1
1
0
0
2
1
0
0
1
0
2
1
1
0
1
1
1
2
2
1
1
1
1
0
0
1
2
0
4
2
1
0
1
1
0
1
0
4
1
0
2
0
1
1
0
1
0
0
1
1
1
0
0
2
2
0
1
0
1
1
2
2
1
1
0
0
1
2
1
2
0
2
0
0
1
3
3
0
1
0
0
0
0
1
0
1
3
2
1
0
2
2
2
0
1
2
0
3
2
0
1
1
3
1
0
1
1
0
0
2
1
4
0
0
0
0
2
1
4
0
0
0
0
0
2
1
1
1
0
0
0
0
0
0
0
2
1
1
2
0
1
2
2
0
0
1
0
0
0
0
1
0
1
1
1
1
1
0
2
0
1
4
4
3
2
1
2
0
0
0
2
1
2
0
1
0
2
3
2
3
0
0
0
6
0
2
2
0
0
1
1
1
2
1
0
1
0
0
5
2
3
1
1
1
1
1
0
0
0
1
4
0
1
0
1
1
3
0
1
1
1
0
2
0
0
1
1
0
3
0
1
2
1
1
2
0
0
1
1
0
0
1
1
0
0
0
1
2
0
1
1
0
1
2
0
1
1
1
1
0
0
2
0
0
1
0
0
1
0
0
1
1
1
1
0
0
0
1
1
2
0
1
0
0
1
1
1
0
1
0
3
2
1
1
1
0
0
4
1
1
0
3
0
1
0
1
1
0
2
0
0
1
3
0
0
1
1
0
0
0
0
1
0
0
0
2
0
2
0
1
0
2
2
2
2
2
0
0
2
2
1
1
0
1
1
0
1
1
1
2
0
1
0
1
2
0
1
2
3
1
0
0
0
0
0
2
1
1
0
1
1
1
0
1
1
2
0
2
0
0
1
0
1
0
0
1
0
3
1
1
3
1
1
1
0
0
1
1
0
2
0
0
2
0
3
1
0
2
1
0
1
0
2
1
0
0
1
2
1
0
0
0
0
1
2
0
2
1
1
0
0
1
1
0
1
2
1
0
1
2
1
1
2
1
1
0
0
1
0
1
1
3
1
2
1
0
1
3
0
0
1
2
0
0
0
0
0
1
0
1
1
0
1
0
2
0
2
1
0
1
0
0
0
2
0
0
1
1
1
0
1
1
1
0
0
0
1
2
1
0
0
2
0
2
1
1
0
1
1
1
0
1
0
2
1
1
0
1
1
0
0
0
1
1
1
0
0
1
1
0
2
0
2
1
0
1
0
0
2
0
0
1
1
1
0
1
0
1
0
1
1
0
0
1
3
1
1
0
0
1
0
1
1
0
1
0
0
0
2
1
1
0
2
2
0
1
0
0
1
0
1
0
0
0
0
1
1
1
0
0
0
2
1
0
0
0
0
0
2
0
0
0
1
2
0
0
0
2
1
0
0
1
2
1
2
1
0
0
0
1
0
1
1
1
1
0
1
0
0
1
2
2
0
1
0
0
0
0
0
0
0
1
2
0
2
0
0
0
0
2
0
1
1
1
1
0
0
0
0
0
2
0
0
0
0
1
0
0
0
0
3
0
0
0
0
0
1
1
0
0
0
1
0
1
0
0
3
1
1
1
1
0
0
0
1
1
0
0
0
1
1
0
1
0
2
0
0
0
1
0
2
0
0
0
0
1
1
2
0
0
0
1
1
0
2
0
0
1
2
1
2
1
0
0
3
2
0
0
0
1
0
1
0
1
0
1
0
0
0
3
0
0
0
0
0
0
2
2
0
1
1
0
0
1
0
1
0
0
0
1
0
0
2
2
1
0
0
0
1
3
0
0
0
0
0
0
0
1
0
1
0
1
0
1
0
0
0
1
0
0
0
0
0
0
0
2
2
1
0
0
1
1
0
1
0
1
1
0
0
0
0
2
1
0
0
0
2
0
1
0
0
2
0
0
0
0
0
0
0
0
1
0
0
0
0
2
0
0
0
1
0
0
0
2
1
0
0
2
0
0
0
0
3
0
0
1
0
0
0
1
1
0
0
1
2
0
0
0
1
2
1
0
2
1
1
0
2
1
0
1
0
0
1
0
0
0
0
2
0
1
2
1
1
1
0
0
0
1
2
0
0
0
0
3
0
0
2
2
0
0
3
2
0
0
2
1
0
0
0
1
1
1
0
0
3
0
0
1
1
0
1
0
2
2
0
2
0
0
0
0
1
1
0
0
0
0
0
0
1
0
1
0
0
1
1
0
0
2
0
0
0
0
3
0
1
2
0
0
1
0
1
1
0
0
1
0
0
1
0
0
2
2
0
1
2
0
0
0
1
0
2
0
1
2
0
0
0
0
3
2
0
0
1
0
0
1
0
0
1
0
0
0
1
0
1
0
0
0
2
0
1
1
0
0
2
1
1
2
0
0
1
0
0
0
0
0
0
0
1
1
0
0
0
0
1
0
1
1
1
0
0
1
0
0
2
1
0
1
1
0
0
0
1
0
0
2
1
1
0
0
0
1
1
1
1
2
0
1
0
0
1
0
0
0
0
0
0
0
1
0
0
1
0
0
0
0
0
1
1
0
0
0
0
0
0
0
0
3
0
1
0
0
0
1
1
0
0
1
2
0
0
0
0
0
0
0
2
0
0
1
1
1
0
2
0
1
1
1
1
0
3
0
1
0
0
0
1
0
0
0
0
0
0
0
3
0
0
0
0
2
2
1
0
0
1
0
0
0
0
3
0
0
1
0
0
0
0
1
1
1
2
0
0
0
1
0
0
0
0
1
0
0
0
1
0
0
0
0
1
0
0
0
1
0
0
0
2
0
0
0
0
0
3
0
0
0
2
1
0
0
0
0
1
0
0
0
0
0
1
0
0
0
0
1
0
1
0
1
1
0
0
0
0
0
0
0
2
0
1
0
0
0
0
1
0
0
0
0
0
1
0
1
0
0
0
0
0
0
1
1
0
0
1
0
0
1
0
0
0
1
1
0
0
0
1
0
1
0
1
0
0
0
0
1
1
0
1
1
1
0
1
0
0
0
0
0
0
0
1
0
0
0
1
0
0
0
0
1
0
0
1
0
0
0
0
0
1
0
0
0
0
0
1
2
0
1
0
0
0
1
0
1
1
2
0
0
0
0
1
1
0
0
0
1
0
1
1
0
1
0
0
1
0
0
1
0
0
0
1
0
0
0
0
1
0
0
1
1
0
0
0
0
0
0
1
0
0
0
0
0
0
0
1
0
0
0
1
1
0
0
1
0
0
1
0
0
1
0
0
1
0
1
1
0
0
0
0
0
0
0
0
0
0
0
0
0
0
0
0
1
0
0
0
0
0
2
0
0
0
0
0
0
0
0
0
1
0
0
0
1
0
1
0
0
0
0
1
0
1
0
0
0
0
0
0
0
1
0
0
0
0
0
0
0
0
0
0
0
0
0
0
0
0
1
0
0
0
0
0
0
1
0
0
0
0
0
0
0
0
0
0
1
0
0
0
1
2
2
1
0
0
0
0
0
0
0
0
0
0
0
0
0
1
1
1
0
0
0
0
0
0
0
0
0
0
0
1
0
0
0
0
1
0
1
0
0
0
0
0
1
0
1
1
0
0
0
0
0
1
0
0
0
0
1
0
0
0
0
0
0
0
0
0
0
1
0
0
0
1
0
0
0
1
0
1
0
0
0
1
1
1
0
0
1
0
1
0
0
0
1
0
0
0
0
0
0
0
1
1
1
0
0
1
0
0
0
0
1
0
0
0
0
0
0
1
1
0
0
1
0
1
0
0
0
0
0
0
0
0
1
0
0
0
0
0
0
0
0
1
0
0
0
1
0
0
0
0
0
0
0
0
0
0
0
0
1
0
0
0
0
1
0
0
1
0
0
0
0
0
0
0
0
1
1
0
0
0
0
0
0
0
0
0
0
0
0
0
0
0
0
1
0
0
0
0
1
0
0
0
0
0
0
0
0
0
0
1
0
3
0
0
0
5
3
3
5
2
2
2
3
1
0
0
1
0
1
0
1
0
0
0
0
0
0
0
0
0
0
0
0
0
0
0
0
0
0
0
0
0
0
0
0
1
1
0
0
0
0
0
0
0
0
0
0
0
0
0
0
0
0
0
0
0
0
1
0
0
0
0
0
0
0
0
1
0
0
0
0
0
0
0
0
0
0
0
0
0
0
0
0
0
0
0
0
0
0
0
0
0
0
0
0
0
0
1
0
0
0
0
0
0
0
0
0
0
0
0
0
0
0
0
0
0
0
0
0
0
0
1
0
0
0
0
0
0
0
0
0
0
0
0
0
0
0
0
0
0
1
0
0
0
0
0
0
1
0
0
0
0
0
0
0
0
0
0
0
0
0
0
0
0
0
0
0
0
0
0
0
0
0
0
0
0
0
0
0
0
0
0
0
0
1
0
0
0
0
1
0
0
0
0
0
0
0
0
0
0
0
0
0
0
0
0
0
0
0
0
0
0
0
0
0
0
0
0
0
0
0
1
0
0
0
0
0
0
0
0
0
0
1
0
0
0
0
0
0
0
0
0
0
0
0
0
0
0
0
0
0
0
0
0
0
0
0
0
0
0
0
0
0
0
1
0
0
0
0
1
0
0
0
0
1
1
2
1
0
2
3
7
3
5
3
4
2
2
1
1
1
1
1
1
0
1
0
0
0
0
0
0
0
0
0
0
0
0
0
0
0
0
0
0
0
0
0
0
0
0
0
0
0
0
0
1
0
0
0
0
0
0
0
0
0
1
0
0
0
0
0
1
0
0
0
0
0
0
0
1
0
0
0
0
0
0
0
0
0
0
0
0
0
0
0
0
0
0
0
0
0
0
0
0
0
0
0
0
0
0
0
0
0
0
0
0
0
0
0
0
0
0
0
0
0
0
0
0
0
0
0
0
0
0
0
0
0
0
0
0
0
0
0
0
0
0
0
0
1
0
0
0
0
0
0
0
0
0
0
0
0
0
0
0
0
0
0
0
0
0
0
0
0
0
0
0
0
0
0
0
0
0
0
0
0
0
0
0
0
1
0
0
0
0
0
0
0
0
0
0
0
0
0
0
0
0
0
0
0
0
0
0
0
0
0
0
0
0
0
0
0
0
0
0
0
0
0
0
0
0
0
0
0
0
0
1
0
0
0
0
0
0
0
0
0
0
0
0
0
0
0
0
0
0
0
0
0
0
0
0
0
0
0
0
0
0
0
0
0
0
0
0
0
0
0
0
0
0
0
0
0
0
0
0
0
0
0
0
0
0
0
0
0
0
0
0
0
0
0
0
0
0
0
0
0
0
0
0
0
0
0
0
0
0
0
0
0
0
0
0
0
0
0
0
0
0
0
0
0
0
0
0
0
0
0
0
0
0
0
0
0
0
0
0
0
0
0
0
0
0
0
0
0
0
0
0
0
0
0
0
0
0
0
0
0
0
0
0
0
0
0
0
0
0
0
0
0
0
0
0
0
0
0
0
0
1
0
0
0
0
0
0
0
0
0
0
0
0
0
0
0
0
0
0
0
0
0
0
0
0
0
0
0
0
0
0
0
0
0
0
0
0
0
0
0
0
0
0
0
0
0
1
0
0
0
0
0
0
0
0
0
0
0
0
0
0
0
0
0
0
0
0
0
0
0
0
0
1
0
0
0
0
0
0
0
0
0
0
0
0
0
0
0
0
0
0
0
0
0
0
0
0
0
0
0
0
0
0
0
0
0
0
0
0
0
0
0
0
0
0
0
0
0
0
0
0
0
0
0
0
0
0
0
0
0
0
0
0
0
0
0
0
0
0
0
0
0
0
0
0
0
0
0
0
0
0
0
0
0
0
0
0
0
0
0
0
0
0
0
0
0
0
0
0
0
0
0
0
0
0
0
0
0
0
0
0
0
0
0
0
0
0
0
0
0
0
0
0
0
0
0
0
0
0
0
0
0
0
0
0
0
0
0
0
0
0
0
0
0
0
0
0
0
0
0
0
0
0
0
0
0
0
0
0
0
0
0
0
0
0
0
0
0
0
0
0
0
0
0
0
0
0
0
0
0
0
0
0
0
0
0
0
0
0
0
0
0
0
0
0
0
0
0
0
0
0
0
0
0
0
0
0
0
0
0
0
0
0
0
0
0
0
0
0
0
0
0
0
0
0
0
0
0
0
0
0
0
0
0
0
0
0
0
0
0
1
0
0
0
0
0
0
0
0
0
0
0
0
0
0
0
0
0
0
0
0
0
0
0
0
0
0
0
0
0
0
0
0
0
0
0
0
0
0
0
0
0
0
0
0
0
0
0
0
0
0
0
0
0
0
0
0
0
0
0
0
0
0
0
0
0
0
0
0
0
0
0
0
0
0
0
0
0
0
0
0
0
0
0
0
0
0
0
0
0
0
0
0
0
0
0
0
0
0
0
0
0
0
0
0
0
0
0
0
0
0
0
1
0
0
0
0
0
0
0
0
0
0
0
0
0
0
0
0
0
0
0
0
0
0
0
0
0
0
0
0
0
0
0
0
0
0
0
0
0
0
0
0
0
0
0
0
0
0
0
0
0
0
0
0
0
0
0
0
0
0
0
0
0
0
0
0
0
0
0
0
0
0
0
0
0
0
0
0
0
0
0
0
0
0
0
0
0
0
0
0
0
0
0
0
0
0
0
0
0
0
0
0
0
0
0
0
0
0
0
0
0
0
0
0
0
0
0
0
0
0
0
0
0
0
0
0
0
0
0
0
0
0
0
0
0
0
0
0
0
0
0
0
0
0
0
0
0
0
0
0
0
0
0
0
0
0
0
0
0
0
0
0
0
0
0
0
0
0
0
0
0
0
0
0
0
0
0
0
0
0
0
0
0
0
0
0
0
0
0
0
0
0
0
0
0
0
0
0
0
0
0
0
0
0
0
0
0
0
0
0
0
0
0
0
0
0
0
0
0
0
0
0
0
0
0
0
0
0
0
0
0
0
0
0
0
0
0
0
0
0
0
0
0
0
0
0
0
0
0
0
0
0
0
0
0
0
0
0
0
0
0
0
0
0
0
0
0
0
0
0
0
0
0
0
0
0
1
0
0
0
0
0
0
0
0
0
0
0
0
0
0
0
0
0
0
0
0
0
0
0
0
0
0
0
0
0
0
0
0
0
0
0
0
0
0
0
0
0
0
0
0
0
0
0
0
0
0
0
0
0
0
0
0
0
0
0
0
0
0
0
0
0
0
0
0
0
0
0
0
0
0
0
0
0
0
0
0
0
0
0
0
0
0
0
0
0
0
0
0
0
0
0
0
0
0
0
0
0
0
0
0
0
0
0
0
0
0
0
0
0
0
0
0
0
0
0
0
0
0
0
0
0
0
0
0
0
0
0
0
0
0
0
0
0
0
0
0
0
0
0
0
0
0
0
0
0
0
0
0
0
0
0
0
0
0
0
0
0
0
0
0
0
0
0
0
0
0
0
0
0
0
0
0
0
0
0
0
0
0
0
0
0
0
0
0
0
0
0
0
0
0
0
0
0
0
0
0
0
0
0
0
0
0
0
0
0
0
0
0
0
0
0
0
0
0
0
0
0
0
0
0
0
0
0
0
0
0
0
0
0
0
0
0
1
2
0
0
1
0
1
1
0
0
1
1
2
0
0
1
1
0
0
0
2
2
1
1
1
0
0
0
3
1
0
2
0
1
0
1
1
1
2
1
1
1
1
1
0
1
0
0
2
1
1
0
1
1
0
0
0
1
0
0
0
0
1
0
2
0
0
3
0
1
1
0
0
0
1
2
1
0
0
1
1
0
2
1
1
0
2
2
0
0
0
1
2
0
2
2
1
1
0
0
1
2
1
0
1
0
2
0
2
2
1
1
2
2
1
1
2
0
0
0
0
0
0
0
0
1
0
1
