0
0
0
0
0
0
0
0
0
1
0
0
1
0
0
1
0
3
3
5
2
5
5
1
5
6
8
7
13
7
8
10
7
7
3
13
16
12
8
4
5
11
9
12
9
8
13
12
10
8
9
7
14
9
10
5
11
8
8
14
12
16
23
26
25
33
50
63
77
76
124
143
163
226
250
347
409
464
469
492
495
492
514
526
551
555
597
586
565
622
595
656
674
716
749
754
703
683
652
673
672
591
617
616
592
577
594
550
580
557
548
572
509
541
529
518
511
559
521
507
534
493
527
567
492
529
555
543
501
569
569
543
551
508
509
505
510
531
544
523
542
530
567
518
558
527
544
533
563
548
522
518
497
564
508
538
510
534
528
521
550
520
533
535
503
547
524
533
513
517
514
535
540
573
506
520
523
533
527
490
535
493
552
532
529
526
515
516
485
561
507
515
536
528
487
528
560
516
510
529
508
520
556
476
521
538
536
513
526
527
526
532
499
529
471
572
522
544
481
503
516
545
540
551
565
513
500
486
525
502
526
523
504
489
561
543
572
534
533
519
523
521
548
514
509
521
530
497
521
536
513
518
493
470
549
519
486
543
493
533
511
510
530
524
558
539
499
486
497
537
504
539
521
513
519
534
491
511
534
484
519
533
503
527
487
549
512
557
535
495
555
495
532
514
484
510
484
554
522
503
513
526
510
505
542
573
508
520
508
488
540
475
520
510
517
499
506
482
504
548
517
482
488
529
500
490
488
522
506
516
510
550
525
525
509
569
491
513
522
519
510
548
535
514
509
518
530
547
514
535
556
516
507
577
553
524
488
562
518
504
523
506
567
533
533
501
549
537
519
510
568
541
590
609
572
597
557
560
567
567
619
589
596
619
594
587
584
600
556
592
588
599
606
578
614
629
546
591
587
647
589
608
573
613
592
614
631
591
593
623
580
627
584
633
645
635
610
597
565
591
586
577
622
613
584
622
610
613
610
576
594
604
592
609
604
617
585
579
604
664
578
583
578
577
565
579
618
544
575
587
557
563
610
584
620
608
592
566
582
631
606
589
562
571
617
549
603
601
582
608
557
576
535
538
592
584
590
593
539
558
593
555
594
578
618
544
572
587
557
575
597
554
556
563
550
574
546
561
561
583
580
583
591
590
582
574
598
599
580
576
570
566
576
563
595
532
538
581
550
588
601
579
593
551
581
628
576
587
596
519
591
571
597
554
569
603
521
564
552
519
583
605
604
529
612
551
584
564
604
603
606
590
588
536
586
569
574
547
563
534
568
564
562
563
570
570
626
593
572
518
581
527
578
562
566
570
578
592
526
593
563
536
591
577
541
555
589
558
564
571
562
605
577
556
521
567
568
523
554
574
607
511
578
565
600
538
527
572
562
526
555
524
588
521
563
561
568
562
568
539
577
550
554
577
560
544
554
577
562
580
558
558
557
551
579
558
557
546
519
525
554
552
541
568
541
518
561
518
558
589
524
555
581
565
623
586
584
588
557
591
549
513
551
573
580
589
590
592
592
564
567
592
581
583
574
562
546
589
540
601
608
547
587
614
615
574
605
581
567
543
578
632
587
584
591
592
580
603
626
598
600
648
596
625
612
579
577
595
589
594
594
599
590
584
639
618
565
604
639
579
631
635
660
624
605
573
624
634
630
641
609
589
659
659
656
642
663
577
592
651
615
671
672
660
622
671
657
645
667
643
683
681
673
656
664
688
658
705
630
667
717
718
647
709
647
675
665
709
684
719
677
649
676
678
693
721
685
691
751
680
685
679
693
676
701
694
667
747
709
716
708
728
767
734
728
727
718
758
705
693
704
699
682
706
657
674
712
637
657
650
667
656
625
685
593
605
559
592
543
579
534
544
553
493
488
460
515
514
484
502
470
410
438
432
415
460
419
442
447
432
438
435
474
423
393
393
419
423
404
412
422
396
394
378
422
384
380
394
361
379
331
350
358
371
378
352
371
373
344
350
359
369
387
329
337
349
373
343
327
347
346
328
305
327
347
353
325
319
305
337
331
349
324
341
338
290
299
327
310
304
308
319
316
309
276
283
344
319
328
312
273
290
315
291
308
283
339
304
304
292
255
285
273
279
308
283
283
290
289
264
274
297
256
295
274
284
285
249
287
265
264
274
281
244
273
278
240
253
230
250
240
233
244
242
271
225
223
222
260
243
261
230
240
250
230
238
226
222
220
245
238
239
227
217
201
218
229
197
231
208
207
211
218
215
220
234
179
222
200
200
190
194
187
209
192
192
220
171
189
181
198
213
195
199
219
196
193
197
201
195
186
204
176
189
179
187
169
178
184
186
188
170
189
183
172
195
197
187
177
201
191
185
190
176
187
184
178
179
194
177
183
161
177
183
204
172
170
169
154
194
176
177
174
175
180
172
153
153
183
171
166
171
179
167
178
164
168
200
163
185
162
155
184
175
165
192
149
146
175
166
140
166
162
185
205
149
169
182
187
161
168
161
170
166
176
192
188
170
162
178
167
216
165
183
151
134
154
172
157
158
165
189
180
162
170
172
174
184
183
163
163
155
137
167
150
159
169
178
169
177
152
172
183
181
179
173
180
150
160
123
169
163
159
156
161
166
164
180
177
186
163
171
165
153
181
161
149
192
138
164
149
171
149
159
168
144
170
168
185
169
171
171
162
150
153
155
147
139
143
161
144
178
152
163
186
158
139
145
161
175
150
141
160
177
153
168
165
148
135
174
165
158
160
148
152
175
146
164
161
172
150
162
153
156
151
157
166
171
166
201
156
136
164
174
170
175
176
190
164
163
215
189
233
248
264
302
371
501
607
788
964
1257
1633
1932
2407
2915
3567
4180
4768
5432
6074
6596
7059
7377
7645
7549
7563
7459
7202
6715
6130
5478
4751
4084
3397
2882
2405
1969
1539
1253
980
799
613
478
400
327
279
195
216
177
171
173
178
125
140
118
116
123
104
121
123
110
132
121
98
106
117
114
109
107
102
107
95
96
97
99
115
103
98
86
94
86
100
95
117
100
94
99
98
91
93
108
87
106
85
101
88
90
95
86
95
103
91
96
115
87
82
112
111
103
86
88
88
82
90
85
92
94
102
89
102
67
91
85
77
73
94
94
79
92
90
88
104
92
94
90
73
104
97
89
88
107
103
102
88
90
89
73
110
86
83
84
85
75
104
98
92
94
98
103
69
88
84
81
91
78
96
80
82
80
94
98
95
82
84
98
81
83
86
96
94
93
77
79
91
80
103
104
82
101
88
104
92
103
97
96
102
94
87
95
100
86
93
96
107
75
86
99
92
92
78
83
87
88
94
87
79
72
74
90
93
77
77
71
104
73
87
76
89
68
90
74
66
95
75
90
70
74
72
93
78
85
85
89
83
63
75
76
83
84
95
84
64
81
79
82
85
88
78
69
84
99
87
83
80
82
78
85
81
75
102
68
72
80
101
81
78
83
77
96
89
55
74
99
93
78
88
65
72
98
91
83
67
82
78
83
74
75
91
91
84
80
71
96
82
74
77
90
79
68
73
72
93
77
77
73
75
92
82
96
79
82
90
67
75
71
76
70
71
71
80
96
69
74
99
79
69
84
97
77
82
65
75
69
73
70
90
75
70
66
72
79
78
64
78
99
69
79
59
80
96
78
77
87
59
78
69
72
77
80
91
75
89
91
84
81
65
90
85
82
64
81
75
82
80
79
77
93
71
69
80
89
78
76
79
78
88
84
75
89
77
85
83
63
74
77
66
78
81
62
81
89
103
81
75
78
77
81
58
79
58
79
97
78
75
82
82
90
83
74
78
58
77
69
66
76
72
68
60
89
66
70
84
69
72
75
64
81
79
74
73
63
79
85
73
82
73
64
94
81
80
70
88
77
72
80
84
79
80
84
81
96
64
84
82
89
70
91
93
80
80
89
70
71
72
91
81
78
78
81
70
75
68
91
82
83
76
73
97
73
74
69
74
76
83
78
79
95
83
88
84
87
68
83
80
71
87
93
83
68
70
83
90
82
75
99
72
75
80
72
84
72
86
86
73
76
86
74
78
91
80
75
78
84
86
73
90
62
76
87
78
83
71
84
78
79
71
81
62
69
83
74
79
76
68
83
71
84
81
75
89
83
68
82
74
94
74
75
90
89
83
83
72
78
89
86
107
80
66
64
82
69
79
76
76
80
91
85
75
69
77
83
79
80
85
77
84
76
69
73
81
54
84
72
96
76
77
73
60
64
89
80
86
92
68
91
80
86
78
81
74
77
78
72
63
68
87
80
85
87
78
94
99
74
97
83
68
79
79
76
75
94
70
71
89
88
69
71
89
83
81
66
79
92
76
87
81
93
82
90
79
89
93
89
69
74
83
91
74
83
77
92
78
79
76
84
81
78
71
80
81
85
87
93
107
83
82
81
72
74
79
89
73
81
82
85
90
70
90
79
84
53
87
88
63
80
76
80
79
75
78
64
86
86
79
77
70
76
80
95
79
86
70
84
81
83
78
77
82
69
82
85
85
79
87
71
80
84
81
83
75
86
83
84
77
82
90
87
81
81
71
85
70
77
86
80
82
91
71
79
92
83
87
103
82
94
65
89
87
70
89
75
95
79
81
86
80
81
95
82
74
75
84
79
85
81
76
75
92
84
90
83
97
88
88
71
87
94
76
83
93
80
91
73
65
95
80
58
89
90
83
79
82
71
102
108
92
65
79
80
84
81
77
87
84
70
75
100
80
73
82
67
78
86
105
98
91
98
87
81
90
97
76
84
86
73
86
93
83
84
98
84
68
77
112
80
72
96
82
91
93
80
86
84
97
90
85
81
77
90
64
86
83
89
85
106
85
74
84
92
82
84
114
82
92
75
94
78
85
87
75
100
85
82
87
80
73
73
90
79
83
94
85
85
83
101
81
79
78
82
106
85
85
97
65
102
82
96
105
102
78
83
80
73
108
86
77
65
100
77
95
87
84
90
99
84
91
100
101
100
87
74
82
95
82
78
97
89
82
105
90
89
108
78
85
104
94
84
93
94
89
79
100
84
104
96
97
108
88
111
78
85
92
92
72
78
124
98
98
92
102
95
93
95
84
90
96
85
86
100
110
91
94
106
96
94
96
98
93
104
102
88
98
98
86
104
96
93
116
99
98
91
85
103
108
97
101
91
92
82
87
95
101
99
97
103
101
100
104
92
86
87
73
111
70
103
87
90
88
88
92
83
94
101
97
78
97
107
89
112
115
92
101
95
93
99
88
106
93
89
102
85
88
88
103
115
110
108
97
90
102
89
92
91
89
107
101
94
89
106
96
91
104
104
99
95
106
92
104
114
116
86
110
104
76
93
92
96
75
98
118
88
106
93
94
94
84
92
80
98
93
103
85
91
91
106
106
99
97
107
96
99
104
96
98
98
108
109
112
102
106
109
109
100
95
74
110
94
99
96
95
87
112
109
111
106
101
113
102
117
106
116
100
97
95
113
99
107
104
109
106
110
125
121
114
98
107
94
110
110
109
98
108
111
114
120
109
126
115
115
99
123
90
95
117
105
110
117
115
115
109
106
105
95
122
106
124
133
125
101
94
123
112
112
121
109
119
120
108
105
123
130
96
117
104
103
130
106
107
100
113
125
122
132
141
112
135
120
107
104
122
126
134
111
102
97
104
101
125
117
124
148
139
127
122
110
107
114
129
123
125
130
119
110
131
104
121
111
109
124
129
118
123
129
104
120
131
120
118
107
120
127
136
111
124
135
129
116
141
127
107
139
124
133
121
130
131
108
122
127
133
133
110
112
135
126
141
129
124
128
126
131
117
137
145
133
132
130
132
142
118
130
125
138
121
128
116
118
121
116
151
124
114
136
126
111
135
144
140
142
156
149
143
149
130
120
140
116
131
138
138
140
143
140
136
165
141
163
115
136
153
125
145
157
145
143
166
136
139
159
148
150
139
168
153
134
133
155
122
139
152
157
139
143
148
141
150
152
140
156
152
148
157
163
156
148
118
149
168
171
181
146
147
157
133
151
152
141
176
149
157
159
165
168
155
176
147
132
150
154
150
149
178
169
149
161
147
158
162
156
163
140
153
136
151
152
156
167
121
144
148
134
138
130
133
142
156
122
127
117
126
125
145
117
114
111
118
121
121
107
118
115
102
91
123
106
99
116
115
91
123
97
104
107
98
108
96
103
92
77
85
88
79
93
91
91
104
98
83
92
92
74
79
97
79
102
80
84
80
72
98
97
85
96
93
80
109
88
83
101
92
89
80
85
72
70
80
86
82
79
88
94
94
78
104
102
93
88
88
98
81
82
86
70
74
72
89
83
88
86
89
82
73
95
84
70
75
96
89
77
91
78
77
75
79
68
74
88
69
84
76
62
82
74
82
77
94
78
68
79
79
88
87
75
71
63
68
85
81
76
89
86
74
81
78
79
78
75
82
74
79
79
73
78
74
80
61
63
78
74
72
75
76
65
78
68
73
74
74
91
61
73
68
67
78
79
67
78
83
65
67
73
60
70
64
75
60
47
67
75
55
65
56
72
70
91
68
62
66
68
61
59
59
82
51
82
59
62
64
68
53
49
70
63
56
63
52
60
54
76
50
64
47
63
51
56
60
60
46
56
46
45
53
50
50
56
62
51
51
49
45
47
42
55
69
60
55
42
32
48
61
49
41
56
51
55
43
44
46
38
53
53
52
49
50
33
33
49
59
53
43
35
47
42
54
40
44
51
50
57
40
36
41
45
39
41
39
46
43
44
42
49
44
49
41
52
41
35
43
50
40
43
40
33
44
42
35
38
42
44
36
54
37
46
41
36
37
26
27
39
45
39
41
49
39
44
41
49
49
38
43
28
30
32
25
33
35
40
42
52
28
31
27
36
33
32
43
39
29
36
35
27
32
37
22
37
45
37
37
28
32
41
33
39
29
28
35
43
42
33
28
38
26
34
33
31
29
37
37
28
34
37
34
40
25
28
34
24
26
35
28
36
26
30
23
32
36
38
19
38
31
29
33
35
37
22
18
37
24
15
36
40
31
35
30
45
38
33
25
31
32
35
40
30
36
35
25
28
27
16
26
48
25
28
33
47
27
39
26
32
38
46
39
21
48
34
36
28
29
33
36
29
34
36
53
26
26
40
34
24
37
27
31
34
35
29
28
30
36
29
25
42
26
35
29
32
27
37
32
28
29
26
25
33
20
39
14
41
25
26
36
29
45
38
22
34
29
24
28
29
27
32
27
37
32
33
23
34
30
27
20
32
29
31
39
41
22
23
35
30
35
30
45
53
42
54
59
72
77
65
79
98
117
129
149
166
229
241
267
324
351
396
384
442
487
525
612
598
635
660
707
756
774
892
962
964
997
996
1000
1058
1047
1022
1067
1049
1001
902
825
795
696
618
503
443
395
328
286
208
186
153
111
95
81
64
80
52
51
54
32
46
45
41
34
41
35
26
43
30
26
26
24
24
24
34
28
28
28
27
21
28
31
28
20
29
28
23
30
30
21
31
24
18
26
17
23
31
33
26
24
23
25
24
25
20
25
16
25
29
21
25
26
22
29
24
23
29
24
28
29
12
15
33
22
25
30
23
27
29
28
22
19
26
22
21
25
32
24
23
25
12
26
18
27
20
21
25
32
14
26
21
21
16
27
27
18
23
24
22
27
18
25
35
25
21
19
31
21
25
22
18
26
24
18
14
21
28
25
27
22
24
22
27
19
14
20
25
17
12
20
25
26
21
19
26
24
23
20
18
24
18
25
23
23
13
14
21
13
22
24
16
24
18
15
20
16
25
27
20
20
25
24
27
21
19
18
19
18
19
17
23
14
21
25
21
24
18
21
22
28
22
15
15
25
23
20
18
20
15
21
23
22
18
22
23
22
23
25
20
20
23
22
24
23
19
15
20
19
26
35
17
23
22
18
18
23
28
17
22
21
9
16
19
23
19
22
20
16
14
21
14
27
31
25
20
24
31
16
20
27
20
22
19
17
24
13
19
15
19
16
19
19
26
12
23
21
22
23
17
16
9
14
24
26
20
23
15
16
24
23
19
23
15
24
17
14
19
15
17
14
9
23
18
20
14
21
17
21
18
15
15
17
24
14
21
27
22
24
21
18
15
24
15
16
15
25
16
17
12
15
16
18
25
17
19
14
12
24
16
15
19
22
14
12
15
12
26
24
16
15
15
13
16
21
23
16
17
25
19
13
17
21
23
18
18
22
21
18
11
13
22
18
17
23
20
22
18
21
16
12
18
15
20
19
12
20
17
14
11
19
17
14
13
18
32
18
10
20
12
15
18
23
24
23
27
21
15
14
13
19
13
14
18
23
17
12
14
21
17
18
17
12
21
18
13
24
16
21
22
22
19
14
16
15
17
12
10
13
14
22
23
18
21
16
19
19
19
16
22
14
14
16
15
10
15
14
17
18
18
16
16
21
11
20
28
19
21
21
19
16
20
14
25
20
22
17
12
20
26
14
25
21
14
22
22
15
15
11
11
17
17
17
9
13
16
22
14
20
14
14
20
12
19
17
19
26
13
19
15
16
23
10
18
19
21
17
17
16
21
18
14
20
22
16
12
13
16
16
13
12
15
11
20
11
15
15
15
19
17
10
15
15
18
16
15
26
19
8
17
12
13
16
16
14
13
14
13
18
15
21
15
20
18
10
19
17
17
22
12
13
12
14
22
16
22
17
19
15
14
16
10
15
18
15
10
14
15
19
16
18
20
15
12
14
11
18
12
21
14
13
18
9
20
11
12
14
21
13
18
18
17
12
15
14
10
15
14
10
14
16
16
17
20
18
15
11
16
13
17
18
21
13
9
11
17
14
20
9
14
9
20
18
18
14
10
10
15
11
13
12
11
9
19
16
15
16
16
19
15
11
27
13
16
19
11
18
14
15
15
22
9
21
14
15
17
18
24
21
14
14
14
16
8
19
10
19
23
16
18
10
18
19
24
19
17
20
19
9
17
15
18
9
15
8
10
13
15
14
17
14
16
20
13
10
13
14
23
20
7
11
13
20
17
22
14
7
16
13
11
21
18
18
18
11
9
22
16
17
15
16
8
17
7
18
10
17
15
7
13
10
13
13
10
11
15
9
10
19
17
14
14
18
12
15
17
11
14
11
15
18
8
24
16
13
15
12
16
12
17
10
15
12
21
15
11
13
12
10
11
16
16
9
12
16
12
17
11
13
11
9
14
8
16
18
15
11
9
18
9
14
15
9
12
16
10
11
16
13
19
14
14
10
10
13
11
5
8
12
13
8
13
19
13
15
11
13
7
12
12
9
12
11
8
8
17
12
7
11
14
17
10
13
10
9
15
18
11
9
14
10
10
8
9
9
9
8
4
10
13
15
6
14
13
8
7
10
8
10
9
13
7
8
7
8
8
10
6
7
11
11
10
13
11
5
6
7
9
9
10
6
10
6
9
10
9
10
8
9
8
6
3
8
13
8
9
4
6
13
2
12
8
6
5
5
9
8
6
3
7
7
3
5
5
5
5
8
9
9
5
9
6
6
7
1
5
7
8
9
10
9
10
12
7
5
5
8
7
7
5
4
5
8
4
12
6
5
6
2
5
6
6
6
4
2
6
8
8
8
4
3
3
1
5
6
6
10
4
4
5
5
4
5
6
4
4
10
5
5
6
2
5
1
6
3
3
0
7
3
4
7
7
6
5
3
5
1
2
1
1
7
7
4
4
2
1
4
6
2
1
5
4
6
2
2
3
3
1
4
0
3
2
3
3
2
0
5
1
4
4
5
3
1
8
4
1
3
2
1
2
2
3
5
3
1
5
1
3
3
3
3
6
3
2
5
7
3
3
5
0
0
3
4
1
3
2
2
4
5
0
2
4
0
2
3
3
5
5
7
1
2
1
4
7
1
2
4
0
3
5
0
4
7
1
0
4
0
3
2
7
2
4
4
0
3
4
1
3
3
3
4
1
0
2
5
3
3
2
3
4
3
2
2
1
1
1
1
3
1
5
7
2
4
0
2
5
1
4
2
4
3
1
1
3
3
3
3
2
2
2
1
2
4
1
2
2
1
1
3
1
1
2
1
2
4
3
4
1
2
2
3
1
2
5
1
2
2
2
5
1
1
3
0
4
3
2
2
3
6
3
1
4
3
1
2
3
4
2
3
3
3
1
4
1
2
7
2
2
2
2
3
3
7
3
1
2
6
2
1
1
1
0
0
4
1
5
1
3
3
3
4
0
2
0
2
4
3
4
3
2
4
3
3
4
3
2
2
11
3
2
5
7
8
3
8
6
11
11
10
10
11
16
16
17
15
15
26
15
22
23
29
25
25
24
37
36
33
31
29
43
35
49
47
44
46
52
38
59
51
45
37
56
39
63
40
35
36
39
41
28
23
22
20
18
18
10
10
6
9
7
7
6
5
5
2
0
3
2
0
0
1
3
0
1
0
2
0
1
1
0
0
0
2
0
0
2
0
0
3
1
0
1
3
0
0
0
2
1
0
1
2
2
0
1
2
1
2
2
2
0
2
1
1
0
0
2
0
1
1
0
1
0
1
0
1
0
0
1
1
1
1
1
1
1
0
0
0
0
2
0
0
1
0
1
1
2
3
1
0
0
1
0
0
0
1
0
0
0
0
0
3
2
0
0
1
0
0
0
0
0
0
1
1
0
0
0
1
1
0
0
2
2
0
1
0
0
1
0
0
0
0
0
1
3
0
0
0
1
0
0
1
1
1
0
0
0
0
1
1
1
0
0
0
1
0
0
0
2
0
1
0
0
0
1
0
0
0
0
2
2
0
0
0
1
1
0
2
0
0
1
2
0
3
0
0
2
0
0
0
1
0
0
0
0
2
1
1
1
2
1
1
0
0
3
0
0
3
0
0
2
0
0
0
0
1
1
0
0
0
0
0
1
1
1
1
1
0
1
1
0
1
1
0
0
1
0
0
1
0
0
0
0
0
1
0
0
0
0
1
1
0
0
2
0
2
0
1
0
0
0
0
0
1
0
0
1
0
0
0
0
0
0
0
1
0
1
1
0
0
1
0
0
0
0
0
0
1
0
0
0
0
1
1
0
0
0
0
0
1
1
0
0
0
1
0
2
0
1
1
0
0
0
0
0
0
0
0
0
1
0
0
0
0
1
1
0
0
0
0
0
1
1
0
1
0
0
0
3
0
0
1
0
0
0
0
0
0
0
1
3
0
0
0
0
0
0
0
0
1
0
0
0
1
0
1
0
0
0
2
0
0
1
0
0
0
0
1
1
0
0
0
0
0
0
1
0
0
0
1
1
0
0
0
0
0
1
1
0
0
1
0
1
0
0
0
1
0
1
1
0
0
0
0
0
0
0
0
0
0
0
1
0
0
0
1
0
0
0
1
1
0
1
0
0
0
0
0
1
0
1
0
0
1
0
0
1
0
1
0
2
1
0
1
0
0
2
0
1
0
1
1
0
0
0
0
0
0
0
0
0
0
0
1
0
0
1
0
1
1
0
0
2
0
0
0
0
1
0
0
0
0
0
1
0
0
0
1
0
2
0
0
0
0
0
2
1
1
0
1
0
0
1
3
1
1
1
0
0
0
1
0
0
1
0
0
1
0
1
0
2
0
0
1
0
1
0
0
0
0
1
0
1
0
1
0
0
0
1
0
1
0
0
0
0
0
1
0
1
0
1
0
0
0
0
0
0
0
0
0
0
0
0
0
0
0
0
1
1
1
2
0
0
0
0
1
0
0
0
0
0
0
1
0
0
1
0
1
0
0
0
1
0
0
0
0
0
0
0
0
0
1
0
0
0
0
1
0
0
0
1
0
0
0
0
0
0
0
1
0
1
0
1
0
0
0
0
0
0
0
0
0
0
0
0
0
0
2
0
0
2
0
1
1
0
0
0
1
0
1
0
0
0
0
0
0
1
1
0
0
0
0
0
0
0
1
0
0
1
0
0
0
0
0
0
0
0
0
2
1
0
0
0
0
0
0
1
0
0
0
0
0
0
0
0
0
1
1
1
0
0
0
0
1
0
0
1
0
1
0
1
0
0
0
1
0
0
0
0
1
0
0
0
0
0
1
0
0
0
1
0
0
0
1
0
0
0
0
0
0
0
0
0
0
0
0
0
0
0
0
0
0
1
0
1
0
0
0
0
1
0
0
0
0
0
0
0
0
0
0
0
0
1
0
0
0
0
0
0
0
0
0
1
0
1
0
0
0
0
1
1
0
0
2
0
0
0
0
0
1
1
0
0
0
1
1
0
1
0
0
0
0
0
0
0
0
0
0
3
0
0
0
1
0
0
0
0
0
0
0
0
0
0
0
1
0
0
0
0
0
0
0
0
0
0
1
0
0
0
0
1
0
0
1
0
0
0
0
1
0
0
0
1
0
0
0
0
0
0
0
0
0
0
0
0
0
0
0
0
0
0
0
0
0
0
1
0
0
0
0
0
0
0
0
0
0
0
0
1
0
0
0
1
0
0
0
1
0
0
0
0
0
0
0
1
0
0
1
0
1
0
0
0
1
0
0
0
0
0
0
0
0
1
0
1
0
0
0
0
0
0
0
0
1
0
0
0
0
0
0
0
1
0
0
0
0
1
0
0
0
0
0
0
0
0
0
0
0
1
0
0
0
1
0
1
0
0
0
1
0
0
0
1
0
0
0
0
0
1
0
0
0
0
0
0
0
1
0
0
0
0
0
0
0
0
1
0
0
0
0
0
0
1
0
1
0
0
0
0
0
0
0
0
1
0
0
0
1
0
0
0
1
0
0
0
0
0
0
0
0
1
0
1
0
1
1
0
0
0
1
0
0
1
0
0
1
0
0
0
0
0
0
2
0
0
0
0
0
0
0
0
0
0
0
0
0
0
1
0
1
0
0
0
0
0
0
0
0
0
0
0
0
0
0
0
0
0
0
0
2
0
0
0
0
0
1
0
0
0
0
0
0
0
0
0
0
0
1
0
0
0
0
1
1
0
0
1
0
0
0
0
0
0
0
0
0
1
0
0
0
0
1
0
0
0
0
0
0
0
0
0
0
0
0
0
0
1
1
0
0
0
0
0
0
0
0
0
0
1
0
0
0
0
0
0
1
0
0
0
0
0
0
0
0
1
0
0
1
0
0
0
0
0
0
1
0
0
0
0
0
0
0
0
0
0
0
0
0
0
0
0
0
0
1
0
0
0
0
1
0
0
0
1
0
0
0
0
0
0
0
0
0
0
0
0
0
0
0
0
0
0
1
0
1
0
0
0
0
0
0
1
0
0
1
0
0
1
1
0
0
0
0
0
0
1
0
0
0
0
0
0
0
0
0
0
1
0
0
0
0
0
0
0
0
0
0
0
0
0
1
0
0
1
0
0
1
0
0
0
0
0
0
0
0
0
0
0
0
0
0
0
0
0
0
0
0
0
0
1
0
0
0
0
0
0
0
0
0
0
0
0
0
0
1
0
0
1
0
0
0
0
0
0
0
0
0
0
0
0
0
0
0
0
0
0
1
0
0
0
0
0
0
0
0
0
0
1
0
0
0
0
0
0
0
0
0
0
2
0
0
0
0
0
0
0
0
0
0
0
0
0
0
0
0
0
0
0
0
0
0
0
0
0
0
0
0
0
0
0
0
0
1
0
0
1
0
0
0
0
0
0
0
0
0
1
0
0
0
0
0
0
0
0
0
1
0
0
0
0
0
0
0
0
0
0
0
0
0
0
0
0
0
0
0
1
0
0
0
0
0
0
0
0
0
0
1
0
0
0
1
0
0
0
1
0
0
0
0
0
0
0
0
0
0
1
1
0
0
1
0
0
0
0
1
0
0
0
0
0
0
0
1
0
0
0
0
0
0
1
0
0
0
0
0
1
1
0
0
0
0
0
0
0
0
0
0
0
0
0
0
0
0
0
0
0
0
0
0
0
0
0
0
0
0
0
0
0
0
0
0
0
0
0
0
0
0
0
0
0
0
0
0
1
0
0
0
0
0
0
0
0
0
1
0
0
0
0
0
0
0
0
0
0
1
1
0
0
0
0
0
0
1
0
0
1
0
0
0
1
0
0
1
0
0
0
0
0
0
0
0
0
0
0
0
0
0
0
0
0
0
0
1
0
0
0
0
1
0
0
0
1
0
0
0
0
0
1
0
0
0
0
1
0
0
0
0
0
0
0
0
0
0
0
0
0
0
0
0
0
0
0
1
0
0
0
0
0
0
0
0
0
0
0
0
0
0
0
0
0
0
0
0
0
0
0
0
0
0
0
0
0
0
0
0
0
0
0
1
0
0
0
0
0
0
0
0
0
0
0
0
0
0
0
0
0
0
0
0
0
0
0
0
0
0
0
0
0
0
0
0
0
0
1
0
0
0
0
0
0
0
0
0
0
0
0
0
0
0
1
0
0
0
0
0
0
0
0
0
0
0
0
0
0
0
0
0
0
0
0
0
0
0
0
0
0
0
0
0
1
0
0
0
0
0
0
0
0
0
0
0
0
0
0
0
0
0
0
1
0
0
0
0
0
0
0
0
0
0
0
0
0
0
0
0
0
0
0
0
0
0
0
0
0
0
1
0
0
0
0
1
0
0
0
0
0
0
0
0
0
0
1
0
0
0
0
0
0
0
0
0
0
0
0
0
0
0
1
0
0
0
0
0
0
0
0
0
0
0
0
0
0
0
0
0
0
0
1
0
0
0
1
0
0
0
0
0
1
0
0
0
0
0
0
0
0
0
0
0
0
0
0
0
0
0
0
0
0
1
0
0
0
0
0
0
0
0
0
0
0
0
0
0
0
0
0
0
0
0
0
0
0
0
0
0
0
0
0
0
0
0
0
0
0
0
0
0
0
0
0
0
0
0
0
0
0
0
0
0
0
0
0
0
0
0
0
0
0
0
0
0
0
0
0
0
0
0
0
0
0
0
0
0
0
0
0
0
0
2
0
0
0
0
0
0
0
0
0
0
0
0
0
0
0
1
0
0
0
0
1
0
0
0
0
0
0
0
0
0
0
0
1
0
0
0
0
0
0
0
0
0
0
0
0
0
0
0
0
0
0
0
0
0
0
0
0
0
0
0
0
0
1
0
0
0
0
0
0
0
0
0
0
0
0
0
0
0
0
0
0
0
0
0
0
0
0
0
0
0
0
0
0
0
0
0
0
0
0
0
0
1
0
0
0
0
0
0
0
0
0
1
1
0
0
0
0
1
1
1
0
1
0
1
0
0
0
0
0
0
1
0
0
0
0
0
0
1
0
0
0
0
0
0
0
0
0
0
0
0
0
0
0
0
0
0
0
0
0
0
0
0
0
0
0
0
0
1
0
0
0
0
0
0
0
0
0
0
0
0
0
0
0
0
0
0
0
0
0
0
0
0
0
0
0
0
0
0
0
0
0
0
0
0
0
0
0
0
0
0
0
0
0
0
0
0
0
0
0
0
0
0
0
0
0
0
0
0
0
0
0
0
0
0
0
0
0
0
0
0
0
0
0
0
0
0
0
0
0
0
0
0
0
0
0
0
0
0
0
0
0
0
0
0
0
0
0
0
0
0
0
0
0
0
0
0
0
0
0
0
0
0
0
0
0
0
0
0
0
0
0
0
0
0
0
0
0
0
1
0
0
0
0
0
0
0
0
0
0
0
0
0
0
0
0
0
0
0
0
0
0
0
0
0
1
0
0
0
0
0
0
0
0
0
0
0
0
0
0
0
0
0
0
0
0
0
0
0
0
0
0
0
0
0
0
0
0
0
0
0
0
0
0
0
0
0
0
0
0
0
0
0
1
1
0
0
0
0
0
0
0
0
0
0
0
0
0
0
0
0
0
0
0
0
0
0
0
0
0
0
0
0
0
0
0
0
0
0
0
0
0
0
0
0
0
0
0
0
0
0
0
0
0
0
0
0
0
0
0
0
0
0
0
0
0
0
0
0
0
0
0
0
0
0
0
0
0
0
0
0
0
0
0
0
0
0
0
0
0
0
0
0
0
0
0
0
0
0
0
0
0
0
0
0
0
0
0
0
0
0
0
0
0
0
0
0
0
0
0
0
0
0
0
0
0
0
0
0
0
0
0
0
0
0
0
0
0
0
0
0
0
0
0
0
0
0
0
0
0
0
0
0
0
0
0
0
0
0
0
0
0
0
0
0
0
0
0
0
0
0
0
0
0
0
0
0
0
0
0
0
0
0
0
0
0
0
0
0
0
0
0
0
0
0
0
0
0
0
0
0
0
0
0
0
0
0
0
0
0
0
0
0
0
0
0
0
0
0
0
0
0
0
0
0
0
0
0
0
0
0
0
1
0
0
0
0
0
0
0
1
0
0
0
0
0
0
0
0
0
0
0
0
0
0
0
0
0
0
0
0
0
0
0
0
0
0
1
0
0
0
0
0
0
0
0
0
0
0
0
0
0
0
0
0
0
0
0
0
0
0
0
0
0
0
0
0
0
0
0
0
0
0
0
0
0
0
0
0
0
0
0
0
0
0
0
0
0
0
0
0
0
0
0
0
0
0
0
0
0
0
0
0
0
0
0
0
0
0
0
0
0
0
0
0
0
0
0
0
0
0
0
0
0
0
0
0
0
0
0
0
0
0
0
0
0
0
0
0
0
0
0
0
0
0
0
0
0
0
0
0
0
0
0
0
0
0
0
0
0
0
0
0
0
0
0
0
0
0
0
0
0
0
0
0
0
0
0
0
0
0
0
0
0
0
0
0
0
0
0
0
0
0
0
0
0
0
0
0
0
0
0
0
0
0
0
0
0
0
0
0
0
0
0
0
0
0
0
0
0
0
0
0
0
0
0
0
0
0
0
0
0
0
0
0
0
0
0
0
0
0
0
0
0
0
0
0
0
0
0
0
0
0
0
0
0
0
0
0
0
0
0
0
0
0
0
0
0
0
0
0
0
0
0
0
0
0
0
0
0
0
0
0
0
0
0
0
0
0
0
0
0
0
0
0
0
0
0
0
0
0
0
0
0
0
0
0
0
0
0
0
0
0
0
0
0
0
0
0
0
0
0
0
0
0
0
0
0
0
0
0
0
0
0
0
0
0
0
0
0
0
0
0
0
0
0
0
0
0
0
0
0
0
0
0
0
0
0
0
0
0
0
0
0
0
0
0
0
0
0
0
0
0
0
0
0
0
1
0
0
0
0
0
0
0
0
0
0
0
0
0
0
0
0
0
0
0
0
0
0
0
0
0
0
0
0
0
0
0
0
0
0
0
0
0
0
0
0
0
0
0
0
0
0
0
0
0
0
0
0
0
0
0
0
0
0
0
0
0
0
0
0
0
0
0
0
0
0
0
0
0
0
0
0
0
0
0
0
0
0
0
0
0
0
0
0
0
0
0
0
0
0
0
0
0
0
0
0
0
0
0
0
0
0
0
0
0
0
0
0
0
0
0
0
0
0
0
0
0
0
0
0
0
0
0
0
0
0
0
0
0
0
0
0
0
0
0
0
0
0
0
0
0
0
0
0
0
0
0
0
0
0
0
0
0
0
0
0
0
0
0
0
0
0
0
0
0
0
0
0
0
0
1
0
0
0
0
0
0
0
0
0
0
0
0
0
0
0
0
0
0
0
0
0
0
0
0
0
0
0
0
0
0
0
0
0
0
0
0
0
0
0
0
0
0
0
0
0
0
0
0
0
0
0
0
0
0
0
0
0
0
0
0
0
0
0
0
0
0
0
0
0
0
0
0
0
0
0
0
0
0
0
0
0
0
0
0
0
0
0
0
0
0
0
0
0
0
0
0
0
0
0
0
0
0
0
1
0
0
0
0
0
0
0
0
0
0
0
0
0
0
0
0
0
0
0
0
0
0
0
0
0
0
0
0
0
0
0
0
0
0
0
0
0
0
0
0
0
0
0
0
0
0
0
0
0
0
0
0
0
0
0
0
0
0
0
0
0
0
0
0
0
0
0
0
0
0
0
0
0
0
0
0
0
0
0
0
0
0
0
0
0
0
0
0
0
0
0
0
0
0
0
0
0
0
0
0
0
0
0
0
0
0
0
0
0
0
0
0
0
0
0
0
0
0
0
0
0
0
0
0
0
0
0
0
0
0
0
0
0
0
0
0
0
0
0
0
0
0
0
0
0
0
0
0
0
0
0
0
0
0
0
0
0
0
0
0
0
0
0
0
0
0
0
0
0
0
0
0
0
0
0
0
0
0
0
0
0
0
0
0
0
0
0
0
0
0
0
0
0
0
0
0
0
0
0
0
0
0
0
0
0
0
0
0
0
0
0
0
0
0
0
0
0
0
0
0
0
0
0
0
0
0
0
0
0
0
0
0
0
0
0
0
0
0
0
0
0
0
0
0
0
2
0
1
0
1
0
1
1
1
0
1
1
2
0
0
0
0
0
1
0
2
0
0
0
1
1
1
1
2
3
2
1
0
1
2
1
0
0
2
2
0
0
1
0
0
0
0
0
0
0
1
0
1
1
0
1
0
1
0
0
3
0
0
1
0
1
0
0
0
1
2
1
2
0
0
0
1
0
1
0
0
0
1
0
1
0
1
1
0
0
0
0
0
0
0
0
1
1
1
1
0
2
1
0
1
0
0
0
4
0
2
0
0
2
2
0
1
1
1
1
0
2
0
1
0
1
0
1
