0
0
0
0
1
0
0
0
0
0
0
0
0
0
0
0
0
1
0
1
3
4
8
8
5
6
7
9
5
12
9
13
15
17
5
12
10
18
9
8
10
9
11
11
6
7
6
7
6
10
7
9
9
9
7
11
8
7
8
7
9
9
18
13
26
43
46
71
61
84
103
133
122
191
211
276
400
430
472
476
431
456
510
521
512
518
533
566
558
579
631
628
663
686
722
766
715
716
693
615
615
609
598
563
582
547
530
545
489
516
566
552
564
530
536
557
544
506
548
550
541
469
534
522
444
526
506
514
532
537
508
544
523
561
489
511
520
511
549
494
516
532
510
564
535
512
524
535
531
549
521
521
534
525
524
580
572
509
473
505
568
535
538
516
531
499
510
533
490
523
495
522
538
509
477
527
513
503
501
498
556
484
540
520
502
529
504
488
486
518
563
496
520
499
490
450
507
484
464
524
521
502
493
545
552
476
537
501
530
503
524
486
474
506
502
513
518
521
513
539
470
473
490
471
518
468
525
503
510
476
487
482
511
524
539
457
495
577
538
490
532
486
497
505
519
547
478
480
517
478
508
529
490
550
480
493
519
472
538
494
493
521
504
469
511
470
519
497
489
507
507
513
512
483
513
519
519
502
524
521
528
537
539
494
490
519
513
530
466
516
484
542
496
493
508
483
514
534
543
475
526
491
513
520
530
533
532
502
512
479
482
456
509
514
519
458
516
507
525
512
508
515
513
452
491
498
478
507
523
493
513
476
501
540
507
530
495
522
477
587
469
504
519
467
499
543
533
488
504
525
502
551
500
493
504
494
509
501
538
538
511
543
529
491
514
522
513
527
522
512
538
492
551
558
546
570
510
561
615
548
584
518
599
614
555
526
574
554
574
547
596
543
568
551
595
582
611
583
550
586
552
576
557
568
571
591
585
569
597
590
579
579
628
618
628
597
576
567
556
593
601
596
616
545
567
619
581
576
548
575
586
530
533
600
581
617
594
544
588
573
623
604
565
568
557
589
569
571
602
609
576
564
601
590
560
547
547
555
563
547
569
594
536
603
572
596
574
563
606
567
584
520
605
557
485
552
524
553
569
573
582
553
598
602
574
630
610
568
581
534
580
546
578
570
578
560
568
581
590
563
560
575
596
584
582
565
555
600
563
558
531
578
551
527
554
586
568
558
548
552
547
545
555
559
534
562
520
570
566
534
581
534
594
576
590
596
553
564
536
578
576
584
549
504
528
547
569
588
561
571
570
550
550
554
562
587
549
547
561
570
571
579
572
570
558
593
557
552
532
544
561
546
563
582
592
530
523
557
528
547
554
573
521
560
576
561
539
556
552
550
535
519
564
574
602
552
594
562
525
562
536
564
600
521
532
536
527
541
543
592
588
531
532
565
559
572
526
539
564
560
516
527
596
507
567
565
565
512
542
515
561
572
551
565
556
572
520
565
555
550
525
579
561
579
537
595
559
579
578
530
533
532
555
525
565
569
570
577
586
585
567
551
562
562
543
549
556
566
514
568
598
582
598
527
546
572
570
584
572
573
580
574
584
542
549
617
595
596
588
570
573
574
610
555
548
513
606
617
606
568
615
601
581
564
593
548
618
626
567
602
631
583
589
618
606
653
604
632
599
663
594
626
602
598
606
607
650
645
656
639
650
620
634
637
607
635
636
616
617
621
666
631
650
629
645
644
652
662
681
658
709
676
653
637
636
679
690
715
687
644
696
704
706
638
643
667
652
681
684
700
719
693
697
674
674
726
732
709
706
682
707
707
718
707
702
715
700
629
716
732
739
636
732
693
779
707
720
682
713
691
726
705
704
724
648
732
690
650
697
685
680
670
610
641
630
608
572
551
577
559
543
545
526
521
515
508
486
481
479
475
442
465
473
467
459
447
415
405
431
411
429
419
401
401
418
420
412
390
414
395
380
374
403
391
370
364
368
390
376
368
377
375
364
360
365
409
390
350
326
345
331
345
360
336
337
374
344
339
320
327
344
315
311
336
341
341
330
335
353
301
331
359
306
358
316
321
331
311
294
299
314
299
286
295
324
304
320
283
297
334
287
300
302
293
275
311
280
274
292
288
275
300
300
283
266
282
264
301
270
258
237
271
290
250
250
298
230
250
238
263
228
248
265
259
238
237
232
252
244
247
255
257
254
232
218
230
280
235
257
245
240
209
228
234
211
208
220
232
219
216
228
197
189
197
235
241
211
202
232
213
247
198
220
216
220
216
201
203
189
172
193
202
198
176
207
200
201
172
195
166
182
187
211
186
189
167
187
181
189
191
188
190
191
176
190
184
186
184
189
182
207
166
148
165
179
193
187
178
189
153
149
140
153
194
172
168
181
168
187
171
170
171
213
177
163
203
161
191
167
157
189
165
172
161
181
155
155
192
185
168
179
156
143
162
157
198
183
168
160
157
153
196
170
181
171
164
187
169
161
175
166
172
193
180
169
176
177
162
169
167
182
189
159
182
158
177
151
176
163
172
184
138
142
159
184
168
175
164
143
164
172
160
171
154
172
195
169
177
176
176
171
193
151
163
152
151
178
176
165
182
135
153
174
145
172
153
150
172
157
180
151
165
148
181
168
140
155
147
156
169
181
174
137
152
179
165
154
163
167
149
144
148
160
150
175
153
150
156
170
157
161
158
157
167
163
181
159
167
163
148
162
168
148
148
162
171
147
154
151
160
166
167
159
185
163
158
149
147
154
156
153
144
160
163
142
158
135
132
147
136
141
177
161
147
141
155
181
130
182
142
168
140
167
164
173
166
178
113
159
145
179
163
181
183
231
279
291
329
426
536
670
928
1252
1596
2100
2656
3260
4006
4725
5604
6505
7165
7968
8605
9041
9424
9188
9142
8838
8509
7782
6931
6217
5229
4448
3607
2802
2138
1678
1294
963
730
593
443
421
360
273
242
230
167
164
161
140
146
118
134
123
121
110
113
125
105
120
121
117
120
104
122
114
98
107
85
100
94
79
94
86
86
90
99
107
116
106
96
116
88
101
111
96
85
97
91
105
110
85
94
98
114
95
81
91
84
95
98
81
107
105
94
113
89
95
91
101
111
80
99
103
100
81
86
87
94
101
101
92
101
87
94
76
105
82
100
74
91
95
90
107
96
97
99
88
94
101
98
105
98
105
114
91
111
81
91
84
93
93
88
93
92
116
92
97
102
89
90
97
107
88
99
87
76
79
96
78
85
85
87
97
97
99
101
100
103
101
105
86
85
98
93
96
89
113
95
84
113
89
101
82
81
95
87
92
88
81
99
82
70
76
88
76
78
88
95
81
95
99
75
68
85
80
75
95
76
66
77
79
68
79
77
79
88
85
77
86
85
67
71
86
72
82
83
88
95
91
78
82
78
87
74
86
79
77
83
83
99
84
95
98
89
69
68
80
88
88
88
88
81
85
92
74
84
79
68
78
82
87
76
81
75
74
83
83
91
83
96
85
101
79
83
79
87
64
81
77
71
94
82
69
95
88
64
87
84
71
78
84
90
71
69
62
80
69
70
88
84
67
85
86
74
84
81
72
74
71
81
83
93
78
88
60
76
71
90
97
78
68
70
88
85
76
70
63
77
77
83
99
85
92
77
80
88
82
59
63
93
84
67
74
84
76
98
66
84
76
73
79
83
99
87
83
76
74
68
73
78
79
85
68
79
82
82
77
70
81
79
78
93
75
75
65
80
80
76
108
72
85
71
82
83
80
98
75
94
74
82
83
82
67
80
84
75
61
69
78
65
91
77
85
88
76
69
87
90
85
67
76
83
77
78
79
92
68
93
78
89
87
72
76
68
91
74
74
92
66
99
94
70
67
77
95
80
72
78
67
74
77
90
84
75
73
89
79
66
86
72
87
93
94
85
82
81
100
86
86
82
81
80
66
95
109
88
85
77
72
72
77
75
81
82
86
93
85
93
72
89
91
92
71
84
80
86
89
83
88
85
84
72
85
90
79
84
89
89
72
105
74
100
72
81
68
85
66
87
74
87
96
79
72
87
82
85
91
78
66
70
91
87
69
82
85
69
81
88
87
77
86
77
74
84
70
74
76
75
80
96
82
73
74
95
81
77
93
86
102
77
83
75
101
83
87
88
86
78
76
69
87
79
82
89
78
76
81
70
96
75
71
79
93
88
83
76
70
80
92
86
78
81
87
80
80
91
81
98
88
73
81
77
92
76
82
80
71
61
88
80
77
85
82
63
95
86
67
77
89
70
89
86
71
89
91
74
77
72
88
85
85
84
76
74
72
72
99
82
85
66
92
76
71
86
78
87
79
76
84
70
73
80
66
74
86
73
68
79
82
89
89
92
94
85
88
83
96
92
71
82
91
88
87
94
79
74
89
81
96
97
81
82
107
81
80
94
91
84
70
78
88
86
76
85
94
81
78
85
78
79
82
98
77
98
87
73
83
99
88
75
77
87
80
75
79
79
71
79
78
92
81
85
94
79
82
88
92
71
94
76
90
81
77
83
87
95
82
68
104
87
80
79
86
80
83
82
81
83
81
88
91
76
97
90
80
82
75
81
83
88
91
86
68
87
104
83
78
68
96
90
67
72
80
74
106
100
84
88
80
96
79
99
102
85
70
96
76
92
92
94
79
74
92
85
86
70
71
79
100
69
74
87
85
82
86
92
67
100
71
81
75
97
77
99
86
73
78
94
64
76
102
94
112
84
105
86
77
93
87
92
66
93
88
83
84
97
85
63
95
85
93
77
108
88
93
75
100
79
83
85
76
80
84
81
80
77
83
105
94
78
96
88
94
91
109
105
73
76
105
75
96
91
105
94
79
87
87
77
79
90
84
91
88
74
97
78
97
71
71
113
83
108
72
79
57
96
105
85
104
70
78
83
80
96
87
81
88
79
75
79
97
88
92
76
104
90
85
100
101
85
85
97
88
90
107
88
96
82
70
90
88
87
77
96
83
92
80
94
103
104
100
81
89
89
80
100
105
86
91
91
104
94
78
80
89
78
76
99
91
90
85
86
98
92
93
91
86
83
91
84
112
97
83
98
104
101
89
89
78
103
96
95
96
87
99
97
71
94
93
85
77
100
89
93
91
87
101
97
92
115
91
86
96
98
98
101
92
95
93
86
93
82
86
90
87
107
111
90
94
74
86
88
107
100
95
104
76
92
97
103
96
125
103
100
84
104
108
97
107
91
88
77
87
98
88
105
97
104
101
97
94
109
86
114
79
90
114
101
100
110
97
93
99
108
111
102
98
96
98
98
105
110
119
115
101
110
90
93
105
100
97
99
95
102
97
105
111
88
82
106
110
102
100
97
99
97
110
114
109
96
95
72
99
91
119
104
108
104
88
85
98
109
101
103
91
112
108
105
107
99
94
110
98
95
118
80
91
98
121
98
89
110
98
102
89
105
86
86
110
116
84
107
108
121
109
86
102
109
104
122
112
109
101
99
99
115
108
97
101
108
89
117
106
114
94
105
122
97
114
124
83
112
99
88
122
109
104
106
113
109
91
114
110
108
115
109
107
113
124
114
111
91
88
102
111
121
109
106
129
109
117
104
124
112
124
131
105
115
120
112
107
112
105
130
122
102
125
98
119
121
115
110
116
130
120
126
98
125
120
115
127
102
123
133
103
124
113
105
127
99
130
101
115
113
112
114
130
116
109
118
143
106
127
124
118
110
118
128
99
103
128
125
123
133
124
125
97
107
127
123
106
105
116
124
113
128
128
126
134
140
128
142
113
123
116
111
125
116
132
121
119
128
133
119
136
106
126
131
136
121
136
125
116
122
115
126
129
146
133
128
124
124
154
119
126
134
138
136
125
124
164
136
132
147
129
138
127
141
147
145
134
111
134
148
143
128
147
143
139
130
125
120
124
145
142
154
148
161
149
160
161
141
133
146
142
178
143
161
159
154
160
152
159
187
137
162
147
153
163
159
145
133
173
140
148
132
165
142
136
123
138
154
158
148
154
143
167
143
167
150
144
159
161
147
166
159
128
155
138
147
164
169
166
152
142
169
153
154
147
146
166
158
172
171
145
149
141
162
169
151
144
158
173
148
144
172
147
171
154
155
149
163
124
166
149
120
148
153
147
134
138
146
140
118
150
137
107
144
116
137
107
126
118
115
104
125
118
115
112
108
106
100
122
97
135
111
98
97
100
106
95
98
89
101
114
102
102
121
104
108
104
110
99
100
110
78
99
107
83
73
91
104
91
106
82
90
96
97
122
96
106
91
80
117
97
88
68
104
80
93
81
86
72
95
93
92
82
63
73
105
80
82
77
85
87
86
91
84
94
65
92
92
94
84
87
72
101
98
83
79
89
82
88
83
86
69
78
97
96
84
83
96
81
84
68
72
79
89
83
92
88
79
82
72
78
75
77
82
92
69
69
82
85
79
77
75
74
75
79
81
79
77
74
70
64
73
69
75
84
74
72
92
76
77
90
86
89
94
83
73
75
56
74
80
69
66
69
59
75
83
75
70
63
52
66
78
74
70
69
63
64
60
70
78
61
64
74
69
59
84
60
76
64
75
71
55
63
67
62
72
67
53
79
63
56
60
68
53
47
68
62
58
65
68
59
63
64
48
76
55
53
50
49
65
64
56
54
60
39
54
54
42
48
48
52
61
40
58
54
53
60
44
57
51
44
46
49
56
53
57
50
55
48
53
52
53
46
36
41
45
48
50
41
48
46
35
61
41
52
40
44
47
33
43
60
51
45
38
49
39
50
52
35
44
43
54
45
42
38
43
42
36
39
43
52
42
37
43
35
43
39
42
44
32
38
36
40
41
46
37
44
34
39
38
28
40
38
39
40
37
32
25
50
51
37
39
30
34
44
37
45
24
35
44
47
34
38
52
39
36
38
33
38
40
33
33
28
37
35
34
35
36
31
41
34
34
34
44
38
43
33
33
38
40
32
29
37
43
24
35
30
30
38
40
33
34
42
39
36
37
30
36
35
27
30
35
54
38
30
51
28
36
30
36
26
51
33
32
37
28
35
25
38
32
39
25
40
29
18
42
35
30
36
28
32
42
25
30
32
32
36
40
34
35
45
39
35
34
37
28
35
33
28
36
33
34
37
43
29
38
30
39
35
46
39
33
30
25
38
33
34
25
23
22
29
36
21
24
24
26
45
30
23
31
32
36
23
39
27
33
39
34
27
46
34
28
25
33
37
36
38
36
38
42
27
30
28
20
25
27
19
30
39
41
26
34
36
37
33
21
28
33
37
26
34
32
32
30
26
39
35
33
25
37
29
40
37
50
49
61
50
55
59
67
75
64
91
88
112
123
166
164
193
229
277
307
337
424
461
515
564
608
612
694
638
701
677
791
789
823
871
921
1009
994
982
1010
1051
1127
1134
1099
1140
1133
1087
1052
1052
999
913
777
761
635
539
444
318
277
207
164
154
123
91
74
58
64
43
49
50
40
39
42
38
35
37
39
29
34
33
44
34
28
30
34
40
23
36
29
36
23
30
31
39
23
28
38
36
36
24
33
20
35
27
29
23
25
30
32
29
20
31
24
32
31
29
28
23
23
36
25
36
24
31
18
32
27
24
22
26
23
16
25
22
24
23
35
32
26
26
31
31
18
23
22
25
26
24
20
30
16
26
25
28
30
27
21
18
34
28
24
27
23
27
25
26
25
21
30
22
12
22
26
28
38
31
21
21
34
19
34
33
27
27
13
21
29
21
30
28
29
23
19
18
35
23
29
17
23
35
23
26
32
28
23
27
29
17
23
17
31
20
21
21
20
22
33
30
28
29
33
24
21
21
33
20
23
25
15
27
17
21
21
29
32
23
21
28
25
26
24
31
23
23
29
29
39
20
16
28
18
22
22
22
29
30
17
27
19
23
26
33
28
24
20
22
22
18
23
26
29
21
18
17
12
19
21
26
26
24
24
24
16
18
16
30
12
21
17
23
22
18
27
31
18
24
27
21
11
25
17
15
17
31
20
19
12
21
16
33
20
26
21
23
24
18
25
22
18
20
25
29
19
22
30
29
18
21
25
23
26
21
23
23
18
15
21
15
26
12
21
17
15
19
13
22
16
22
20
19
26
20
28
17
23
17
11
22
17
11
39
23
33
19
20
27
18
22
23
15
14
18
24
13
20
20
14
11
24
24
19
15
19
19
21
27
20
17
12
18
24
20
24
17
28
20
20
21
21
20
22
25
15
21
22
15
13
18
30
20
12
15
17
21
23
26
13
23
13
24
21
16
18
21
22
20
17
14
8
14
17
12
19
13
16
20
16
19
22
25
16
16
24
28
16
20
17
21
24
18
25
25
18
15
23
24
15
21
21
28
17
15
21
15
15
18
22
16
12
9
24
14
17
17
11
21
18
23
29
17
16
17
15
18
12
19
22
22
15
20
22
18
14
15
16
26
20
20
15
26
18
15
20
15
19
16
20
17
21
19
26
22
21
19
19
31
18
15
31
24
19
18
25
17
28
31
25
17
18
23
26
12
23
16
16
22
17
20
22
21
12
15
20
13
10
28
15
19
21
17
10
18
19
20
13
18
15
21
21
16
20
23
13
18
12
16
26
16
25
10
17
22
17
19
16
12
23
11
14
21
22
20
12
17
14
20
24
15
23
21
18
19
18
21
15
17
12
17
14
14
14
19
20
18
18
9
15
14
12
15
19
15
15
14
13
20
12
15
16
14
21
11
13
22
20
19
19
16
8
14
19
11
15
15
20
19
16
17
15
12
16
20
7
18
27
16
16
20
15
15
17
26
21
16
15
14
23
20
15
24
18
17
24
21
17
13
11
24
11
19
14
10
19
9
15
15
21
19
14
21
15
16
23
11
23
16
13
17
22
18
18
19
19
25
23
22
14
10
25
16
15
17
23
13
15
29
8
13
14
20
18
19
18
14
17
19
20
16
16
20
26
23
19
16
15
19
9
19
25
16
29
21
18
18
19
17
19
24
18
15
15
16
18
14
18
19
19
20
27
20
13
20
21
12
15
19
14
23
11
13
14
9
19
24
21
27
19
21
22
14
16
13
18
18
18
19
17
17
9
17
22
16
14
15
13
20
18
12
18
18
21
15
16
19
23
17
18
14
20
12
17
12
19
14
19
11
18
13
16
17
17
13
23
7
23
29
15
23
22
10
16
16
9
12
18
14
11
15
18
17
13
14
16
14
17
23
19
20
15
13
14
21
23
20
12
18
15
8
22
16
13
16
11
18
10
12
12
11
11
18
13
9
21
19
10
11
11
16
23
18
21
8
15
15
18
15
19
8
12
9
19
8
7
16
16
16
7
15
15
15
23
19
11
13
10
14
9
15
14
20
11
15
12
15
11
20
14
19
10
6
13
9
20
14
14
12
12
14
10
6
9
11
12
11
19
13
15
6
15
9
11
14
9
5
10
10
13
9
8
10
11
6
11
6
7
8
6
12
6
6
7
6
7
9
6
5
12
4
7
10
9
12
6
10
6
10
2
14
7
5
6
11
12
8
6
8
8
6
5
8
9
5
8
6
8
5
12
11
7
4
8
7
10
6
5
10
5
6
13
4
3
7
5
7
8
6
7
6
8
7
7
4
7
7
6
9
10
7
7
8
4
10
6
1
5
6
6
10
2
4
4
6
4
6
9
4
5
5
6
6
7
3
7
5
11
3
4
3
2
5
1
2
7
3
2
5
2
2
3
4
7
6
4
8
2
5
4
1
2
5
3
2
3
6
4
5
3
2
4
4
7
3
4
5
6
4
4
3
7
4
1
4
2
6
7
2
2
3
2
3
9
6
4
4
1
3
6
4
1
4
2
1
7
7
6
3
5
2
4
5
1
4
6
2
4
6
2
4
6
2
2
0
3
4
8
7
4
4
2
2
4
2
9
1
3
1
1
2
4
1
2
7
5
4
0
7
2
1
3
3
3
0
3
3
2
6
1
5
3
2
5
3
4
1
4
2
3
0
2
3
6
3
5
5
2
6
3
5
1
3
1
8
0
2
3
3
4
4
6
2
3
3
2
1
5
3
2
6
2
1
5
4
5
6
2
6
5
2
3
3
0
2
6
5
4
2
2
3
2
5
7
7
1
1
3
2
2
2
3
2
1
3
0
3
3
0
1
4
0
3
1
1
8
0
3
2
2
3
3
1
5
4
4
1
6
1
4
3
1
6
2
2
3
2
2
3
1
6
1
3
1
3
1
3
1
0
4
1
3
3
3
3
2
1
2
3
3
2
1
3
3
2
2
1
6
4
5
9
5
8
3
12
4
10
7
8
5
13
5
10
15
16
14
5
11
11
12
13
14
22
16
29
21
29
24
29
17
28
41
32
40
37
32
41
49
40
45
55
48
45
53
48
56
61
61
61
56
53
47
60
37
42
59
51
53
31
35
42
51
52
37
27
23
20
29
19
19
21
11
13
13
6
7
4
3
1
1
3
2
4
1
0
4
0
0
1
0
3
1
2
3
0
0
0
0
1
1
3
0
1
0
2
1
0
0
1
3
0
0
1
2
0
1
2
2
0
3
0
1
3
1
2
1
0
1
1
3
1
1
0
2
1
0
0
1
0
0
0
0
1
0
1
0
0
0
1
0
1
2
0
1
0
2
0
1
1
2
0
1
0
1
0
0
0
1
2
0
0
0
0
0
0
0
1
1
0
2
1
0
2
1
0
0
0
1
1
1
0
1
1
1
1
1
0
1
1
0
0
1
1
1
1
0
1
1
1
0
0
1
1
0
0
1
1
1
0
0
1
1
0
0
0
2
1
0
0
0
0
1
0
3
0
0
0
0
2
0
1
0
1
1
1
0
0
1
1
2
0
1
0
0
1
0
0
1
0
0
1
1
1
0
1
0
0
0
0
0
1
0
2
1
0
3
0
0
0
1
3
1
3
1
0
1
2
0
1
2
0
0
1
0
0
1
0
0
0
0
0
1
0
0
0
1
0
0
1
1
0
0
1
0
2
2
2
0
1
0
1
1
0
0
0
0
0
0
0
1
1
0
1
1
0
1
0
0
0
1
1
0
0
0
0
0
2
0
0
0
1
0
1
1
0
1
0
0
0
1
0
1
1
1
1
0
0
0
0
0
0
0
0
2
0
2
0
0
0
0
1
0
0
0
1
1
0
0
0
1
0
0
0
0
0
0
0
0
1
0
0
1
2
0
0
2
0
0
0
0
0
0
0
0
2
2
0
3
0
1
0
0
0
0
1
2
1
0
0
1
0
0
1
0
0
0
0
0
0
0
0
0
0
1
0
0
0
1
0
0
1
1
0
3
0
1
1
0
0
0
1
0
1
1
0
1
0
0
0
1
1
1
0
1
1
0
0
0
1
0
0
1
0
0
0
0
1
1
2
1
1
0
0
0
0
2
0
1
0
0
0
0
0
0
0
0
0
0
0
1
0
0
0
0
0
1
1
1
0
1
0
1
1
0
0
0
1
0
0
0
0
0
0
1
0
0
1
1
1
0
0
0
0
0
0
0
1
0
0
0
0
0
0
2
0
0
1
0
1
1
1
0
0
0
1
0
0
1
1
0
0
0
0
2
0
0
1
0
0
0
0
1
1
0
0
1
0
0
0
0
0
0
0
0
1
1
0
1
1
0
0
0
0
0
0
1
0
0
0
0
0
0
1
0
0
1
0
0
0
0
0
0
0
0
0
0
1
0
0
0
0
0
0
0
0
0
0
2
1
1
0
0
0
0
0
0
0
1
0
0
0
0
0
1
0
0
0
0
1
0
0
0
0
0
1
1
0
0
0
0
0
1
0
0
0
0
0
0
0
1
0
0
0
0
0
1
0
1
0
0
0
1
0
0
0
1
1
0
0
0
0
0
0
0
0
0
2
2
0
0
0
0
0
0
0
0
0
0
0
0
1
0
0
0
0
1
0
0
2
0
0
0
1
0
1
0
1
0
0
0
0
0
0
0
0
0
0
0
0
0
0
2
3
0
0
0
0
0
0
1
1
0
0
0
0
0
1
1
2
0
0
0
0
1
1
0
1
0
0
0
0
2
0
1
0
0
1
0
0
0
0
1
2
0
1
0
1
0
0
0
0
1
0
0
0
0
0
0
0
1
0
0
1
0
0
1
0
0
0
0
0
0
0
0
0
0
1
0
2
0
0
0
0
1
0
0
0
0
0
0
0
0
0
0
0
0
0
0
0
1
0
2
0
0
0
0
0
0
2
0
0
1
0
0
0
1
1
0
1
1
2
0
0
0
0
0
0
0
0
0
0
0
0
1
1
0
0
1
1
0
0
0
0
0
0
0
0
0
0
1
0
1
0
0
0
1
0
0
0
0
0
0
0
0
2
0
1
0
0
0
0
0
0
0
1
0
1
0
1
0
1
0
1
0
0
0
0
0
0
2
0
0
0
1
1
0
0
0
0
0
1
1
0
0
0
0
0
1
0
2
0
1
0
0
0
0
0
0
0
0
0
0
0
0
1
0
0
0
0
0
0
0
1
1
0
0
0
0
0
0
0
0
0
1
0
0
0
0
0
0
0
0
0
1
0
0
0
0
0
0
0
0
0
1
0
0
0
0
0
0
0
0
0
0
0
0
1
0
0
0
0
1
1
0
0
2
0
2
0
0
0
0
0
0
0
0
0
0
0
0
0
0
0
0
0
0
0
0
0
1
0
0
0
0
0
0
0
0
0
0
1
1
0
0
0
1
0
0
0
0
0
0
1
0
1
0
0
0
0
0
0
0
1
0
0
0
0
0
0
0
0
0
1
0
0
0
0
0
1
0
0
0
0
1
1
0
0
0
0
0
1
0
0
0
0
0
0
0
0
0
0
1
0
0
1
0
0
0
0
1
0
0
0
1
0
0
0
0
0
1
0
0
0
0
0
0
0
0
0
0
0
0
0
0
0
0
0
0
0
0
0
0
1
0
1
0
1
2
0
0
0
0
0
0
0
0
0
1
0
0
0
0
0
1
0
0
0
1
1
0
0
0
0
0
0
0
0
0
0
0
0
0
0
1
0
0
0
0
0
0
0
1
0
1
0
0
0
0
0
0
0
0
0
0
0
1
1
0
0
0
0
0
0
1
0
0
0
0
0
0
0
0
0
1
0
0
0
2
0
1
0
0
0
0
0
0
0
1
0
0
0
0
0
0
0
0
0
0
0
0
0
0
0
0
0
0
0
0
0
0
0
0
0
0
0
0
0
0
0
0
0
1
0
0
0
1
0
0
0
0
0
0
0
0
0
1
0
0
0
0
1
0
0
0
0
0
1
1
0
0
0
0
0
0
0
0
0
0
0
0
0
0
0
0
1
0
0
0
0
0
0
0
0
0
0
2
1
0
0
1
0
0
0
0
0
0
1
0
1
0
1
0
0
0
0
0
0
0
0
0
0
0
0
0
0
0
0
0
0
0
0
0
0
0
0
0
0
0
0
1
0
1
0
0
0
1
1
0
1
0
0
0
0
0
0
0
0
0
0
0
0
0
0
0
0
0
0
0
0
0
1
0
0
1
0
0
0
0
0
0
0
0
0
1
0
0
0
0
1
0
0
0
0
0
0
1
0
0
1
1
0
0
0
0
0
0
1
0
1
0
0
0
0
0
0
1
1
0
0
1
0
0
0
0
1
0
0
0
0
0
0
0
0
0
0
0
1
0
0
1
0
1
0
0
0
0
0
0
1
1
0
0
0
1
0
0
1
0
0
1
0
0
0
0
0
0
0
0
0
0
0
0
0
1
0
0
0
0
0
0
0
0
0
0
1
0
1
0
0
1
0
0
0
0
1
0
1
0
1
0
0
0
0
0
0
0
0
0
0
0
0
0
0
0
0
0
0
0
0
0
0
0
0
0
0
0
0
0
0
0
0
0
0
2
0
0
1
0
0
0
0
0
0
0
0
0
0
0
0
0
0
0
0
0
0
0
0
0
0
0
0
0
0
0
0
0
0
0
0
0
0
0
0
0
1
0
0
0
0
0
0
1
0
0
0
0
0
0
0
0
1
0
0
0
0
0
1
0
0
0
0
1
0
0
0
0
0
1
0
0
0
0
0
0
0
0
0
1
1
0
0
0
0
0
0
0
0
0
0
0
0
0
0
0
0
0
0
0
1
0
0
1
0
1
0
1
0
0
0
0
0
0
0
0
0
0
0
0
1
0
0
0
1
0
0
0
0
0
0
0
1
0
0
0
0
0
0
0
0
0
0
0
0
0
0
0
1
0
0
0
0
0
0
0
0
0
0
1
0
0
0
0
0
0
1
0
0
0
0
0
0
0
0
1
0
0
0
0
0
0
0
0
0
0
0
1
0
0
0
0
0
0
0
0
0
1
0
0
0
0
0
0
0
0
0
0
0
0
0
0
1
0
0
0
0
1
0
0
0
0
0
0
0
0
0
0
0
0
0
0
0
0
0
0
0
0
0
0
0
0
0
0
0
0
0
0
0
0
0
0
0
0
0
1
0
0
0
0
1
0
0
0
0
0
0
0
0
0
0
1
0
0
0
0
1
0
0
0
0
0
0
0
0
0
0
0
0
0
0
1
0
0
0
0
0
0
0
0
0
1
1
0
0
0
0
0
1
0
0
0
0
0
0
0
0
0
0
0
0
0
0
0
0
0
0
0
0
0
0
0
0
0
0
0
0
0
0
0
0
0
0
0
0
0
0
0
0
0
0
0
0
0
0
0
0
0
0
0
0
0
0
0
0
0
0
0
0
1
0
0
0
0
0
0
0
0
0
0
0
0
1
0
1
1
0
0
0
0
0
0
0
0
1
0
0
0
0
0
0
0
0
0
0
0
0
0
0
0
0
0
0
0
0
0
0
0
0
0
0
0
0
0
0
0
0
0
0
0
0
0
0
0
0
0
0
0
0
0
0
0
0
0
0
0
0
0
0
0
0
0
0
1
0
0
0
0
0
0
0
0
0
0
0
0
0
0
0
0
0
0
0
0
0
0
0
0
0
0
0
0
0
0
0
1
0
0
0
0
0
0
0
0
0
0
0
0
0
0
0
0
0
0
0
0
0
0
0
0
0
0
0
0
0
0
0
0
0
0
0
0
0
0
0
0
0
0
0
0
0
0
0
0
0
0
0
0
0
0
0
1
0
0
1
0
0
0
0
0
0
0
0
0
0
0
0
0
0
0
0
0
1
0
0
0
0
0
0
0
0
2
2
0
0
1
2
1
0
0
0
1
0
0
0
1
2
1
2
0
0
1
0
0
0
1
0
0
0
1
1
1
0
1
1
0
0
0
0
0
0
0
0
0
0
0
0
0
0
0
0
0
0
0
0
0
0
0
0
0
0
0
0
0
0
0
0
0
0
0
0
1
0
0
0
0
0
0
0
0
0
0
0
0
0
0
0
0
0
0
1
0
0
0
0
0
0
0
0
0
0
0
0
0
0
0
0
0
1
0
0
0
0
0
1
0
0
0
0
0
0
0
0
0
0
0
0
0
0
0
0
0
0
0
0
0
0
0
0
0
0
0
0
0
0
0
0
0
0
0
0
0
0
0
0
0
0
0
0
0
0
0
0
0
0
0
0
0
0
0
0
0
0
0
0
0
0
0
0
0
0
0
0
0
0
0
0
0
2
0
0
0
0
0
0
0
0
0
0
0
0
0
0
0
0
0
0
0
0
0
0
0
0
0
0
0
0
1
0
0
0
0
0
0
0
0
0
0
0
0
0
0
0
0
0
0
0
0
0
0
0
0
0
0
0
0
0
0
0
0
0
0
0
0
0
0
0
0
0
0
0
0
0
0
0
0
0
0
0
0
0
0
0
0
0
0
0
0
0
0
0
0
0
0
0
0
0
0
0
0
0
0
0
0
0
0
0
0
0
0
0
0
0
0
0
0
0
0
0
0
0
0
0
0
0
0
0
0
0
0
0
0
0
0
0
0
0
0
0
0
0
0
0
0
0
0
0
0
0
0
0
0
0
0
0
0
0
0
0
0
0
0
0
0
0
0
0
0
0
0
0
0
0
0
0
0
0
0
0
0
0
0
0
0
0
0
0
0
0
0
0
0
0
0
0
0
0
0
0
0
0
0
0
0
0
0
0
0
0
0
0
0
0
0
0
0
0
0
0
0
0
0
0
0
0
0
0
0
0
0
0
0
0
0
0
0
0
0
0
0
0
0
0
0
0
0
0
0
0
0
0
0
0
0
0
0
0
0
0
0
0
0
0
0
0
0
0
0
0
0
0
0
0
0
0
0
0
0
0
0
0
0
0
0
0
0
0
0
0
0
0
0
0
0
0
0
0
0
0
0
0
0
1
0
0
0
0
0
0
0
0
0
0
0
0
0
0
0
0
0
0
0
0
0
0
0
0
0
0
0
0
0
0
0
0
0
0
0
0
0
0
0
0
0
0
0
0
0
0
0
0
0
0
0
0
0
0
0
0
0
0
0
0
0
0
0
0
0
0
0
0
0
0
0
0
0
0
0
0
0
0
0
0
0
0
0
0
0
0
0
0
0
0
0
0
0
0
0
0
0
0
0
0
0
0
0
0
0
0
0
0
0
0
0
0
0
0
0
0
0
0
0
0
0
0
0
0
0
1
1
0
0
0
0
0
0
0
0
0
0
0
0
0
0
0
0
0
0
0
0
0
0
0
0
0
0
0
0
0
0
0
0
0
0
0
0
0
1
0
1
0
0
0
0
0
0
0
0
0
0
0
0
0
0
0
0
0
0
0
0
0
0
0
0
0
0
0
0
0
0
0
0
0
0
0
0
0
0
0
0
0
0
0
0
0
0
0
0
0
0
0
0
0
0
0
0
0
0
0
0
0
0
0
0
0
0
0
0
0
0
0
0
0
0
0
0
0
0
0
0
0
0
0
0
0
0
0
0
0
0
0
0
0
0
0
0
0
0
0
0
0
0
0
0
0
0
0
0
0
0
0
0
0
0
0
0
0
0
0
0
0
0
0
0
0
0
0
0
0
0
0
1
0
0
0
0
0
0
0
0
0
0
0
0
0
0
0
0
0
0
0
0
0
0
0
0
0
0
0
0
0
0
0
0
0
0
0
0
0
0
0
0
0
0
0
0
0
0
0
0
0
0
0
0
0
0
0
0
0
0
0
0
0
0
0
0
0
0
0
0
0
0
0
0
0
0
0
0
0
0
0
0
0
0
0
0
0
0
0
0
0
0
0
0
0
0
0
0
0
0
0
0
0
0
0
0
0
0
0
0
0
0
0
0
0
0
0
0
0
0
0
0
0
0
0
0
0
0
0
0
0
0
0
0
0
0
0
0
0
0
0
0
0
0
0
0
0
0
0
0
0
0
0
0
0
0
0
0
0
0
0
0
0
0
0
0
0
0
0
0
0
0
0
0
0
0
0
0
0
0
0
0
0
0
0
0
0
0
0
0
0
0
0
0
0
0
0
0
0
0
0
0
0
0
0
0
0
0
0
0
0
0
0
0
0
0
0
0
0
0
0
0
0
0
0
0
0
0
0
0
0
0
0
0
0
0
0
0
0
0
0
0
0
0
0
0
0
0
0
0
0
0
0
0
0
0
0
0
0
0
0
0
0
0
0
0
0
0
0
0
0
0
0
0
0
0
0
0
0
0
0
0
0
0
0
0
0
0
0
0
0
0
0
0
0
0
0
0
0
0
0
0
0
0
0
0
0
0
0
0
0
0
0
0
0
0
0
0
1
0
0
0
0
0
0
0
0
0
0
0
0
0
0
0
0
0
0
0
0
0
0
0
0
0
0
0
0
0
0
0
0
0
0
0
0
0
0
0
0
0
0
0
0
0
0
0
0
0
0
0
0
0
0
0
0
0
0
0
0
0
0
0
0
0
0
0
0
0
0
0
0
0
0
0
0
0
0
0
0
0
0
0
0
0
0
0
0
0
0
0
0
0
0
0
0
0
0
0
0
0
0
0
1
0
0
0
0
0
0
0
0
0
0
0
0
0
1
0
0
0
0
0
0
0
0
0
0
0
0
0
0
0
0
0
0
0
0
0
0
0
0
0
0
0
0
0
0
0
0
0
0
0
0
0
0
0
0
0
0
0
0
0
0
0
0
0
0
0
0
0
0
0
0
0
0
0
0
0
0
0
0
0
0
0
0
0
0
0
0
0
0
0
0
0
0
0
0
0
0
0
0
0
0
0
0
0
0
0
0
0
0
0
0
0
0
0
0
0
0
0
0
0
0
0
0
0
0
0
0
0
0
0
0
0
0
0
0
0
0
0
0
0
0
0
0
0
0
0
0
0
0
0
0
0
0
0
0
0
0
0
0
0
0
0
0
0
0
0
0
0
0
0
0
0
0
0
0
0
0
0
0
0
0
0
0
0
0
0
0
0
1
0
1
1
0
0
1
0
0
1
1
0
0
0
0
0
0
0
0
0
0
0
0
1
0
0
0
0
0
6
1
1
1
0
0
0
1
0
0
0
0
0
0
2
0
2
1
0
0
1
0
0
1
1
0
1
0
0
2
0
1
0
0
0
0
1
1
0
0
0
1
1
1
0
0
1
1
0
0
1
2
1
2
0
2
0
0
0
0
2
3
2
0
1
0
0
0
0
0
1
1
0
1
0
1
1
3
0
2
0
2
0
0
0
1
0
0
4
0
1
1
0
0
0
1
0
2
1
