0
0
0
0
0
0
0
0
0
0
0
0
0
0
0
0
1
1
3
0
2
10
2
3
6
9
6
7
11
7
7
11
9
9
6
19
7
13
14
10
11
7
13
7
10
12
9
9
6
16
6
5
8
13
10
10
7
11
9
14
15
13
23
25
31
48
54
79
73
102
88
127
162
183
227
329
414
451
436
440
463
458
463
499
501
556
516
545
577
557
629
642
697
722
705
774
684
724
666
659
649
633
592
577
570
527
569
526
521
589
531
556
549
523
495
538
516
540
504
481
530
518
500
506
572
540
534
524
538
486
568
516
511
548
569
521
542
514
491
516
531
543
525
567
508
518
518
482
538
510
541
548
476
516
494
559
518
548
491
476
522
563
519
509
510
506
511
500
486
532
508
487
522
506
526
481
468
544
515
486
491
511
537
501
498
524
504
452
507
552
471
493
501
513
465
505
510
494
511
509
490
533
543
484
533
484
499
479
546
468
468
480
491
493
500
514
460
513
531
476
513
490
469
543
504
467
465
472
507
445
492
498
539
498
527
512
541
506
512
462
521
499
536
508
463
506
534
481
489
514
513
465
494
497
516
515
515
488
466
493
509
481
551
482
558
514
540
484
516
514
512
470
486
505
494
504
497
508
503
525
511
498
489
526
484
471
517
470
474
506
471
506
523
513
501
515
510
523
486
515
486
487
513
515
502
520
490
491
494
508
494
522
486
498
547
495
519
477
499
524
511
504
492
504
518
485
528
527
488
522
462
488
515
495
504
536
490
514
518
472
494
481
504
474
480
509
490
540
481
469
479
480
538
496
531
505
493
494
503
497
449
495
530
477
518
506
514
508
560
556
526
506
558
547
573
554
567
593
546
568
587
600
548
555
597
548
585
577
591
576
569
587
579
596
558
573
579
653
567
584
582
578
542
612
580
606
541
602
578
559
550
583
593
616
577
599
618
610
596
570
610
586
568
547
588
575
558
581
600
626
572
578
555
638
604
571
562
569
566
579
617
596
553
583
586
596
639
545
551
577
522
543
554
545
578
570
532
548
589
612
606
539
539
616
526
552
615
526
527
553
591
566
568
540
561
574
562
541
603
609
555
559
566
578
575
544
487
588
579
529
587
591
559
601
571
626
563
568
601
589
565
560
583
504
562
573
602
558
538
573
564
535
519
543
617
552
554
576
528
599
568
539
539
542
548
554
573
541
582
575
555
564
537
571
575
522
549
581
539
546
548
563
510
553
565
575
562
561
534
549
529
514
582
525
543
579
555
560
553
541
546
560
502
528
535
567
543
527
549
581
540
558
517
546
565
557
528
523
537
578
544
551
577
503
559
547
561
536
545
581
562
534
580
543
559
567
548
578
534
539
559
570
558
564
533
545
549
556
576
537
554
527
592
561
528
564
551
563
588
577
542
546
577
543
540
507
549
532
568
584
516
549
573
552
474
564
571
568
557
606
572
580
551
536
557
563
595
588
578
519
572
555
589
539
565
568
578
591
555
543
532
563
570
585
564
533
562
571
621
552
588
543
596
572
603
601
571
569
550
610
552
560
562
637
611
611
629
578
578
639
616
631
616
557
582
596
619
570
557
548
606
590
641
565
635
595
603
594
585
635
621
576
610
624
637
580
593
646
595
631
541
614
639
591
577
606
653
601
617
577
686
609
632
663
599
641
631
597
577
647
656
672
559
618
673
670
617
682
643
654
654
603
691
679
642
622
701
682
679
648
689
706
690
683
685
679
694
622
713
682
690
689
703
706
682
650
677
688
723
748
706
711
715
686
732
738
743
679
714
749
679
726
698
691
687
760
678
733
680
714
703
696
734
737
716
695
700
670
667
676
685
594
642
642
598
602
585
601
515
537
559
522
509
514
518
510
446
504
451
490
453
454
457
443
433
444
420
429
423
448
401
423
421
383
414
412
407
419
387
378
385
433
386
369
390
401
416
357
393
380
341
379
366
389
400
341
334
347
345
362
350
350
332
340
320
346
353
349
321
376
325
308
337
349
337
325
315
319
313
315
336
304
320
313
323
326
334
272
284
323
362
286
312
268
334
305
299
315
280
306
321
287
291
282
295
314
295
306
297
300
289
273
264
263
283
292
245
248
274
258
293
258
257
276
256
265
268
268
274
248
232
271
257
265
252
246
188
279
231
241
266
220
246
251
243
248
214
227
236
256
232
248
228
216
245
220
249
228
194
198
211
222
260
228
198
196
215
231
209
202
163
204
191
203
201
203
188
200
221
203
199
183
184
220
210
189
199
190
202
191
180
199
195
171
189
163
169
184
187
187
172
182
163
208
167
227
154
169
161
182
157
159
160
156
181
180
175
171
178
172
179
201
152
197
181
171
185
187
179
156
161
193
172
165
170
178
168
168
171
177
180
190
175
162
199
154
175
165
182
160
186
194
169
147
141
154
188
192
168
154
178
183
174
183
169
191
153
167
176
197
171
169
174
178
146
190
167
162
154
164
161
160
142
147
173
175
181
169
179
162
159
175
146
135
165
169
177
150
167
150
146
157
162
173
167
135
153
159
166
150
167
160
146
165
165
139
156
159
163
168
182
154
156
143
152
144
160
171
140
163
177
141
142
157
166
136
141
173
151
162
146
154
142
163
172
156
141
151
148
151
164
141
150
140
159
152
155
165
154
169
155
170
174
131
155
150
164
173
153
145
171
155
169
140
156
149
160
144
162
150
163
169
163
175
163
154
150
156
148
152
151
158
158
141
160
142
131
143
149
159
155
152
153
156
156
157
167
171
162
182
152
167
164
180
164
163
140
174
165
179
168
190
182
198
191
227
274
346
385
445
685
810
1085
1416
1985
2507
3292
3945
4889
5799
6577
7595
8320
8983
9551
9790
9800
9755
9376
8919
8196
7265
6253
5364
4543
3740
2800
2172
1698
1223
968
758
590
456
396
334
259
263
197
200
166
156
153
135
168
132
138
129
140
124
110
104
122
108
110
103
103
122
115
108
110
108
89
115
121
101
118
95
101
90
109
94
129
110
115
91
106
119
110
98
86
86
88
107
92
102
64
94
98
101
102
91
94
100
90
72
111
92
89
97
86
97
96
105
102
90
102
92
82
96
89
97
96
92
98
102
100
80
99
94
91
90
85
99
94
73
97
92
90
97
88
106
77
106
110
94
83
104
112
91
99
92
100
99
89
93
96
88
96
103
92
81
76
86
81
96
101
96
79
90
89
90
99
110
105
92
88
92
78
99
101
91
85
83
98
116
93
107
116
100
89
121
102
87
77
83
106
112
72
105
102
71
96
88
79
91
93
74
97
81
81
65
95
100
85
74
74
77
78
87
94
83
99
95
65
82
78
76
81
68
85
90
75
75
104
81
79
91
68
69
95
73
69
80
88
83
63
70
72
100
80
96
79
87
83
85
71
79
77
85
79
90
82
76
71
70
87
82
81
77
88
77
70
75
79
80
82
102
81
89
89
83
95
80
76
87
75
90
73
84
83
76
65
69
70
82
87
86
81
80
81
84
78
81
79
76
90
75
83
80
91
60
97
85
72
82
85
77
70
79
86
87
68
80
84
78
87
107
71
69
85
62
63
79
94
71
76
70
69
79
80
83
69
73
74
87
94
73
91
72
84
93
83
104
67
98
76
97
98
74
95
93
70
85
79
79
76
75
91
94
80
87
77
82
78
71
75
67
68
96
86
89
73
69
81
70
83
96
101
64
71
101
62
87
81
82
91
66
75
77
79
76
74
74
65
84
66
85
77
69
76
78
95
84
75
83
77
70
68
87
75
85
75
81
73
76
69
88
72
80
62
77
93
78
63
63
71
69
78
77
88
92
79
76
79
72
62
76
80
82
76
96
83
88
83
78
89
83
71
84
82
74
85
73
89
97
101
93
84
94
83
88
89
79
90
100
86
79
85
86
75
79
73
64
76
69
82
88
78
87
73
66
63
75
82
95
77
87
83
92
98
72
71
101
71
76
79
70
73
80
83
74
80
91
85
80
84
82
63
67
82
86
85
77
82
73
102
81
87
74
71
70
78
82
99
104
75
79
80
93
84
86
104
97
60
80
80
91
82
77
82
81
77
88
76
71
83
86
84
83
71
73
81
76
79
88
71
87
90
85
70
77
72
77
78
88
90
67
77
76
97
73
80
86
77
78
73
81
76
69
71
69
92
73
92
94
82
74
80
69
79
82
98
96
69
86
76
72
80
90
87
82
102
80
82
80
88
79
85
75
86
81
79
90
83
82
89
87
84
92
71
76
70
81
76
81
81
81
91
74
87
83
93
87
82
82
79
83
69
70
91
89
82
77
96
84
94
75
88
71
78
77
70
95
78
91
103
86
81
86
80
105
80
72
71
77
73
88
81
83
81
73
70
86
100
88
83
75
82
74
87
87
77
83
88
84
86
82
78
84
87
87
79
71
84
64
89
64
81
87
103
75
73
88
80
81
72
97
81
88
103
80
79
82
75
85
96
90
73
74
74
98
75
83
74
83
87
84
70
89
79
85
93
86
76
78
79
89
94
102
72
82
77
87
84
67
91
90
87
62
97
88
84
66
84
77
99
79
79
71
92
78
75
66
95
91
79
99
78
69
82
89
75
84
82
72
84
81
76
91
83
90
87
85
89
71
80
98
76
69
89
88
87
91
98
73
81
82
92
94
95
82
102
79
97
74
89
85
83
86
93
90
94
72
74
97
80
78
86
91
90
84
73
71
75
83
79
76
89
101
89
103
95
83
90
87
115
73
78
95
90
89
98
74
89
79
78
101
82
89
94
91
88
115
84
86
86
108
79
98
97
71
85
98
96
94
79
80
99
85
89
75
102
94
84
98
98
87
81
89
74
97
88
98
88
101
85
91
75
83
80
89
75
95
90
92
82
96
96
77
95
94
80
89
77
98
92
84
80
99
71
86
78
101
102
91
85
102
82
75
78
104
88
72
90
100
99
87
76
109
72
121
88
94
80
79
95
80
65
96
78
104
113
87
88
74
92
90
86
96
85
96
101
96
80
86
87
99
92
78
101
99
89
87
99
92
92
109
84
91
86
76
94
101
93
97
92
98
79
84
82
103
94
90
94
100
99
93
87
102
93
101
85
79
91
93
102
89
102
94
98
80
96
92
98
110
99
101
78
97
121
105
104
92
78
105
67
99
92
99
102
96
84
108
105
102
90
95
82
110
108
91
87
107
107
92
105
100
77
83
90
105
94
105
109
103
110
101
102
102
121
86
103
108
86
84
102
112
80
100
99
87
119
83
96
89
89
101
113
102
112
92
107
114
95
98
96
89
99
106
94
104
94
96
91
105
105
113
105
97
85
92
113
92
93
103
113
102
108
109
84
120
113
103
121
101
109
90
121
88
91
107
103
93
91
108
97
87
108
128
97
100
108
84
115
106
127
123
106
110
120
102
106
99
95
101
83
100
112
102
112
110
99
99
116
106
105
116
117
105
109
104
123
106
105
103
105
107
93
102
106
108
105
102
107
103
119
110
108
107
112
95
106
120
105
111
128
108
97
117
115
101
107
127
119
106
127
118
111
117
120
106
99
106
113
102
132
142
102
108
125
121
113
96
107
114
109
105
131
125
115
121
113
122
130
98
113
121
108
105
129
110
112
103
109
108
109
146
93
113
109
121
141
134
124
132
113
116
118
149
125
116
121
125
125
133
116
124
99
124
126
125
113
112
132
115
143
120
103
123
110
118
108
144
107
136
127
129
118
118
129
135
111
134
132
131
138
128
106
117
126
132
123
127
131
142
127
137
139
113
124
138
144
150
129
128
132
132
108
141
123
129
136
113
134
135
120
136
149
113
141
137
146
129
144
133
135
139
143
158
140
117
133
138
127
132
155
142
146
138
149
127
127
146
114
163
149
143
136
148
130
110
150
133
134
123
120
175
149
133
126
132
154
149
124
156
127
182
144
139
149
164
142
156
160
131
153
158
145
137
136
181
152
155
148
120
164
154
161
129
144
148
158
144
154
162
146
146
144
172
148
161
157
164
147
144
160
162
150
154
164
154
148
169
153
153
146
156
169
154
158
157
144
158
160
143
160
161
158
162
131
155
154
144
157
166
151
150
150
173
149
152
171
144
118
140
126
136
123
122
116
150
114
140
134
127
139
124
127
114
122
128
109
100
121
110
110
99
104
93
120
104
114
96
99
101
103
97
91
107
97
96
99
94
101
95
118
109
89
96
95
91
84
88
81
105
103
87
91
78
88
91
88
102
106
95
81
78
97
103
105
95
101
88
107
106
88
108
81
94
82
97
81
80
94
88
93
78
87
107
96
83
76
90
88
83
85
95
89
91
78
102
73
82
86
83
83
83
93
90
71
80
103
82
95
103
91
102
94
83
87
85
69
73
93
95
88
78
60
82
74
78
75
69
80
73
90
86
65
77
85
77
84
84
94
101
102
77
74
75
78
82
95
69
80
73
80
72
74
70
76
76
78
73
62
70
75
60
79
61
68
77
75
60
60
71
73
71
66
75
61
84
70
80
81
79
70
69
76
83
67
70
62
72
61
65
64
52
60
74
62
59
61
59
70
75
53
57
73
59
67
56
61
68
62
60
56
58
69
54
65
52
48
54
75
58
57
55
52
51
53
60
63
50
52
68
47
61
55
56
45
50
55
61
43
72
48
51
44
58
42
62
61
46
49
41
46
30
51
42
44
65
43
37
50
52
52
53
45
47
44
32
50
54
45
46
41
45
40
36
44
55
47
47
50
51
43
42
28
36
43
52
61
38
48
31
35
45
45
39
49
33
36
46
42
43
38
39
47
42
39
34
49
28
38
43
42
42
37
38
43
33
46
26
31
46
43
40
35
46
45
41
34
38
30
50
39
34
27
37
40
35
32
34
32
35
34
38
31
25
37
33
41
32
38
36
34
43
33
42
38
33
21
45
36
37
43
30
36
25
33
27
43
31
50
32
32
34
38
47
38
32
34
25
26
35
28
45
26
41
19
40
36
26
32
38
37
37
28
25
26
35
33
31
27
31
36
30
31
32
32
26
40
37
24
24
42
36
24
32
23
30
27
31
34
29
33
26
28
33
42
33
28
41
37
30
29
37
31
28
37
38
33
31
28
26
35
33
31
27
38
28
31
29
27
45
35
40
26
35
36
34
37
18
37
26
37
28
37
28
31
26
29
24
28
28
40
37
26
34
45
31
24
27
37
30
37
33
35
29
23
27
23
33
28
27
35
29
34
29
32
37
25
28
23
30
43
24
28
26
19
32
22
25
42
40
33
36
43
25
35
49
39
51
46
62
55
57
63
76
77
81
93
101
106
148
157
199
247
265
344
379
424
539
544
586
655
733
780
809
867
844
885
921
1035
1002
1008
1044
1025
1083
1088
1102
1171
1164
1174
1130
1131
1096
1098
1022
979
937
832
675
598
497
412
354
267
204
168
134
114
92
83
64
73
53
55
47
51
35
45
39
34
32
51
39
43
37
30
34
26
24
32
33
27
24
35
29
29
29
26
33
31
30
28
27
25
28
24
34
39
30
36
31
25
29
31
28
33
29
41
33
29
25
29
29
25
38
33
29
29
28
32
23
35
30
18
39
24
29
26
33
31
23
24
26
24
28
21
26
31
29
24
24
29
27
32
25
27
20
25
28
22
17
30
21
21
31
20
27
37
18
22
30
22
24
28
26
21
26
30
20
34
19
27
21
27
24
22
18
19
24
23
20
26
25
18
26
23
19
20
31
21
29
22
21
22
24
25
18
24
26
22
18
28
23
22
26
20
22
25
21
29
21
28
32
34
12
27
23
22
22
17
34
26
17
26
24
19
17
21
31
18
18
17
21
23
25
29
24
30
24
21
25
24
21
18
24
19
16
27
28
15
21
27
29
24
24
16
17
24
24
24
23
22
30
20
33
29
26
22
32
22
23
28
19
30
23
22
22
26
13
31
26
18
18
28
28
23
27
27
31
31
23
23
21
18
14
21
15
19
22
23
20
19
12
22
27
23
19
24
9
25
16
15
17
19
19
17
28
24
19
22
24
18
26
22
25
17
22
18
15
19
27
12
20
23
28
22
14
19
21
17
15
21
21
22
22
31
18
20
26
21
16
22
20
20
14
22
33
23
17
26
22
15
23
21
20
20
13
28
18
16
12
20
22
12
17
19
19
15
9
10
22
17
21
31
25
21
24
19
21
20
19
23
26
20
22
17
24
15
18
20
20
19
20
12
19
14
11
16
20
14
19
26
15
20
15
22
22
13
19
23
13
17
22
19
14
25
20
16
16
25
18
17
15
21
15
12
16
18
23
19
14
18
17
24
9
16
23
10
10
18
11
21
19
16
14
16
17
18
16
21
31
16
20
24
20
16
21
16
23
13
20
17
25
16
19
19
23
29
16
19
10
28
17
19
25
21
26
17
17
13
20
11
25
24
10
20
16
18
24
21
18
17
15
31
14
21
21
24
25
18
26
18
16
21
27
21
30
23
17
18
19
15
32
22
25
19
28
30
27
24
19
18
18
17
27
19
21
29
13
19
24
18
16
11
20
25
23
13
17
19
21
15
21
22
15
20
19
8
24
12
13
18
24
30
18
17
20
14
13
21
14
11
18
25
13
26
18
19
21
21
24
18
24
19
10
11
19
18
20
13
19
20
12
14
22
17
14
15
23
19
14
16
16
18
22
25
26
18
18
18
22
17
15
17
18
14
26
20
34
20
20
15
11
26
16
13
15
21
15
22
13
25
25
21
11
22
16
25
19
28
15
15
16
33
13
19
17
24
17
16
27
23
11
21
22
13
14
13
15
18
21
14
26
17
15
13
11
24
19
18
24
11
22
17
21
16
19
20
15
16
18
17
16
10
22
17
17
15
20
22
15
26
14
21
15
20
15
17
20
12
21
29
16
24
19
19
18
12
12
28
22
15
16
20
20
25
25
20
12
19
21
14
27
17
18
17
18
25
23
16
12
23
11
18
18
18
19
20
21
18
18
19
20
24
20
17
21
13
16
14
20
18
21
20
26
26
19
20
14
18
18
18
14
12
19
14
18
21
16
27
19
23
19
12
16
21
18
19
16
12
15
21
15
17
14
20
21
15
10
24
18
22
10
18
17
9
25
24
16
19
16
18
20
13
13
18
14
7
13
23
13
19
14
17
21
16
13
13
20
18
16
14
14
13
10
18
10
17
13
17
15
13
24
17
12
13
14
14
13
19
15
24
15
15
16
23
10
15
12
12
17
17
18
12
11
18
21
14
21
24
12
12
18
14
14
16
20
20
15
11
24
20
28
18
17
17
20
12
21
15
16
16
16
23
11
22
15
14
16
16
18
11
10
15
11
12
16
13
17
7
14
12
7
15
13
11
9
10
6
17
20
16
7
8
12
13
9
9
8
7
17
11
5
12
13
13
8
11
7
9
12
10
9
7
5
11
8
12
7
8
13
10
12
10
8
13
11
5
7
9
11
7
10
10
13
11
7
9
9
8
9
8
9
15
8
6
7
6
7
16
11
10
7
10
8
14
4
7
9
5
9
13
10
8
12
9
10
9
4
13
5
5
8
4
9
6
9
4
8
4
5
4
6
5
9
5
9
6
8
9
4
7
10
8
5
4
3
10
9
9
10
6
7
5
15
7
10
9
6
2
7
2
4
1
7
7
9
3
7
4
3
6
2
4
6
4
4
6
11
5
3
3
7
5
6
2
10
5
4
5
7
6
8
4
5
5
2
5
5
2
6
2
5
3
6
5
5
4
8
3
4
5
5
1
2
2
3
3
4
3
3
1
5
3
1
2
2
4
6
1
4
7
6
2
7
2
0
3
2
2
4
1
7
2
3
5
3
4
4
3
2
1
2
5
4
2
4
7
1
6
2
2
3
5
3
1
4
2
5
5
3
5
4
3
1
1
3
5
5
1
3
3
1
4
2
3
1
2
5
5
0
1
1
1
1
6
2
2
2
2
2
2
5
3
7
5
4
1
1
3
2
4
7
3
6
3
1
2
2
5
2
4
2
3
3
6
3
1
0
2
5
4
1
2
2
5
1
4
2
3
3
4
2
3
3
4
2
3
3
4
4
2
2
6
3
1
1
1
2
5
6
2
6
1
2
3
2
2
5
2
4
7
3
1
2
3
1
4
2
1
5
1
2
2
2
3
5
5
1
3
4
1
2
2
2
4
2
2
8
3
3
2
4
1
1
2
2
2
2
5
1
3
1
2
6
2
4
4
2
0
2
5
3
4
1
5
5
4
3
6
2
5
4
9
4
6
4
9
6
5
5
9
9
7
8
7
13
16
11
18
16
20
20
17
22
16
33
24
15
26
29
27
33
34
38
48
36
39
31
35
57
56
48
56
53
55
53
57
57
56
62
68
57
60
53
64
44
56
45
46
55
53
39
41
40
44
24
22
21
34
22
17
16
18
17
6
8
8
6
2
0
3
3
1
3
2
0
1
1
3
3
2
2
0
0
0
4
2
2
0
0
1
1
1
0
1
1
1
1
1
1
1
2
1
0
0
0
0
1
1
1
1
0
3
0
0
0
0
0
0
1
1
2
2
0
0
0
1
1
0
1
3
1
1
1
0
0
0
0
0
5
0
1
0
1
0
2
0
0
1
1
0
0
1
2
1
1
0
0
1
1
0
0
1
0
0
0
1
2
0
0
0
1
0
0
0
0
0
0
0
0
2
2
0
0
1
0
0
1
0
2
0
0
0
3
0
1
0
0
1
0
1
1
1
0
1
1
0
3
2
0
0
1
3
1
0
1
1
3
0
0
0
0
1
0
1
3
0
0
0
0
1
0
1
0
1
0
0
0
0
2
0
0
0
1
0
0
0
0
0
0
1
1
1
2
1
0
1
0
2
1
0
0
2
1
0
0
0
1
2
1
1
0
0
1
1
1
0
0
1
0
0
2
0
0
1
1
1
0
1
0
2
0
0
0
2
0
0
1
1
1
0
0
0
0
2
0
0
0
0
0
0
0
0
0
0
0
0
0
0
0
1
0
1
2
1
0
0
1
2
1
0
0
1
0
0
0
1
0
1
0
0
1
1
1
1
1
1
1
0
0
0
0
0
1
0
0
0
2
1
2
3
0
0
1
0
0
0
0
1
0
0
0
1
4
0
0
1
0
0
0
0
1
1
1
1
1
1
0
0
0
0
2
1
0
0
1
0
0
0
1
1
1
0
0
0
1
3
0
0
0
0
1
1
0
1
2
0
0
0
0
1
0
0
0
1
0
0
0
0
0
1
0
1
0
0
0
0
0
0
0
0
0
1
2
0
1
0
0
0
0
0
1
0
0
0
0
0
0
0
1
0
1
1
0
0
2
1
0
0
0
1
0
0
2
0
1
0
0
0
0
0
1
1
1
1
0
0
0
0
1
1
0
0
0
0
0
0
1
0
0
0
1
2
0
0
1
1
0
1
0
0
1
0
1
0
0
2
0
1
0
0
0
4
0
0
0
1
0
0
1
0
1
0
1
0
1
0
0
2
1
0
0
0
0
0
0
0
1
0
1
0
0
0
0
0
0
0
1
2
0
0
0
0
0
1
0
3
0
2
1
0
0
0
1
0
0
0
1
1
0
0
0
0
0
1
0
1
0
0
0
0
0
1
2
0
0
0
1
0
1
0
1
0
0
1
0
0
0
0
0
0
1
0
0
0
1
0
0
0
0
0
1
1
1
1
1
0
0
0
0
2
0
2
0
0
1
0
1
0
0
1
2
0
0
0
1
0
2
0
0
0
0
2
1
0
1
1
1
0
0
0
0
0
3
0
0
0
0
0
1
0
0
0
0
0
0
1
0
0
0
1
0
0
2
0
0
0
0
2
1
0
0
0
0
0
0
0
1
1
0
0
0
0
1
1
0
0
0
1
0
1
0
0
0
0
1
0
2
0
1
0
0
0
0
0
1
1
0
1
0
0
0
1
0
1
0
1
2
1
0
0
0
1
0
0
0
0
0
0
0
0
0
0
0
0
0
0
0
0
0
1
0
1
0
3
0
0
1
0
0
0
0
1
0
0
0
0
1
0
0
0
0
0
0
0
0
0
0
0
0
1
0
0
0
0
1
0
0
1
0
1
0
0
0
0
1
0
0
0
0
0
0
0
1
2
0
1
0
0
0
0
0
0
1
0
1
0
1
2
0
0
0
1
1
1
1
0
0
0
0
0
0
0
0
0
0
1
1
0
0
1
0
0
0
0
0
0
1
1
0
0
0
1
0
2
0
0
0
0
0
0
0
0
0
0
0
0
0
0
0
3
0
0
0
1
0
1
0
1
0
0
0
0
0
1
0
0
0
0
1
0
0
2
0
3
0
1
1
0
1
0
0
1
0
0
0
0
0
0
0
0
0
0
0
0
0
0
0
2
0
0
0
0
0
0
1
0
0
0
0
1
1
0
0
0
0
0
0
0
0
0
1
0
1
1
0
0
0
0
0
0
0
0
0
0
0
0
1
0
0
0
0
0
0
1
1
0
0
0
0
0
0
1
0
0
0
0
0
0
0
0
0
1
0
0
0
0
0
0
0
0
0
0
0
0
0
0
0
0
0
0
0
0
0
0
0
0
0
0
0
0
1
0
0
1
0
0
0
0
0
0
0
0
0
0
0
0
0
0
2
2
0
0
0
0
0
0
0
0
0
0
0
0
0
0
0
1
1
0
0
0
1
1
0
1
0
0
0
0
0
0
0
1
0
1
0
0
0
0
0
0
0
2
0
0
0
0
0
0
0
0
0
0
0
0
0
0
0
1
0
0
2
0
0
0
0
1
0
0
0
0
1
0
1
0
0
0
0
0
0
0
0
0
2
0
0
0
0
0
0
0
0
0
0
0
0
0
0
0
0
1
0
0
3
0
0
0
1
0
1
0
0
1
0
0
0
0
0
0
0
0
1
0
0
1
0
0
0
0
0
0
0
0
0
0
0
0
0
0
0
1
0
0
0
0
2
0
1
0
1
0
0
1
0
0
1
0
1
0
0
0
1
0
1
0
0
0
0
0
0
0
0
0
1
0
0
1
0
0
0
1
0
0
0
0
1
0
0
0
0
1
1
0
0
0
0
0
0
0
0
0
0
0
0
0
0
1
0
0
1
0
0
0
0
0
0
0
1
0
1
1
0
0
0
0
0
0
1
0
0
1
0
0
0
0
0
1
0
0
1
0
0
0
0
0
0
0
0
0
0
0
0
0
0
0
0
0
1
0
0
0
0
0
0
0
0
0
0
0
0
0
0
0
0
0
0
0
2
0
0
0
0
0
0
0
0
0
1
0
0
0
0
0
0
0
0
0
0
0
0
0
0
0
0
0
0
0
0
0
0
0
0
0
0
0
0
0
1
0
0
0
0
0
0
0
0
0
0
0
0
1
1
1
0
1
0
1
0
1
1
0
0
0
0
0
0
0
0
0
1
0
0
0
0
0
0
0
0
1
0
0
0
0
0
0
0
0
0
0
1
0
1
0
0
1
0
0
0
1
0
0
0
0
0
0
0
0
0
0
0
0
0
0
0
0
0
0
2
0
0
1
0
0
0
0
0
0
0
0
0
1
0
0
0
0
0
0
0
1
2
0
0
0
0
0
0
0
0
0
0
0
0
0
1
0
0
0
0
0
1
1
1
0
0
0
0
0
0
0
1
0
0
0
0
0
0
0
0
0
0
0
0
0
0
0
0
0
0
0
0
0
0
0
0
0
0
0
0
0
0
0
0
1
0
1
0
2
0
0
0
0
0
0
0
1
0
0
0
0
0
0
0
0
0
0
0
0
0
0
0
0
0
0
0
0
0
0
0
0
0
0
0
0
0
0
0
0
0
0
0
0
0
0
0
0
0
0
0
0
0
0
0
0
0
0
0
0
0
0
0
0
1
0
0
0
0
0
0
0
0
0
0
0
0
0
0
0
0
0
1
1
0
0
0
0
0
0
1
0
1
1
0
0
0
0
0
0
0
0
0
0
0
1
0
0
0
0
0
0
0
0
0
1
0
0
0
0
0
1
0
0
0
0
0
0
0
0
0
0
0
0
0
0
0
0
0
0
0
0
0
0
0
2
1
0
0
1
1
0
0
2
0
0
0
0
0
0
0
0
0
0
0
0
0
1
2
0
0
0
0
0
0
0
0
1
0
1
0
0
0
0
0
0
1
0
1
0
0
0
0
0
0
0
0
0
0
0
0
0
0
0
0
0
0
0
0
0
2
0
0
0
0
0
0
0
0
0
0
0
0
0
0
0
1
0
0
0
0
0
1
1
0
0
0
0
0
0
0
0
0
0
0
0
0
0
0
0
0
0
0
0
0
0
0
1
0
0
0
1
0
0
0
0
0
0
0
0
0
0
0
0
0
0
1
0
0
0
0
0
0
0
0
0
0
0
0
0
1
0
0
0
0
0
0
0
0
0
0
0
0
0
0
0
1
0
0
0
0
1
0
0
0
0
0
0
0
0
0
0
0
1
0
0
0
0
0
0
0
0
0
1
0
0
0
0
0
0
0
0
1
0
0
0
0
0
0
0
0
0
1
0
1
0
0
0
0
0
0
0
0
0
0
0
0
0
0
0
0
0
0
0
0
0
0
0
0
0
0
0
0
0
0
0
0
0
0
0
0
0
0
0
0
0
0
0
0
0
0
0
0
0
0
0
0
0
0
0
0
0
0
0
0
0
1
0
0
0
1
0
0
0
0
0
0
0
1
0
0
0
0
0
0
0
0
0
0
0
0
0
0
0
0
0
0
1
0
0
0
0
0
0
0
0
0
0
0
0
0
0
0
0
0
0
0
0
0
0
0
0
0
0
0
0
0
1
0
0
0
0
0
0
0
0
0
0
0
0
0
0
0
0
0
0
1
0
1
0
0
0
0
0
0
0
0
0
0
0
0
0
0
0
0
0
0
1
0
0
0
0
1
0
0
0
0
0
0
0
0
0
0
0
0
0
1
0
0
0
0
0
0
0
0
0
0
0
0
0
0
0
0
0
0
0
0
0
0
1
0
0
0
0
0
0
0
0
0
0
0
0
0
1
0
0
0
0
0
0
0
0
0
0
0
0
0
0
0
0
0
0
0
0
0
0
0
0
0
0
0
0
0
0
0
0
0
0
0
0
0
0
1
0
1
0
1
0
0
0
0
0
0
0
0
0
0
0
0
0
0
0
0
1
0
0
0
0
0
0
0
0
0
0
0
0
0
0
1
0
0
0
0
1
0
1
2
0
1
0
0
1
2
1
0
0
1
1
0
0
2
0
0
0
0
0
0
0
0
0
0
0
0
0
0
0
0
0
0
0
0
0
0
0
0
0
0
0
0
0
0
0
0
0
0
0
0
0
0
0
0
0
1
0
0
0
0
0
0
0
1
0
0
0
0
0
0
0
0
0
0
0
0
0
0
0
0
0
0
0
0
0
0
0
0
0
0
0
0
0
0
0
1
0
0
0
0
0
0
0
0
0
0
0
0
0
0
0
0
0
0
0
0
0
0
0
0
0
0
0
0
0
0
0
0
0
0
0
0
0
0
0
0
0
0
0
0
0
0
0
0
0
0
0
0
0
0
0
0
0
0
0
0
0
0
0
0
0
0
0
0
0
0
0
0
0
0
0
0
0
0
0
0
0
0
0
0
0
1
0
0
0
0
0
0
0
0
0
0
0
0
0
0
0
0
0
0
1
0
0
0
0
0
0
0
1
0
0
0
0
0
0
0
0
0
0
0
0
0
0
0
0
0
0
0
0
0
0
0
0
0
0
0
0
0
0
0
0
0
0
0
0
0
0
0
0
0
0
0
0
0
0
0
0
0
0
0
0
0
0
0
0
0
0
0
0
0
0
0
0
0
0
0
0
0
0
0
0
0
0
0
0
0
0
0
0
0
0
0
0
0
0
0
0
0
0
0
0
0
0
0
0
1
0
0
0
0
0
0
0
0
0
0
0
0
0
0
0
0
0
0
0
0
0
0
0
0
0
0
0
0
0
0
0
0
0
0
0
0
0
0
0
0
0
0
0
0
0
0
0
0
0
0
0
0
0
0
0
0
0
0
0
0
0
0
0
1
0
0
0
0
0
0
0
0
0
0
0
0
0
0
0
0
0
0
0
0
0
0
0
0
0
0
0
0
0
0
0
0
0
0
0
0
0
0
0
0
0
0
0
0
0
0
0
0
0
0
0
0
0
0
0
0
0
0
0
0
0
0
0
0
0
0
0
0
0
0
0
0
0
0
0
0
0
0
0
0
0
0
0
0
0
0
0
0
0
0
1
0
0
0
0
0
0
0
0
0
0
0
0
0
0
0
0
0
0
0
0
0
0
0
0
0
0
0
0
0
0
0
0
0
0
0
0
0
0
0
0
0
0
0
0
0
0
0
0
0
0
0
0
0
0
0
0
0
0
0
0
0
0
0
0
0
0
0
0
0
0
0
0
1
0
0
0
0
0
0
0
0
0
0
0
0
0
0
0
0
1
0
0
0
0
0
0
0
0
0
0
0
0
0
0
0
0
0
0
0
0
1
0
0
0
0
0
0
0
0
0
0
0
0
0
0
0
0
0
0
0
0
0
0
0
0
0
0
0
0
0
0
0
0
0
0
0
0
0
0
0
0
0
0
0
0
0
0
0
0
0
0
0
0
0
0
0
0
0
0
0
0
0
0
0
0
0
0
0
0
0
0
0
0
0
0
0
0
0
0
0
0
0
0
0
0
0
0
0
0
0
0
0
0
0
0
0
0
0
0
0
0
0
0
0
0
0
0
0
0
0
0
0
0
0
0
0
0
0
0
0
0
0
0
0
0
0
0
0
0
0
0
0
0
0
0
0
0
0
0
0
0
0
0
0
0
0
0
0
0
0
0
0
0
0
0
0
0
0
0
0
0
0
0
0
0
0
0
0
0
0
0
0
0
0
0
0
0
0
0
0
0
0
0
0
0
0
0
0
0
0
0
0
0
0
0
0
0
0
0
0
0
0
0
0
0
0
0
0
0
0
0
0
0
0
0
0
0
0
0
0
0
0
0
0
0
0
0
0
0
0
0
0
0
0
0
0
0
0
0
0
0
0
0
0
0
0
0
0
0
0
0
0
0
0
0
0
0
0
0
0
0
0
0
0
0
0
0
0
0
0
0
0
0
0
0
0
0
0
0
0
0
0
0
0
0
0
0
0
0
0
0
0
0
0
0
0
0
0
0
0
0
0
0
0
0
0
0
0
0
0
0
0
0
0
0
0
0
0
0
0
0
0
0
0
0
0
0
0
0
0
0
1
0
0
0
0
0
0
0
0
0
0
0
0
0
0
0
0
0
0
0
0
0
0
0
0
0
0
0
0
0
0
0
0
0
0
0
0
0
0
0
0
0
0
0
0
0
0
0
0
0
0
0
0
0
0
0
0
0
0
0
0
0
0
0
0
0
0
0
0
0
0
0
0
0
0
0
0
0
0
0
0
1
0
0
0
0
0
0
0
0
0
0
0
0
0
0
0
0
0
0
0
0
0
0
0
0
0
0
0
0
0
0
0
0
0
0
0
0
0
0
0
0
0
0
0
0
0
0
0
0
0
0
0
0
0
0
0
0
0
0
0
0
0
0
0
0
0
0
0
0
0
0
0
0
0
0
0
0
0
0
0
0
0
0
0
0
0
0
0
0
0
1
0
0
0
0
0
0
0
0
0
0
0
0
0
0
0
0
0
0
0
0
0
0
0
0
0
0
0
0
0
0
0
0
0
0
0
0
0
0
0
0
0
0
0
0
0
0
0
0
0
0
0
0
0
0
0
0
0
0
0
0
0
0
0
0
0
0
0
0
0
0
0
0
0
0
0
0
0
0
0
0
0
0
0
0
0
0
0
0
0
0
0
0
0
0
0
0
0
0
0
0
0
0
0
0
0
0
0
0
0
0
0
0
0
0
0
0
0
0
0
0
0
0
0
0
0
0
0
0
0
0
0
0
0
0
0
0
0
0
0
0
0
0
0
0
0
0
0
0
0
0
0
0
0
0
0
0
0
0
0
0
0
0
0
0
0
0
0
0
0
0
0
0
0
0
0
0
0
0
0
0
0
0
0
0
0
0
0
0
0
0
0
0
0
0
0
0
0
0
0
0
0
0
0
0
0
0
0
0
0
0
0
0
0
0
0
0
0
0
0
0
0
0
0
0
0
0
0
0
0
0
0
0
0
0
0
0
0
0
0
0
0
0
0
0
0
0
0
0
0
0
0
0
0
0
0
0
0
0
0
0
0
0
0
0
0
0
0
0
0
0
0
0
0
0
0
0
0
0
0
0
0
0
0
0
0
0
0
0
0
0
0
0
0
0
0
0
0
0
0
0
0
0
2
0
0
0
0
1
0
1
0
0
1
1
1
0
0
0
0
0
0
2
0
2
3
0
1
0
0
1
0
1
0
0
2
1
0
1
0
2
0
1
1
2
0
0
0
0
1
1
0
0
2
0
1
1
0
1
1
0
1
0
1
1
0
0
1
0
0
0
1
0
0
1
0
1
1
0
1
0
1
0
1
0
0
1
0
0
0
1
0
0
0
1
1
0
0
1
0
1
0
0
0
1
0
0
0
0
1
0
1
0
0
0
1
0
0
0
0
0
3
0
0
1
0
1
0
0
