0
0
0
0
0
0
0
0
0
0
0
0
0
0
0
0
1
1
1
3
3
4
7
6
4
8
12
5
12
13
15
9
6
8
15
18
7
10
7
11
12
7
16
5
19
8
11
13
11
13
7
8
13
10
8
8
8
6
10
5
8
13
21
20
29
35
34
53
64
85
104
108
138
173
208
258
361
396
403
479
464
477
479
472
470
542
489
516
566
599
607
629
690
684
755
717
709
687
674
628
605
622
574
568
561
547
550
519
495
518
518
519
472
495
480
514
489
467
476
472
502
489
485
484
442
495
505
494
460
481
488
545
549
531
528
500
497
525
531
518
494
513
533
456
493
512
529
546
519
518
485
487
494
479
503
503
547
495
500
503
549
550
477
524
520
510
473
506
513
501
473
542
504
496
534
462
493
510
535
518
505
523
493
516
475
504
469
493
495
495
459
501
506
457
473
518
465
489
535
507
497
460
521
509
520
442
536
452
472
501
493
515
502
486
433
477
484
528
518
490
529
442
487
489
467
492
517
512
510
484
490
516
505
486
521
498
507
471
470
494
500
527
552
487
520
500
448
491
512
502
500
535
506
475
515
499
493
527
486
456
461
479
511
519
450
497
526
479
469
509
458
464
496
478
495
463
472
473
514
469
523
453
488
530
546
475
485
456
524
469
483
529
467
515
456
522
501
480
498
469
488
494
501
538
489
476
481
479
480
511
495
510
495
473
479
466
501
502
500
484
487
480
472
509
494
481
491
460
461
474
441
492
486
518
490
471
510
482
481
498
500
454
479
465
482
482
468
473
492
468
460
513
514
503
477
470
491
468
502
469
457
516
505
503
477
487
519
487
487
549
491
530
546
557
534
528
523
566
520
547
542
587
558
519
503
587
552
564
541
570
568
593
555
573
593
550
626
571
540
553
554
568
574
564
584
615
544
545
575
550
554
598
550
561
582
579
566
569
606
586
579
606
529
583
564
582
578
610
571
585
571
576
562
580
593
535
591
644
584
582
548
556
604
565
560
561
613
525
570
590
594
533
544
547
523
549
568
539
547
564
536
516
541
586
533
555
565
554
608
596
557
558
571
558
566
554
561
551
544
573
573
560
572
530
577
552
563
562
577
595
525
527
572
610
543
553
628
552
572
559
563
546
568
566
553
538
591
568
534
536
544
556
555
542
543
580
559
543
560
606
594
603
521
544
570
545
518
608
559
565
572
540
524
546
565
551
521
579
555
540
515
511
523
539
572
483
572
532
497
589
564
562
490
565
594
541
555
556
518
520
545
559
567
536
543
548
577
581
513
549
515
546
526
554
532
554
522
530
534
510
586
555
498
566
564
485
541
538
544
624
552
541
486
544
552
591
583
511
526
576
508
598
582
526
539
556
577
565
564
543
554
512
527
568
516
575
572
543
555
525
602
579
553
502
518
581
537
537
543
569
580
571
576
538
538
550
527
572
554
558
579
556
554
532
548
563
582
576
543
604
565
574
537
562
548
554
572
581
577
630
550
613
598
542
524
587
551
526
553
536
535
597
585
531
572
596
547
582
612
626
588
550
586
542
571
574
563
625
620
576
547
591
548
564
627
547
601
644
572
591
549
593
595
549
576
576
580
597
576
599
609
595
573
579
547
635
600
619
597
605
588
636
643
558
651
616
615
620
577
665
649
638
613
648
632
605
634
643
569
646
676
658
651
627
620
624
637
648
630
646
632
625
616
634
652
627
662
685
677
636
675
703
671
623
656
626
623
703
662
719
696
663
695
653
655
682
719
677
747
678
679
716
720
678
700
677
686
676
742
693
694
712
746
712
724
689
731
750
700
691
679
714
692
745
717
668
693
727
709
672
700
645
636
619
594
628
610
586
607
546
538
495
507
491
479
493
544
492
496
488
471
455
417
405
431
440
462
434
427
427
412
442
421
381
444
381
390
401
358
369
346
399
381
404
352
379
378
378
343
350
344
371
396
381
357
364
341
363
344
331
344
332
350
340
357
332
363
353
296
336
330
348
325
302
326
315
306
356
336
312
374
328
315
294
309
319
308
323
285
331
314
320
306
281
276
289
314
281
274
316
286
280
272
277
281
313
262
288
285
260
297
277
278
290
278
270
235
259
261
263
262
266
303
264
256
257
245
266
259
260
223
241
256
238
249
223
239
228
269
228
227
242
224
217
242
225
233
215
232
219
236
212
212
211
222
239
225
193
190
225
200
192
222
186
225
183
213
214
187
209
200
210
190
194
214
197
214
191
211
185
177
187
163
193
186
191
184
188
196
224
194
178
191
173
168
167
154
172
156
191
157
196
180
184
167
180
169
185
169
187
174
183
176
187
176
171
169
186
173
183
190
185
182
184
170
175
179
165
148
172
188
167
157
170
186
167
160
178
161
171
169
167
141
151
168
167
188
160
164
143
192
172
156
149
150
161
160
143
163
172
153
166
155
150
162
160
164
165
164
160
160
165
168
196
164
160
173
165
147
172
145
164
158
157
149
164
181
193
176
187
148
156
165
143
170
165
161
173
152
173
165
153
162
170
163
177
167
146
182
150
167
157
161
166
153
165
165
133
144
159
151
188
154
173
140
161
139
178
160
165
154
146
166
153
152
159
144
144
159
158
147
156
169
157
133
141
156
147
165
150
145
135
169
169
146
129
153
144
167
155
145
163
148
163
141
163
162
172
141
164
154
138
152
152
151
151
120
142
161
147
142
148
162
132
159
150
150
146
133
162
149
172
141
143
153
161
150
149
150
115
152
164
125
129
160
144
134
135
152
174
152
135
163
140
163
151
127
133
152
165
142
178
155
168
171
167
153
223
224
250
277
376
427
584
710
1021
1405
1928
2761
3710
4843
6146
7565
8812
10124
11231
11678
11978
12012
11637
10943
9950
8826
7686
6231
5045
3796
2825
2268
1523
1219
904
692
553
479
349
336
271
248
213
192
173
165
146
148
157
139
128
131
124
110
116
124
110
111
110
99
114
95
106
113
93
88
105
91
102
112
98
98
115
85
102
106
109
102
90
114
78
86
89
93
101
102
102
102
88
90
88
93
107
88
108
97
78
100
90
87
96
89
98
100
96
93
102
93
87
97
94
87
96
94
91
97
81
91
96
97
92
93
92
112
81
95
97
80
98
87
101
92
78
92
96
98
108
97
82
94
85
101
80
92
97
93
106
88
94
99
101
81
88
78
87
80
82
106
100
93
112
101
96
81
89
83
106
85
90
85
91
98
83
93
88
100
96
101
78
86
85
91
99
81
110
94
100
102
89
111
76
101
95
96
88
102
95
115
90
92
90
74
89
96
80
81
84
93
99
76
96
88
92
93
71
93
78
69
72
71
81
104
80
79
75
77
70
85
82
79
78
96
95
74
78
78
99
77
92
86
89
75
93
71
82
84
76
90
91
72
89
83
76
94
70
93
93
96
69
84
89
65
82
84
86
76
91
63
74
75
87
78
84
83
90
85
71
82
84
86
67
86
88
84
68
72
78
81
73
81
73
91
63
84
84
65
68
65
85
98
68
85
90
72
72
63
85
94
68
67
71
88
85
78
67
75
68
79
98
73
77
76
88
74
70
93
87
90
83
76
85
67
78
89
72
74
86
74
87
92
76
58
82
70
71
84
73
78
72
84
57
73
74
72
85
69
79
97
75
79
81
82
103
80
84
82
61
86
89
84
77
62
70
81
73
96
84
71
63
87
69
75
83
89
67
88
85
73
93
89
71
97
70
90
76
73
83
83
80
79
80
81
72
85
84
77
88
71
94
91
71
74
88
67
76
72
78
72
81
78
67
84
97
78
68
94
67
81
79
82
68
95
85
83
78
78
73
86
72
97
90
75
80
61
71
73
89
65
67
74
86
90
83
87
93
74
75
82
95
83
93
79
79
81
90
88
80
86
85
81
84
78
68
81
80
87
106
95
80
82
77
82
83
80
86
94
70
100
79
80
76
78
80
68
82
71
84
73
76
73
73
86
72
91
79
87
82
96
90
80
83
83
81
85
82
78
86
88
74
80
95
69
97
68
95
85
93
90
91
70
77
86
70
85
75
84
80
80
71
71
65
78
80
67
67
86
64
86
79
91
92
84
78
81
75
102
80
84
76
65
94
88
84
72
87
86
83
89
86
92
86
75
80
85
77
66
111
88
89
79
74
93
91
93
73
80
71
85
73
87
80
79
82
86
73
73
88
81
81
75
78
97
83
72
68
76
100
73
91
65
82
72
99
112
82
71
62
79
104
80
87
84
75
86
81
78
96
77
73
79
100
82
69
74
76
81
78
78
71
81
93
75
80
90
91
85
83
79
65
88
92
84
71
81
79
90
84
74
75
82
80
96
79
98
85
80
90
92
89
91
90
98
82
90
88
84
88
81
69
85
87
79
80
94
68
82
93
83
90
91
80
94
74
98
94
88
77
67
71
86
85
76
85
100
95
74
80
81
88
68
75
72
95
83
100
81
93
81
63
85
93
83
79
72
98
64
92
78
97
66
78
74
68
92
73
82
79
94
92
87
79
100
98
81
96
95
61
81
91
82
69
87
82
92
98
88
82
82
84
77
76
106
90
78
103
75
84
91
84
77
79
90
82
73
61
83
89
95
88
81
100
78
64
92
71
80
91
72
87
90
91
86
78
84
79
80
86
97
77
86
82
97
87
82
101
81
92
98
87
92
81
85
83
88
106
72
93
83
94
80
87
78
100
90
65
85
81
88
77
93
122
78
90
88
71
80
83
94
101
73
87
75
77
111
85
92
88
87
82
99
82
73
92
92
85
82
92
92
94
88
94
85
98
92
94
76
100
66
99
82
85
89
71
76
91
82
88
96
97
85
74
80
84
87
97
107
99
81
92
93
89
79
108
86
100
101
88
90
100
92
83
93
90
79
103
90
78
93
90
87
90
80
86
105
97
81
91
109
91
109
100
86
80
92
83
80
113
103
75
96
90
90
84
95
99
102
96
93
86
81
109
87
90
86
101
82
92
101
92
85
84
95
108
98
87
91
86
93
91
99
73
100
100
88
80
91
80
99
96
101
101
93
92
102
99
88
102
74
92
72
105
105
100
83
102
90
88
88
93
101
92
94
94
104
95
101
106
87
92
102
99
95
93
110
89
107
98
88
100
83
102
105
93
97
103
106
118
89
103
100
91
117
103
97
94
87
76
101
85
91
92
83
89
116
91
92
102
90
109
99
104
113
102
95
113
94
107
109
102
86
95
105
93
107
104
106
99
99
117
93
74
92
116
99
119
111
93
91
88
84
80
90
109
102
100
106
82
98
98
95
100
89
107
100
88
109
110
87
90
94
97
108
111
91
101
87
115
103
105
91
100
103
97
111
87
109
110
108
95
108
126
101
99
99
97
94
113
96
113
106
111
112
98
80
106
98
111
124
103
99
100
103
108
113
98
97
99
95
109
98
122
116
100
119
113
103
94
100
114
92
116
114
92
101
109
112
103
96
108
96
109
118
112
118
102
110
109
112
91
91
103
120
112
99
116
130
108
100
119
115
96
92
94
131
110
100
90
115
104
110
118
107
122
118
130
97
113
104
109
104
126
110
110
126
136
110
129
123
133
109
136
106
119
111
107
124
117
128
120
105
122
104
124
117
113
127
102
144
117
92
129
118
115
126
112
100
102
129
112
117
102
112
134
106
125
119
126
108
127
124
127
115
119
109
136
137
127
134
131
119
118
134
121
122
93
131
130
131
107
123
118
144
134
127
125
131
142
124
125
119
148
141
115
130
102
127
135
139
136
139
116
135
157
111
137
114
134
135
115
115
138
148
153
135
128
142
129
122
122
130
110
131
149
132
139
107
121
142
119
124
148
125
132
146
129
141
137
127
126
125
137
137
122
139
139
120
155
128
141
126
134
137
144
146
154
150
140
148
143
141
133
135
142
145
141
139
157
159
173
150
128
137
151
154
138
153
137
136
133
138
142
151
143
142
139
157
157
129
153
140
162
163
138
161
184
148
126
135
152
146
146
153
172
140
143
152
150
155
156
150
177
170
125
141
145
166
166
165
155
180
157
155
160
159
174
160
156
153
170
155
156
138
170
163
185
152
159
173
143
147
152
153
154
147
143
175
160
151
144
147
157
173
138
137
127
139
130
134
127
140
144
115
138
151
115
122
125
125
109
100
113
120
98
98
112
110
105
121
120
96
95
113
95
84
90
91
92
93
102
100
111
100
86
87
93
104
112
107
85
100
104
120
97
114
89
100
88
92
88
100
114
105
107
95
79
104
88
108
78
93
91
91
102
90
73
100
97
85
95
93
82
81
74
82
97
80
84
97
87
81
90
102
93
75
87
85
88
93
90
87
87
67
82
81
83
77
86
88
87
82
69
72
91
78
84
76
86
86
74
64
94
77
91
80
82
74
80
68
75
94
66
80
66
81
77
78
87
85
80
87
70
86
82
84
91
82
71
69
67
83
76
66
82
80
93
58
79
54
56
71
72
69
64
64
79
68
86
79
81
71
64
71
84
79
89
56
82
77
76
65
78
58
69
69
66
54
59
69
66
88
56
69
69
54
62
69
73
68
59
56
66
67
67
76
61
48
54
51
63
51
65
57
64
82
66
61
65
56
61
56
52
52
70
69
46
62
53
45
58
55
67
58
48
65
45
44
56
45
56
52
50
50
42
60
40
48
59
42
45
57
68
47
54
73
42
53
52
44
50
48
44
47
40
38
43
45
44
40
50
52
45
42
43
49
45
53
42
39
54
42
47
45
44
38
36
51
58
33
40
46
52
48
25
34
39
41
36
44
39
36
45
31
38
42
42
35
52
40
36
42
42
36
40
48
34
42
36
41
40
36
32
35
44
35
40
31
34
29
38
36
36
32
26
47
33
29
35
42
45
46
44
23
28
37
30
40
37
40
19
35
31
42
31
34
23
28
27
33
39
33
45
32
38
46
29
37
24
38
36
34
33
34
38
30
41
36
28
27
42
32
23
30
39
32
36
24
23
46
25
37
29
34
30
24
35
29
25
34
22
33
20
28
25
36
42
20
24
26
29
30
32
35
35
32
22
38
35
29
27
30
32
28
30
28
34
27
35
31
35
28
38
44
33
32
34
36
25
37
23
29
38
28
29
30
41
30
33
26
17
25
34
25
33
33
34
35
25
40
30
31
42
28
33
31
39
39
30
32
16
26
23
36
30
24
27
28
42
30
43
31
32
27
24
32
18
30
29
35
32
28
28
20
34
28
27
33
33
28
34
27
38
32
27
28
30
33
39
33
30
28
28
32
25
30
28
36
26
26
35
51
32
47
50
47
47
37
61
62
59
58
60
78
88
85
127
133
148
189
228
296
345
478
514
715
795
952
1063
1199
1295
1351
1286
1330
1337
1332
1290
1300
1295
1266
1321
1213
1288
1246
1371
1248
1302
1179
1120
992
910
797
619
495
401
302
228
155
132
112
89
81
58
61
50
43
38
48
43
36
42
50
37
39
30
47
35
36
37
37
27
25
27
35
44
37
47
39
39
25
33
37
35
39
35
29
35
29
26
26
33
20
26
42
26
24
35
32
45
24
32
31
35
30
22
31
23
24
33
27
22
27
24
24
22
41
26
33
25
26
27
30
25
26
27
27
19
38
37
37
23
26
24
22
22
37
32
27
31
34
30
33
23
26
17
27
19
23
32
25
30
31
24
29
36
22
30
26
33
24
27
23
24
24
23
29
28
14
23
23
29
16
29
29
30
26
24
31
23
27
24
29
21
34
19
30
23
18
31
29
18
26
23
17
22
31
26
25
25
27
26
27
20
18
15
30
27
26
25
26
31
37
25
25
21
23
27
19
27
27
24
28
29
33
19
22
32
21
28
21
30
29
22
19
31
21
19
25
25
30
23
23
30
25
37
23
25
28
22
26
23
32
23
26
19
11
20
28
23
30
30
31
24
21
16
30
25
28
32
29
29
23
31
15
23
18
27
27
33
19
22
22
18
20
19
25
21
20
23
22
26
9
28
25
24
24
15
22
19
19
28
23
16
21
18
25
28
20
24
25
23
24
20
28
24
18
25
24
23
29
21
23
28
20
21
16
23
15
21
30
19
26
21
20
18
35
24
16
22
17
26
20
17
28
20
26
22
15
14
19
14
22
17
24
13
22
15
16
15
21
24
21
23
21
18
23
19
20
20
19
26
27
29
26
20
21
22
24
24
19
13
20
10
29
22
15
21
18
21
21
12
17
18
20
21
24
16
18
19
14
21
24
13
22
21
15
15
21
19
18
21
18
23
25
16
17
19
16
18
16
21
18
27
17
29
18
21
16
21
18
19
18
23
13
13
20
17
14
18
23
20
19
32
19
21
21
20
29
26
22
23
15
28
18
15
13
20
17
18
21
27
18
14
22
17
18
20
18
20
19
25
21
23
17
16
22
19
23
24
19
15
18
17
19
24
26
15
18
24
13
17
15
19
22
22
21
23
30
21
22
28
17
24
12
28
22
29
27
15
26
23
22
20
29
26
30
24
33
16
23
16
28
26
29
24
17
18
16
12
19
26
21
22
23
18
18
21
20
15
21
18
20
19
21
21
21
19
23
18
25
14
21
18
21
24
20
18
21
17
15
19
19
21
17
13
22
19
18
10
17
11
18
23
13
14
21
10
20
23
9
17
19
20
21
23
29
23
21
14
24
23
24
20
17
19
20
21
19
18
25
21
16
22
14
13
23
11
23
19
20
20
21
25
15
14
16
21
19
13
24
18
30
21
22
19
27
20
15
24
20
14
17
16
34
14
19
15
21
19
27
15
18
20
15
20
20
17
23
22
22
23
24
19
31
14
12
20
17
19
15
10
11
22
17
15
17
11
18
10
11
18
22
29
16
23
14
22
13
24
19
19
16
12
20
20
21
22
19
14
19
22
24
20
18
22
18
21
18
18
19
27
18
20
21
21
17
25
20
19
24
27
27
22
23
22
15
22
23
12
15
17
24
24
13
19
17
21
25
29
10
18
18
26
18
17
18
16
21
21
13
14
13
23
14
17
24
16
13
21
21
18
26
16
15
16
20
16
23
12
28
20
15
21
22
14
17
20
21
20
20
31
11
21
18
15
21
13
20
28
18
17
22
22
19
26
9
19
21
19
10
15
20
27
21
22
19
13
19
19
19
19
21
30
10
10
12
13
17
18
12
17
15
13
9
17
21
18
15
20
13
15
18
18
15
17
18
20
21
15
19
13
19
18
20
20
24
12
16
16
13
17
10
15
15
10
16
10
10
17
14
16
17
23
20
16
9
19
19
12
13
20
13
22
21
14
16
18
13
22
12
19
9
21
5
14
20
19
12
15
11
22
14
11
20
16
23
11
10
18
15
23
21
15
15
14
14
22
17
16
16
6
16
12
12
10
17
11
16
14
19
15
15
8
11
12
20
13
8
4
10
16
11
5
12
11
12
4
11
8
10
9
10
10
9
11
13
14
7
8
11
7
13
12
10
11
4
10
6
6
8
11
8
7
13
8
10
9
8
17
6
9
7
4
4
10
6
10
10
9
6
6
7
9
7
8
5
7
7
4
7
9
7
9
5
3
11
12
6
3
13
5
6
9
5
9
10
8
12
7
5
14
8
0
5
5
9
3
6
6
5
3
6
7
9
5
3
5
8
4
7
3
9
6
3
9
7
4
3
7
7
4
1
5
5
5
2
6
5
5
4
7
5
6
1
4
6
2
5
2
3
3
8
5
6
5
7
6
1
6
3
5
2
10
5
2
8
5
4
4
6
3
4
3
4
4
7
3
6
5
2
3
3
7
3
4
5
1
4
5
7
6
3
5
3
4
4
4
3
5
3
7
4
3
3
2
4
4
3
4
4
3
2
3
7
3
0
3
3
2
4
5
4
4
2
4
3
2
2
4
3
1
2
5
2
2
6
4
2
5
4
2
1
5
4
3
1
4
4
1
5
0
3
1
4
6
3
2
1
1
2
4
2
1
3
2
1
2
1
2
4
5
1
5
2
3
5
4
1
4
5
4
1
0
3
5
3
1
3
1
5
4
2
2
3
4
7
0
1
4
1
3
1
3
1
1
6
2
3
5
2
7
1
6
3
0
4
3
4
4
1
1
3
3
4
0
2
3
0
3
3
7
2
2
2
4
0
0
4
3
0
1
2
3
3
0
3
3
4
5
2
5
4
3
3
6
3
3
6
2
3
1
6
4
3
3
1
5
3
0
3
4
2
4
5
3
3
2
2
5
6
5
2
5
6
3
1
3
5
0
5
4
4
5
6
5
2
1
5
4
0
2
4
5
7
3
10
2
8
8
12
8
10
10
9
16
13
11
15
14
21
17
18
22
18
27
34
28
49
35
45
51
54
49
50
68
80
66
79
60
74
74
86
82
60
85
78
70
90
79
70
72
75
70
59
52
59
57
49
44
44
38
37
25
28
14
22
19
15
13
4
9
5
2
8
0
2
3
2
1
4
1
0
5
1
0
2
1
2
1
2
1
1
0
2
1
1
2
2
1
1
2
1
0
3
1
0
3
2
1
1
1
2
1
1
3
0
0
0
0
0
1
0
4
1
0
0
1
1
2
1
0
1
1
1
1
0
0
1
1
0
2
1
1
2
1
0
1
1
1
2
0
2
1
0
2
0
0
0
2
0
1
1
1
0
2
0
1
0
1
0
0
0
2
0
0
0
0
1
1
0
0
1
0
0
1
0
2
1
2
1
0
1
1
2
0
0
0
1
1
0
0
1
0
0
1
0
2
0
0
1
0
3
1
1
1
0
0
1
0
0
1
1
1
1
0
1
0
1
1
0
1
2
1
0
1
2
0
0
0
0
1
2
1
0
1
1
3
0
0
1
1
2
1
0
1
2
0
0
0
0
1
0
0
0
0
1
0
0
1
0
0
1
0
0
0
0
1
0
1
0
0
0
0
1
0
1
0
0
1
3
0
1
2
1
0
1
0
0
0
1
1
2
0
1
0
0
1
1
1
1
1
0
1
1
0
0
1
0
1
1
1
1
0
1
0
0
2
0
0
0
0
0
0
0
2
0
0
0
1
0
3
0
0
1
0
1
0
0
0
0
0
0
0
1
1
1
0
0
0
1
0
0
2
1
0
1
0
0
1
0
0
1
0
0
0
0
0
0
2
0
1
1
0
0
0
0
0
0
0
2
0
0
0
0
0
1
0
0
0
0
0
0
2
0
0
0
1
0
0
0
2
1
1
0
0
0
0
0
1
0
0
1
1
1
0
2
1
0
0
2
0
0
2
1
1
0
0
1
0
1
0
0
0
0
0
0
0
0
0
0
0
0
1
0
1
0
0
1
0
0
1
0
0
0
1
2
0
0
1
0
3
0
0
0
0
2
0
2
1
0
0
0
0
0
0
0
0
0
0
0
0
0
0
0
0
3
0
0
0
0
0
0
1
0
0
1
0
0
1
0
0
0
0
0
2
0
1
0
0
0
0
0
0
1
0
1
0
0
0
1
0
0
0
1
0
0
0
0
0
0
0
1
1
1
2
0
0
0
1
0
2
0
0
0
0
1
0
0
0
0
1
0
0
1
0
1
0
0
0
1
0
1
0
0
1
0
1
1
0
0
0
2
1
0
1
1
0
0
1
2
1
2
1
0
1
0
0
0
0
0
0
0
0
1
0
0
0
0
0
0
0
1
0
1
0
1
1
0
0
0
1
0
1
1
1
0
0
0
1
0
0
0
0
0
0
1
0
1
2
0
0
0
0
1
1
0
1
0
1
1
0
0
1
0
0
0
1
2
1
1
0
0
0
1
0
1
0
0
1
0
0
0
0
0
0
0
0
0
0
0
0
0
1
0
0
0
0
0
0
0
0
2
0
1
0
0
0
0
2
0
0
0
1
1
4
0
1
1
1
0
1
0
1
0
0
0
0
0
1
0
0
1
0
0
0
0
0
0
0
2
0
0
1
0
0
1
1
0
0
0
0
0
0
0
2
0
0
0
0
0
0
1
0
0
1
0
0
0
0
1
0
0
0
1
0
0
0
0
0
0
0
0
1
0
1
0
0
0
0
0
0
0
0
0
2
0
0
0
0
0
0
1
0
0
0
1
0
0
1
0
0
0
0
0
0
0
0
0
0
0
0
0
0
1
2
1
0
0
0
0
0
0
0
0
0
0
1
0
1
1
0
0
0
0
0
0
0
0
1
0
1
0
2
1
0
0
2
0
0
0
0
0
0
0
0
1
0
0
0
0
0
0
0
1
1
0
0
0
1
0
0
0
0
2
1
0
0
0
0
0
0
0
0
0
0
0
0
1
1
0
0
1
1
0
0
1
0
1
0
1
0
0
0
1
0
0
1
0
0
0
0
0
0
1
0
0
1
0
0
1
0
0
0
0
1
1
0
1
0
0
1
0
1
0
1
0
0
0
0
0
1
0
1
0
2
0
0
0
0
1
0
1
0
0
1
0
0
0
0
0
2
0
0
0
0
0
0
0
0
0
0
0
0
1
0
0
1
0
0
0
1
0
1
0
1
2
0
0
0
0
0
0
0
0
0
0
0
0
0
1
0
0
0
1
1
0
0
0
0
0
0
0
0
0
0
0
0
0
0
0
0
1
0
0
0
0
0
1
2
0
0
0
0
0
0
0
0
0
0
0
1
1
1
0
0
0
2
0
0
0
0
0
0
1
0
2
0
0
0
0
0
0
0
0
0
0
0
0
0
0
0
0
0
0
1
0
0
0
0
0
0
0
0
1
0
0
0
1
0
0
0
0
0
0
0
0
0
0
0
0
0
0
0
0
0
0
0
0
1
0
0
0
0
0
0
0
1
1
0
0
0
0
0
0
0
0
0
1
0
1
0
0
1
0
0
0
0
1
1
0
0
0
0
0
0
0
1
0
0
0
0
0
0
0
0
0
1
0
0
1
1
0
1
0
0
0
0
0
0
0
0
0
0
0
0
0
0
0
0
0
0
0
0
0
0
1
0
0
0
0
0
0
1
0
0
1
0
0
1
1
0
0
2
1
0
1
0
0
0
0
0
0
0
0
0
0
0
0
0
0
1
1
0
1
0
0
0
1
1
0
0
0
0
0
1
0
0
0
0
0
2
0
0
0
0
0
0
0
0
0
0
1
0
0
0
0
0
0
0
0
0
0
0
0
0
0
0
0
0
1
0
0
0
0
0
0
0
0
0
0
1
0
0
1
2
2
0
0
3
1
0
0
0
0
0
0
0
0
0
0
0
1
1
0
0
0
0
1
0
1
0
0
1
0
0
0
0
1
0
0
0
0
1
0
0
0
0
1
0
0
0
0
0
0
0
1
0
0
0
0
0
0
0
0
0
1
0
0
0
2
1
0
0
1
0
0
0
0
0
0
0
0
1
0
0
0
0
0
0
0
0
1
0
1
0
0
1
0
0
1
0
0
0
0
1
1
0
0
0
0
0
0
1
0
0
1
1
0
0
0
0
0
0
0
0
1
0
1
0
0
1
0
0
0
0
0
0
0
0
0
0
0
0
0
0
0
1
0
0
0
0
0
0
0
0
0
1
0
0
1
0
0
0
0
0
0
1
0
0
0
0
0
0
0
0
0
0
0
0
0
0
0
1
0
1
0
0
0
0
0
0
0
0
0
0
0
0
1
0
0
0
0
0
0
0
0
1
0
1
0
0
0
1
1
0
0
1
0
0
0
1
1
0
0
0
0
0
0
0
0
0
0
0
0
0
0
1
1
0
0
0
0
0
0
0
0
0
0
0
0
0
0
1
0
0
0
0
0
0
0
0
0
0
0
0
0
0
0
1
0
0
0
0
0
0
0
0
0
0
0
0
1
0
0
0
0
0
0
0
0
0
0
0
0
0
1
2
0
0
0
0
0
0
0
0
0
0
0
0
0
0
0
0
0
0
0
0
1
0
0
0
0
1
0
0
0
1
0
0
1
0
0
0
0
0
0
0
0
0
0
0
0
0
0
0
0
0
0
1
0
0
0
0
1
0
0
0
0
1
0
1
0
0
0
0
0
0
0
1
0
0
0
0
0
0
0
0
0
0
0
0
0
0
0
1
0
0
0
0
0
0
1
0
0
0
0
0
0
0
0
0
1
0
1
0
0
0
1
0
0
0
0
0
0
0
0
0
0
0
0
0
0
0
0
0
0
0
1
0
0
0
0
0
0
0
0
0
0
0
0
0
1
0
0
0
0
0
0
0
0
0
0
0
0
0
0
0
0
0
0
0
0
0
0
0
0
0
1
1
1
0
0
0
0
1
0
0
0
0
1
0
1
0
0
1
0
0
0
0
0
0
0
0
0
1
0
0
0
1
0
0
0
0
0
0
0
0
0
0
0
0
0
1
0
0
0
0
0
0
0
1
0
0
0
0
0
0
0
0
0
0
0
0
0
0
0
0
1
0
0
1
0
0
0
0
0
0
0
0
0
0
0
0
0
0
0
0
0
0
0
0
0
0
0
0
1
0
1
1
0
0
0
0
0
0
1
0
0
0
0
0
0
0
0
0
0
0
0
0
0
0
0
0
0
0
0
0
0
0
0
0
0
0
0
0
0
0
0
0
0
1
0
0
0
0
0
0
0
0
0
0
1
0
0
0
0
0
0
0
0
0
0
1
0
0
0
0
0
0
0
0
0
0
0
0
0
0
0
0
0
0
0
0
0
0
0
0
0
0
1
0
0
0
0
0
0
0
0
0
0
0
0
1
0
0
0
0
0
0
0
0
0
0
0
0
0
0
0
0
0
0
0
0
0
0
0
0
0
0
0
0
0
1
0
0
0
0
0
0
0
0
0
0
0
0
0
0
0
0
0
1
0
0
0
0
0
1
0
0
0
0
0
0
0
0
0
0
0
0
0
0
0
0
0
0
0
0
0
0
1
0
0
0
0
0
0
0
0
0
0
0
0
0
0
0
0
0
0
1
0
0
0
0
0
0
0
0
0
0
1
0
0
0
0
0
0
0
0
0
0
0
0
0
0
0
0
0
0
0
0
0
0
0
0
0
1
0
0
0
0
0
0
0
0
0
0
0
0
0
0
0
0
1
0
0
0
0
0
0
0
0
0
0
0
0
0
0
0
0
0
0
0
0
0
0
0
0
0
1
0
0
0
0
0
0
1
0
0
0
0
0
0
1
0
0
0
0
0
0
0
0
0
0
0
0
0
0
0
0
0
2
1
1
0
1
2
0
0
0
0
0
0
1
0
0
0
0
1
0
0
0
0
0
1
0
0
0
0
1
0
1
1
0
0
0
0
0
0
2
0
1
1
0
0
0
1
1
0
1
0
0
0
0
0
1
0
0
0
0
0
0
1
0
0
0
0
0
0
0
0
0
0
0
0
0
1
0
0
0
0
0
0
0
0
0
0
0
0
0
0
0
0
0
0
0
0
0
0
0
0
0
0
1
0
0
0
0
0
0
0
0
0
0
0
0
1
0
0
0
0
0
0
0
0
0
0
0
0
0
0
0
0
0
0
0
0
0
0
0
0
1
0
0
0
0
0
0
0
0
0
0
0
0
0
0
0
0
0
0
0
0
0
0
0
0
0
0
0
0
0
1
0
0
0
0
0
0
0
0
0
0
0
0
0
0
0
0
0
0
0
0
0
0
0
0
0
0
0
0
0
0
0
0
0
0
0
0
0
0
0
0
0
0
0
0
0
0
0
0
0
0
0
0
0
0
0
0
0
0
0
1
0
0
0
0
0
0
0
0
0
0
0
0
0
0
0
0
0
0
0
0
0
0
0
0
0
0
0
0
0
0
0
0
0
0
0
0
0
1
0
0
0
0
0
0
0
0
0
0
0
0
0
0
0
0
0
0
0
0
0
0
0
0
0
0
1
0
0
0
0
0
0
0
0
0
0
0
0
0
1
0
0
0
0
0
0
0
0
0
0
0
0
0
0
0
0
0
0
0
0
0
0
0
0
0
0
0
0
0
0
0
0
0
0
0
0
1
0
0
0
0
0
0
0
0
0
0
0
0
0
0
0
0
0
0
0
0
0
0
0
0
0
0
0
0
0
0
0
0
0
0
0
0
0
0
0
0
0
0
0
0
0
0
0
0
0
0
0
0
0
0
0
0
0
0
0
1
0
0
0
0
0
0
0
0
1
0
0
0
0
0
0
0
0
0
0
0
0
0
0
0
0
0
0
0
0
0
0
0
0
0
0
0
0
0
0
0
0
0
0
0
0
0
0
0
1
0
0
0
0
0
0
0
0
0
0
0
0
0
0
0
0
0
0
0
0
0
0
0
0
1
1
0
0
0
0
0
0
0
0
0
0
0
0
0
0
0
0
0
0
0
0
0
0
0
0
0
0
0
0
0
0
0
0
0
0
0
0
0
0
0
0
0
0
0
0
0
0
0
0
0
1
0
0
0
0
0
0
0
0
0
0
0
0
0
0
0
0
0
0
0
0
0
0
0
0
0
0
0
0
0
0
0
0
0
0
0
0
0
0
0
0
0
0
0
0
0
0
0
0
0
0
0
0
0
0
0
0
0
0
0
0
0
0
0
1
0
0
0
0
0
0
0
0
0
0
0
0
0
0
0
0
0
0
0
0
0
0
0
0
0
0
0
0
0
0
0
0
0
0
0
0
0
0
0
0
0
0
0
0
0
0
0
0
0
0
0
0
0
0
0
0
0
0
0
0
0
0
1
0
0
0
0
0
0
0
0
0
0
0
0
0
0
0
0
0
0
0
0
0
0
0
0
0
0
0
0
0
0
0
0
0
0
0
0
0
0
0
0
0
0
0
0
0
0
0
0
0
0
0
0
0
0
0
0
0
0
0
0
0
0
0
0
0
0
0
0
0
0
0
0
0
0
0
0
0
0
0
0
0
0
0
0
0
0
0
0
0
0
0
0
0
0
0
0
0
0
0
0
0
0
0
0
0
0
0
0
0
0
0
0
0
0
0
0
0
0
0
0
0
0
0
0
0
0
0
0
0
0
0
0
0
0
0
0
0
0
0
0
1
0
0
0
0
0
0
0
0
0
0
0
0
0
0
0
0
0
0
0
1
0
0
0
0
0
0
0
0
0
0
0
0
0
0
0
0
0
0
0
0
0
0
0
0
0
0
0
0
0
0
0
0
0
0
0
0
0
0
1
0
0
0
0
0
0
0
0
0
0
0
0
0
0
0
0
0
0
0
0
0
0
0
0
0
0
0
0
0
0
0
0
0
0
0
0
0
0
0
0
0
0
0
0
0
0
0
0
0
0
0
0
0
0
0
0
0
0
0
0
0
0
0
0
0
0
0
0
0
0
0
0
0
0
0
0
0
0
0
0
0
0
0
0
0
0
0
0
0
0
0
0
0
0
0
0
0
0
1
0
0
0
0
0
0
0
0
0
0
0
0
0
0
0
0
0
0
0
0
0
0
0
0
0
0
0
0
0
0
0
0
0
0
0
0
0
0
0
0
0
0
0
0
0
0
0
0
0
0
0
0
0
0
0
0
0
0
0
0
0
0
0
0
0
0
0
0
0
0
0
0
0
0
0
0
0
0
0
0
0
0
0
0
0
0
0
0
0
1
0
0
0
0
0
0
0
0
0
0
0
0
0
0
0
0
0
0
0
0
0
0
0
0
0
0
0
0
0
0
0
0
0
0
0
0
0
0
0
0
0
0
0
0
0
0
0
0
0
0
0
0
0
0
0
1
0
0
0
1
0
0
0
0
0
0
0
0
0
0
0
0
0
0
0
0
0
0
0
0
0
0
0
0
0
0
0
0
0
0
0
0
0
0
0
0
0
0
0
0
0
0
0
0
0
0
0
0
0
0
0
0
0
0
0
0
0
0
0
0
0
0
0
0
0
0
0
0
0
0
0
0
0
0
0
0
0
0
0
0
0
0
0
0
0
0
0
0
0
0
0
0
0
0
0
0
0
0
0
0
0
0
0
0
0
0
0
0
0
0
0
0
0
0
0
0
0
0
0
0
0
0
0
0
0
0
0
0
0
0
0
0
0
0
0
0
0
0
0
0
0
0
0
0
0
0
0
0
0
0
0
0
0
0
0
0
0
0
0
0
0
0
0
0
0
0
0
0
0
0
0
0
0
0
0
0
0
0
0
0
0
0
0
0
0
0
0
0
0
0
0
0
0
0
0
0
0
0
0
1
0
0
1
0
0
0
0
0
0
0
0
0
0
0
0
0
0
0
0
0
0
0
0
0
0
0
0
0
0
0
0
0
0
0
0
0
0
0
0
0
0
0
0
0
0
0
0
0
0
0
0
0
0
0
0
0
0
0
0
0
0
0
0
0
0
0
0
0
0
0
0
0
0
0
0
0
0
0
0
0
0
0
0
0
0
0
0
0
0
0
0
0
0
0
0
3
1
0
0
1
0
1
1
1
0
1
0
0
0
0
0
2
1
0
0
0
0
1
0
0
0
1
0
0
0
1
0
0
0
0
0
0
2
2
2
0
2
1
0
1
0
0
0
0
0
1
0
0
2
1
0
0
2
1
1
1
1
0
2
0
1
0
0
0
0
0
1
0
0
0
0
1
0
1
0
1
0
0
0
2
0
1
1
0
2
0
0
1
3
0
0
1
0
2
0
0
0
2
0
1
2
0
0
1
0
0
0
2
0
0
0
1
0
0
2
1
0
1
0
