0
0
0
0
0
0
0
0
0
0
0
0
0
0
0
0
0
0
0
0
4
3
6
4
5
4
10
9
16
5
10
11
10
12
18
18
10
8
12
12
8
11
12
10
12
7
14
9
8
10
9
10
4
10
12
9
8
9
10
9
6
9
12
16
29
35
46
48
59
100
93
124
129
155
217
256
366
373
437
445
460
458
483
469
513
532
553
566
584
551
580
664
667
708
758
725
782
712
673
647
642
611
620
556
536
550
549
530
562
530
502
490
508
531
531
510
489
501
491
529
493
505
509
451
475
497
475
518
521
474
484
508
496
503
538
501
510
526
501
515
479
525
512
531
491
527
484
493
530
544
547
545
501
492
518
516
531
520
502
516
519
506
542
545
448
481
511
452
490
532
461
535
501
485
534
487
504
480
532
479
472
472
452
480
470
476
525
465
511
494
504
497
466
468
496
472
489
511
494
472
469
453
490
473
514
500
485
436
533
493
485
470
499
470
523
492
487
497
480
492
554
468
501
538
482
460
530
505
494
493
495
497
499
499
471
482
480
499
495
535
473
476
506
478
483
484
528
532
529
443
541
497
504
480
500
487
483
481
512
495
536
505
484
532
477
498
467
464
488
516
519
475
521
509
509
486
480
498
537
482
514
519
466
497
462
464
495
463
482
521
465
466
463
524
468
454
474
490
490
538
485
509
493
475
497
555
511
519
497
437
485
495
484
485
505
455
481
485
470
534
473
493
477
478
488
487
465
480
506
481
457
485
443
535
475
468
507
447
509
478
485
445
478
519
461
486
494
497
483
448
512
479
499
500
487
471
464
527
497
521
525
495
499
508
468
529
526
454
503
492
492
512
473
478
504
537
519
552
519
580
556
568
568
538
557
569
531
575
564
523
545
545
504
554
579
602
585
583
549
618
574
589
610
570
564
545
558
580
604
557
561
542
541
574
597
561
576
563
545
579
584
578
568
595
568
608
526
597
612
552
624
594
585
556
575
579
559
588
558
570
597
541
584
577
555
559
524
505
537
557
607
544
568
580
538
568
572
523
561
588
516
586
559
535
540
561
576
566
534
574
552
544
543
580
593
517
595
571
552
563
510
563
588
547
520
532
535
562
537
560
576
547
575
526
570
547
576
543
575
550
559
565
553
557
518
552
565
574
559
547
581
550
552
556
559
530
559
550
572
552
565
542
539
539
551
528
544
549
527
574
541
545
588
578
573
548
497
556
564
557
568
517
568
599
595
547
557
587
564
540
581
548
554
572
589
556
546
539
545
551
550
569
536
594
543
578
515
515
513
540
552
529
563
555
544
579
559
530
538
520
544
528
498
517
573
539
547
543
538
593
543
548
538
534
503
527
564
529
520
625
561
518
525
525
552
571
530
517
499
506
540
556
555
559
553
524
554
531
531
569
578
527
522
554
527
540
563
550
556
559
513
565
561
551
558
542
532
590
527
546
529
547
595
541
569
541
557
550
532
544
529
563
542
555
555
531
599
572
612
560
526
560
527
555
546
570
539
559
598
551
571
533
574
595
581
570
553
570
584
577
594
576
551
561
535
595
570
566
595
568
595
560
586
606
573
580
626
569
596
606
573
548
547
546
565
556
628
563
629
583
614
588
570
640
562
586
615
570
538
612
591
616
595
606
660
615
588
623
579
600
623
601
633
616
607
630
581
641
665
633
584
607
634
629
649
650
662
605
697
639
708
634
636
631
665
604
667
659
626
651
620
670
689
701
655
714
679
631
692
681
679
663
717
671
667
656
704
654
689
707
736
721
685
680
681
687
699
726
650
702
676
714
676
727
749
650
690
744
720
718
729
725
676
682
717
705
671
706
654
687
648
629
669
635
612
633
619
569
582
533
568
537
484
493
486
513
495
485
479
462
451
468
497
445
431
444
410
394
428
413
408
436
396
429
421
424
388
384
383
410
367
394
363
412
413
386
363
370
430
350
340
352
384
356
338
366
334
320
329
334
335
364
341
347
343
353
363
364
309
340
340
331
303
330
313
337
326
324
324
315
305
307
305
322
297
298
304
336
336
325
287
322
295
284
302
271
302
316
275
272
286
270
279
292
292
270
319
295
256
268
262
278
252
280
278
278
287
271
260
265
266
240
280
249
249
255
239
254
231
255
251
233
246
229
225
230
256
239
217
245
245
264
228
248
256
236
241
212
218
227
204
203
218
219
205
224
201
196
245
226
252
201
234
243
222
204
199
224
204
195
185
222
195
190
183
191
189
182
193
163
190
186
192
193
183
155
173
158
172
193
189
181
190
162
155
147
153
174
201
176
184
170
159
165
156
168
201
166
174
167
189
179
179
164
172
191
159
148
169
160
155
170
157
157
170
160
170
165
157
176
144
167
173
171
179
180
170
170
164
172
162
155
158
159
153
177
172
157
182
156
156
161
160
169
157
161
172
175
135
162
163
160
162
167
165
157
165
157
149
157
177
198
167
186
142
157
166
148
184
159
166
161
171
165
165
161
160
153
156
165
175
172
173
153
153
152
160
178
151
167
154
150
146
151
158
156
169
151
135
161
163
159
139
143
149
155
149
154
169
142
147
153
154
150
149
164
161
171
148
161
155
140
165
149
165
160
183
147
133
159
141
153
143
160
152
152
145
148
154
156
143
164
164
153
155
152
135
139
151
149
147
156
139
154
153
145
148
123
138
157
152
117
165
177
164
130
141
158
171
153
152
149
134
141
149
150
162
127
135
136
138
168
149
159
152
142
146
151
135
126
147
148
155
154
158
146
150
135
149
149
172
131
159
129
149
166
130
170
140
166
146
157
183
166
162
154
182
168
197
220
268
291
347
427
622
808
1122
1428
2061
2928
3868
5047
6528
7927
9156
10428
11568
11997
12322
12044
11541
10906
9934
8640
7310
5747
4589
3502
2637
1914
1486
1076
836
599
512
407
358
286
248
238
197
194
181
178
139
146
121
123
119
120
114
117
116
114
117
106
89
119
98
130
97
116
107
93
91
109
94
100
125
106
121
111
93
105
102
96
107
93
95
97
99
94
89
115
109
88
89
102
97
104
97
100
106
82
89
105
125
113
94
96
111
104
97
92
112
92
101
85
91
107
101
87
96
87
104
87
107
91
90
91
103
101
88
109
95
76
91
93
101
100
91
111
85
78
90
81
96
76
93
92
94
91
92
84
87
102
112
103
74
85
110
93
106
92
93
97
111
103
97
91
94
82
82
95
109
98
83
98
90
98
84
89
98
84
102
99
79
107
91
103
95
95
86
89
102
112
86
84
83
76
94
95
106
89
95
102
90
85
73
84
82
76
68
70
91
78
88
87
74
86
95
82
72
95
71
69
100
92
72
85
95
71
79
77
81
69
72
78
79
78
88
76
85
73
78
87
50
85
66
85
71
82
70
69
82
90
76
104
91
76
89
83
82
61
78
74
71
69
81
79
83
96
78
84
87
83
83
82
76
96
73
80
64
71
87
90
79
81
75
81
96
72
84
78
76
83
81
67
71
89
80
77
83
79
65
86
83
94
75
76
88
80
61
79
81
70
96
78
92
84
79
72
68
82
71
95
69
75
72
79
87
78
81
85
96
93
64
72
80
84
84
85
77
87
71
82
74
67
90
64
73
62
98
63
86
69
77
79
78
82
68
70
73
85
91
87
88
78
85
72
92
87
68
69
78
80
70
64
81
81
77
75
80
102
74
81
74
65
67
79
89
83
71
77
80
76
72
82
90
76
87
77
74
80
86
68
96
90
68
88
73
88
94
92
86
76
83
90
92
82
75
75
83
96
54
85
77
88
74
84
90
66
91
82
95
81
80
82
95
56
70
76
90
87
86
80
79
70
91
88
75
93
73
85
73
80
94
83
72
86
100
84
80
98
78
73
81
63
84
65
68
92
90
86
85
90
90
64
77
83
93
86
78
76
63
80
85
72
80
75
84
88
86
84
70
86
72
94
68
88
80
78
89
85
70
83
83
81
87
90
77
84
77
75
90
98
85
91
71
72
78
81
73
88
91
93
59
83
83
88
74
73
84
91
71
79
91
83
86
95
77
69
76
71
80
71
80
76
83
80
82
78
74
81
98
73
72
81
66
84
76
82
77
71
88
52
77
79
76
78
89
80
79
84
70
82
73
83
61
89
79
74
77
93
90
75
80
75
89
84
87
114
77
75
80
89
66
75
87
83
82
79
82
94
74
71
79
80
94
70
79
81
82
77
84
67
81
71
78
67
80
82
70
100
78
73
93
82
77
85
88
93
74
83
76
73
98
93
82
76
89
79
82
90
102
108
71
71
77
65
84
87
80
69
99
83
87
80
81
69
86
82
87
95
89
99
73
84
86
79
87
79
82
84
98
98
101
92
98
75
95
77
76
71
91
68
87
75
77
86
97
79
73
81
88
58
70
69
88
90
90
80
72
92
103
80
98
73
71
73
83
72
73
83
76
69
77
73
73
77
85
91
84
79
87
83
71
78
72
88
70
77
91
73
95
86
82
72
72
102
75
99
81
74
100
86
79
76
86
90
98
89
91
90
86
72
92
81
82
81
86
94
75
68
86
89
80
93
68
73
71
79
74
83
77
77
91
82
74
91
81
79
88
82
86
99
84
85
87
84
78
84
88
76
96
66
92
77
86
77
75
97
96
80
67
92
82
73
73
97
99
98
72
90
79
86
71
93
83
97
88
88
71
84
81
98
91
78
82
70
85
94
78
83
79
94
73
87
84
94
88
106
102
60
97
72
61
93
87
85
86
87
89
92
85
72
96
76
113
104
89
75
84
94
82
89
74
94
80
99
87
105
76
72
95
75
86
86
94
93
74
96
78
90
91
71
101
88
85
90
100
84
82
78
100
96
88
81
98
93
93
80
94
76
95
90
99
84
80
92
96
78
91
80
93
78
94
85
76
89
101
86
87
79
95
105
84
97
89
95
109
90
80
96
106
89
93
94
85
105
112
93
91
92
92
103
87
85
86
98
107
85
78
89
89
92
106
95
81
81
90
82
91
93
93
95
84
93
93
87
72
90
99
97
98
99
93
91
110
96
97
88
79
109
95
93
90
89
94
85
71
73
88
97
105
91
97
109
73
95
112
89
98
90
79
117
94
92
89
93
90
86
108
91
100
87
86
94
82
86
102
90
90
101
78
95
105
95
111
93
108
99
97
101
101
100
88
126
100
87
107
88
104
87
89
98
98
114
92
99
93
104
118
85
114
97
97
106
94
103
100
106
117
113
111
90
114
94
91
103
103
94
96
97
123
98
115
101
95
94
100
76
111
96
95
95
111
109
101
98
95
90
92
109
118
90
109
99
96
93
96
101
90
94
99
94
114
93
109
96
112
90
88
111
102
90
111
110
111
101
96
115
101
87
111
107
112
108
112
100
103
129
102
104
120
109
111
105
104
94
111
110
119
105
97
97
92
113
115
91
112
104
113
94
136
103
100
108
96
107
108
133
98
112
114
108
111
123
112
105
111
105
116
108
108
108
123
105
107
131
110
112
109
114
118
98
116
107
108
124
103
109
113
111
127
113
112
106
118
113
122
100
135
109
122
103
113
106
110
122
119
125
120
121
125
111
139
115
109
114
124
120
121
98
133
111
120
132
89
119
100
117
128
114
117
108
117
124
121
109
113
129
116
115
116
124
131
130
124
119
127
120
144
129
120
119
109
104
113
113
139
108
116
106
136
111
122
127
120
134
117
137
119
128
120
125
138
112
120
135
130
127
127
105
136
109
131
144
125
154
98
125
130
128
125
148
136
134
142
100
114
128
136
164
115
144
148
132
133
119
133
137
127
141
119
146
122
142
126
133
125
141
140
162
145
168
112
129
126
134
136
130
137
137
130
148
148
141
137
137
124
142
136
146
151
134
125
122
140
155
126
114
161
150
134
130
141
154
133
133
127
136
137
134
150
144
137
135
161
129
144
164
126
165
149
157
148
158
159
151
135
161
144
137
142
150
174
166
162
142
163
149
157
132
171
163
169
161
128
164
149
149
154
146
141
155
156
148
170
154
154
140
152
171
158
144
174
139
158
165
173
166
174
156
161
154
155
125
144
179
152
167
158
170
135
144
151
165
167
161
138
161
134
125
162
186
148
136
143
134
155
138
153
119
134
153
147
106
116
126
134
161
109
131
129
135
135
104
117
113
117
110
98
112
102
110
110
98
104
109
106
107
109
117
90
106
101
81
96
112
91
119
88
99
97
98
102
106
102
91
91
96
93
111
73
83
107
85
92
106
84
87
94
102
91
72
107
80
99
95
95
92
90
100
83
84
99
91
96
81
88
85
73
69
103
92
85
81
102
84
93
79
91
78
100
89
84
88
81
100
84
74
87
77
73
95
100
93
83
103
84
74
77
81
82
87
86
63
82
76
94
94
85
79
74
67
77
88
90
87
85
83
79
72
73
72
69
83
65
88
65
74
79
80
69
85
69
77
64
68
80
77
85
84
73
69
66
62
89
78
64
65
79
68
65
65
83
78
73
67
56
73
79
78
83
73
69
61
84
57
65
67
75
78
76
72
69
64
75
61
56
66
75
73
64
56
55
77
52
51
80
69
56
77
66
67
65
80
62
59
62
62
46
71
49
55
66
43
68
65
55
69
60
58
48
39
54
59
69
49
45
70
57
57
47
52
42
51
50
49
56
55
46
51
60
53
59
38
49
56
46
44
53
43
40
43
50
35
33
42
42
44
34
43
42
28
43
45
33
42
50
39
43
40
42
43
58
61
44
49
45
39
46
43
49
42
43
42
33
36
32
43
41
43
45
50
40
34
34
27
43
44
34
45
42
32
44
44
35
30
38
35
32
39
42
32
41
36
32
35
47
32
35
37
34
30
37
26
50
43
33
32
38
29
34
29
32
42
37
38
39
29
31
27
31
48
30
30
35
38
27
30
27
31
44
37
34
39
39
30
32
31
31
34
38
27
26
32
33
35
32
26
27
32
28
31
31
32
32
34
26
28
44
28
30
26
26
28
24
38
34
40
24
35
45
27
33
35
27
27
35
38
28
33
34
36
30
37
39
24
34
33
35
28
26
28
34
20
34
40
31
23
28
34
35
31
27
36
25
30
30
35
38
32
36
29
35
14
34
33
33
29
32
28
28
25
24
21
30
24
21
35
28
31
21
23
33
30
36
33
35
29
22
28
29
37
23
29
29
26
27
31
31
37
33
45
29
32
30
25
17
23
27
40
36
31
27
32
27
36
21
32
35
38
24
27
22
30
20
24
28
39
32
28
27
28
39
41
35
30
28
31
23
27
36
40
36
42
38
38
43
35
48
51
62
67
47
65
72
85
75
117
100
133
128
163
189
257
331
341
474
591
714
836
982
1128
1154
1272
1350
1421
1409
1388
1416
1361
1331
1419
1448
1397
1373
1301
1374
1342
1294
1199
1229
1091
923
756
653
513
415
299
217
157
126
111
65
69
69
59
54
44
32
40
40
37
34
37
38
32
37
30
40
31
31
31
33
32
29
33
36
35
31
24
33
28
28
31
31
38
43
31
33
38
27
29
36
35
32
25
25
24
30
28
29
24
32
26
23
29
29
30
26
32
30
21
24
23
30
27
23
30
28
31
36
25
24
28
28
24
25
30
32
22
32
37
25
33
23
17
23
21
34
29
29
22
28
24
21
27
26
33
23
22
27
21
20
21
37
23
21
28
24
30
22
30
25
19
26
24
23
39
23
32
35
18
26
24
23
30
25
25
26
18
32
32
26
24
26
27
26
22
18
19
20
30
21
21
25
21
22
22
25
34
18
29
22
21
21
23
25
29
31
26
31
23
29
23
28
24
26
27
25
21
23
26
29
21
21
28
20
27
23
26
16
29
23
32
24
27
29
27
25
31
22
18
21
30
21
19
31
31
22
23
21
22
23
24
23
30
29
31
25
26
16
20
22
28
18
14
20
26
22
16
23
20
28
20
26
30
34
28
24
24
24
25
20
20
25
19
20
24
23
22
18
25
28
16
24
23
30
17
17
32
31
26
26
25
25
21
23
27
28
28
26
17
18
25
24
21
14
24
25
21
24
22
16
28
16
25
23
25
26
21
20
11
18
20
16
25
22
20
17
15
21
21
23
22
21
21
22
15
19
29
16
19
17
24
25
22
18
17
25
21
25
14
14
13
22
26
26
17
24
34
19
15
21
24
15
22
18
22
20
29
18
24
25
16
20
14
18
20
20
20
25
27
17
21
17
21
23
22
24
23
16
18
23
22
21
27
19
18
14
26
18
22
16
23
14
20
17
21
15
12
21
19
22
18
17
27
13
19
20
18
18
14
23
16
24
19
19
15
20
28
14
24
17
20
21
15
16
19
20
16
14
24
18
12
20
19
21
15
21
17
15
23
14
23
20
27
20
19
30
14
16
15
16
21
21
25
20
22
18
19
14
19
19
15
17
27
18
17
15
21
24
22
25
23
13
25
20
23
13
23
19
24
22
23
22
19
23
20
28
21
20
20
18
17
27
23
28
28
23
16
23
21
19
17
22
24
31
28
20
22
15
23
21
12
21
17
28
14
18
22
22
30
17
20
12
14
17
16
13
13
24
16
12
14
16
16
20
20
18
19
21
16
12
22
26
24
25
21
23
11
18
18
13
12
17
18
23
23
15
20
21
26
22
14
21
17
18
25
26
20
25
24
25
21
10
16
22
25
10
14
21
12
17
17
17
21
19
21
22
11
19
23
10
18
19
15
11
15
14
22
14
30
16
23
16
20
15
9
30
16
18
20
24
22
18
21
22
22
13
19
17
23
10
16
16
20
19
20
25
12
21
13
24
23
18
19
15
16
13
18
21
18
20
16
16
16
16
21
21
15
17
21
16
23
23
19
26
17
25
12
14
21
23
12
24
18
14
22
17
17
17
18
17
13
16
16
20
16
14
22
16
20
19
25
16
21
21
17
23
25
23
21
20
14
17
17
22
24
18
19
25
10
15
14
18
18
14
20
14
26
21
23
23
13
20
19
27
17
17
19
17
24
24
19
22
14
30
17
22
16
20
14
17
17
18
22
19
25
17
18
29
16
26
22
16
24
26
20
23
20
17
19
18
19
25
18
20
25
14
18
26
18
27
16
14
19
12
20
14
21
13
24
17
23
18
17
16
20
20
25
14
14
14
20
16
18
28
14
19
17
16
18
16
18
13
22
16
16
19
16
16
19
24
17
14
18
11
11
15
18
14
17
17
15
21
15
15
15
13
15
21
20
15
19
14
14
11
21
19
12
18
20
19
15
21
21
10
18
19
22
25
19
22
11
24
17
7
20
19
19
24
21
12
20
17
12
22
11
20
17
15
16
21
16
9
21
19
9
13
16
17
15
22
16
18
20
13
17
15
18
15
7
21
18
9
18
13
8
23
14
18
19
12
11
8
12
14
14
14
12
8
15
12
9
7
7
15
12
10
11
12
11
9
11
14
7
11
17
13
4
9
14
15
11
12
5
8
10
8
6
7
10
13
15
7
4
10
9
10
15
12
8
12
5
6
10
9
9
6
8
7
7
5
8
13
12
8
8
7
10
10
11
8
8
6
7
5
9
11
11
10
8
10
6
8
6
12
7
4
14
3
2
14
7
5
11
7
4
7
7
9
10
12
3
8
12
5
7
5
11
7
7
8
9
3
8
5
4
5
4
7
7
6
4
3
5
8
7
5
9
7
5
8
5
4
2
9
7
3
9
2
6
1
4
10
4
4
4
6
6
5
5
3
7
5
4
3
4
3
2
3
3
5
2
7
5
4
5
4
0
5
5
5
6
6
2
5
3
3
4
7
5
6
3
5
5
5
3
6
2
5
2
2
1
4
2
6
2
6
2
2
3
5
4
4
4
1
1
1
6
6
4
3
4
2
6
5
0
1
1
5
1
4
2
3
1
1
5
3
3
3
2
3
3
3
3
0
3
3
5
4
6
1
2
4
6
5
3
1
2
5
2
5
2
2
3
4
3
2
3
3
0
3
3
3
5
4
2
2
4
6
6
3
2
4
6
1
3
2
5
1
2
5
1
4
2
2
2
2
6
3
6
1
1
2
3
2
2
4
5
5
3
4
2
4
3
3
3
3
2
3
1
1
4
5
2
2
5
3
3
3
2
3
1
3
1
6
3
5
1
2
3
7
4
2
1
3
3
4
2
4
3
4
1
0
1
4
3
1
5
4
5
2
2
4
2
1
2
1
2
4
0
1
9
0
3
3
2
3
5
3
1
6
7
0
4
4
4
0
3
2
3
1
1
5
3
1
6
5
4
5
3
3
5
4
7
7
9
4
6
9
9
9
10
8
9
6
6
14
13
16
19
18
17
20
27
25
25
30
35
39
42
44
34
55
70
72
46
69
75
76
88
67
85
75
89
75
90
82
78
71
80
84
68
86
55
65
59
52
44
40
43
37
36
34
34
24
14
20
20
15
12
5
7
6
3
0
3
2
5
1
1
0
1
1
2
2
3
1
1
2
0
0
2
1
0
1
1
1
1
0
4
0
0
0
0
2
3
1
0
2
2
0
1
3
2
1
0
0
1
0
1
0
2
0
1
4
2
0
3
3
0
1
2
0
1
3
0
1
2
0
0
2
0
1
1
0
2
1
0
1
3
0
0
0
0
0
2
0
1
0
2
0
3
2
1
2
2
0
1
0
0
1
0
0
1
1
4
0
0
1
1
1
0
0
0
1
1
0
0
2
1
0
1
1
0
0
0
0
0
0
0
0
0
1
0
1
0
3
0
1
1
1
0
1
2
0
1
0
0
0
1
2
0
0
1
2
0
2
0
1
1
0
3
0
2
0
0
0
1
0
0
0
1
1
2
0
1
0
1
1
0
1
1
1
1
0
0
2
2
1
2
1
1
0
1
0
0
1
1
1
1
1
0
0
0
1
0
0
1
0
1
1
0
0
0
3
0
0
0
0
0
1
0
1
0
1
1
1
2
0
1
0
0
2
0
0
1
1
0
0
0
0
1
1
1
0
0
0
0
1
1
0
0
0
0
0
0
0
2
0
0
1
0
0
0
0
0
0
0
0
0
0
2
0
1
1
0
1
0
4
1
0
0
0
0
1
0
0
0
0
1
0
1
0
2
0
0
0
1
1
2
0
0
0
0
0
0
1
0
0
1
1
0
1
2
0
1
0
0
0
0
0
1
1
0
1
0
0
0
0
0
1
0
0
1
0
2
2
0
0
1
0
0
0
1
0
0
0
0
1
0
0
0
0
0
0
0
1
0
2
0
2
0
0
1
0
0
1
0
1
1
0
0
0
0
0
0
0
0
0
0
0
0
0
1
1
1
1
2
1
0
0
1
1
0
0
0
0
0
0
0
0
0
0
0
0
0
1
0
0
0
0
0
0
0
0
1
1
0
1
0
0
0
1
0
0
0
0
0
0
0
0
0
0
0
1
0
0
0
0
1
0
0
1
0
2
0
0
0
0
0
0
1
0
0
1
0
0
0
0
0
0
1
0
3
1
2
1
1
0
0
1
0
0
0
1
0
0
0
0
0
0
0
0
0
2
0
0
0
0
1
1
0
0
1
1
0
3
1
1
0
0
1
1
0
1
2
1
1
1
0
1
0
0
0
1
0
1
0
0
0
0
0
0
1
0
0
2
0
1
0
1
0
0
0
0
1
0
0
2
1
0
1
0
1
0
0
0
0
0
1
0
0
1
0
1
0
0
0
2
1
0
0
0
1
0
0
0
0
1
0
0
0
0
0
1
0
1
0
2
0
1
0
2
0
0
0
0
0
0
1
1
0
0
0
0
0
0
0
0
0
0
1
1
1
0
0
1
1
1
0
0
0
1
1
1
1
1
1
1
0
0
1
0
0
1
0
0
0
0
0
0
0
2
0
0
0
0
0
0
1
0
1
0
0
0
0
0
1
0
0
0
2
0
0
0
0
1
0
0
1
1
0
0
0
2
0
0
0
0
2
2
0
0
1
1
0
2
0
0
1
0
0
0
0
1
0
0
2
0
1
0
0
0
0
0
0
0
0
1
0
0
0
0
0
0
0
0
0
1
0
1
1
1
2
0
0
1
0
1
0
0
0
0
0
0
0
0
0
0
1
1
0
1
0
0
0
0
0
0
0
1
0
0
0
0
2
2
0
0
0
0
1
0
0
0
1
0
0
0
1
0
1
1
0
0
2
0
0
0
0
0
2
1
0
0
0
0
0
0
2
0
0
0
1
0
0
0
0
1
0
0
1
0
0
0
1
0
0
0
1
1
2
0
0
0
0
0
0
1
0
2
0
0
0
0
0
0
0
1
0
0
0
0
0
0
0
0
0
0
0
0
0
1
0
1
0
0
0
1
1
0
0
0
0
1
0
0
0
0
0
0
0
0
0
2
0
0
0
0
0
0
0
0
0
1
0
0
1
0
0
0
0
0
0
1
0
0
0
1
0
0
0
0
0
0
0
0
0
0
0
0
0
0
0
0
0
1
0
0
0
0
0
0
0
1
0
0
0
0
0
0
0
0
0
0
0
0
0
0
1
0
0
0
0
0
0
0
1
0
0
0
0
0
0
0
1
1
0
0
2
0
0
0
2
0
0
0
0
0
0
0
0
0
0
0
0
0
0
0
0
0
0
0
0
0
1
0
0
0
0
0
0
0
0
0
0
0
0
0
0
0
0
0
0
0
0
1
0
1
2
0
0
0
0
0
1
0
0
1
0
0
0
0
0
1
0
0
0
0
0
0
0
0
0
1
0
0
0
1
1
0
1
0
0
0
0
0
1
0
0
0
0
0
0
0
0
0
0
0
0
1
0
0
0
0
0
0
0
0
2
0
0
0
0
1
0
0
0
0
0
1
1
0
2
0
0
0
0
0
0
0
0
0
1
1
1
0
0
0
1
0
0
0
0
0
1
0
0
0
0
0
0
0
0
0
0
0
0
1
0
0
0
1
0
0
0
0
0
0
1
0
1
0
0
0
0
0
1
0
0
0
1
1
0
0
0
0
1
0
0
0
0
1
0
0
0
0
0
0
0
1
0
0
1
0
0
0
1
0
0
0
0
1
0
2
0
1
0
0
0
0
0
0
0
0
1
0
0
0
0
1
0
0
0
0
0
0
0
1
0
2
0
0
0
0
0
0
1
1
0
0
0
0
0
1
0
0
0
0
1
1
0
1
0
0
0
0
0
0
1
0
0
0
0
0
0
0
2
1
0
1
0
0
0
0
0
0
0
0
0
0
0
0
0
1
1
0
0
0
0
1
0
0
1
1
0
0
0
0
2
0
0
0
2
0
1
0
0
0
1
0
0
0
0
0
0
0
1
0
0
0
0
0
1
0
0
0
0
1
0
0
0
1
0
0
1
0
0
0
1
0
0
0
0
2
0
0
0
0
0
0
0
0
0
0
0
0
0
0
0
0
0
0
0
0
1
0
0
0
0
0
0
0
0
0
0
0
0
0
0
0
0
0
0
0
0
1
0
0
0
1
0
0
0
0
0
0
0
0
1
0
0
0
0
0
0
1
0
0
0
0
0
0
0
0
0
0
1
1
0
0
0
1
0
0
0
0
1
1
0
1
0
0
0
0
0
0
0
0
0
0
1
2
0
1
1
0
1
0
0
0
0
0
0
0
0
0
0
0
0
0
1
0
0
0
0
1
0
0
0
0
0
0
0
0
0
0
1
0
0
0
0
0
0
0
0
2
0
0
0
0
0
0
1
0
0
0
1
0
0
0
1
0
0
0
0
0
0
0
0
0
0
0
0
0
0
0
0
0
1
0
0
0
0
2
0
0
0
0
0
0
0
0
0
0
0
0
0
0
0
0
0
0
0
0
0
3
0
0
0
0
0
0
0
1
0
0
0
0
0
0
0
0
0
0
1
0
0
0
0
0
0
0
0
0
0
0
0
1
0
0
0
0
0
0
1
0
0
0
0
0
0
1
0
0
0
0
0
1
0
0
0
0
1
0
0
0
0
0
0
0
0
1
0
0
0
0
0
0
1
0
0
0
0
0
0
0
0
0
0
0
0
0
0
0
0
0
0
0
0
0
0
0
1
0
0
0
0
0
0
1
0
0
0
1
0
0
0
0
0
0
0
1
0
0
0
0
0
0
0
0
0
0
1
0
0
0
0
0
0
0
0
1
0
0
0
0
0
0
0
0
0
0
0
0
1
0
0
0
0
1
0
0
0
0
0
0
0
0
0
0
0
0
0
0
0
0
1
0
0
0
1
0
0
0
0
0
0
1
0
0
0
0
0
0
0
0
0
1
0
1
0
0
0
0
0
0
0
0
0
0
0
0
0
0
0
0
0
0
1
0
1
0
1
0
1
0
0
0
0
0
0
0
0
1
1
0
0
0
1
0
0
0
0
0
0
1
0
0
0
0
0
0
0
0
0
0
0
1
0
0
0
0
0
0
0
0
0
0
0
0
0
0
0
0
0
0
0
0
0
0
0
0
0
0
0
0
0
0
0
0
0
0
0
0
0
0
0
0
0
0
0
0
0
0
0
0
0
0
0
0
0
0
0
0
0
0
0
0
0
0
0
0
0
0
0
0
0
0
0
0
0
0
0
0
0
0
0
0
0
0
0
0
0
1
0
0
0
0
0
0
0
0
0
0
1
0
0
0
0
0
0
0
0
0
0
0
0
0
0
0
0
0
0
1
0
0
0
0
0
0
0
0
0
0
0
0
0
0
0
0
0
0
0
0
0
0
0
0
0
0
0
0
0
0
0
0
0
0
0
0
1
0
0
0
0
0
0
0
0
0
0
1
0
0
0
0
0
0
0
0
1
0
0
0
0
0
0
0
0
0
0
0
0
0
0
0
0
0
0
0
0
0
1
1
0
0
0
0
0
0
0
0
0
0
0
0
0
0
0
1
0
0
0
0
1
1
0
0
0
0
0
1
0
0
0
0
0
0
0
0
0
0
0
0
0
0
0
1
0
0
1
0
0
0
0
0
0
0
0
0
0
0
0
0
0
0
0
0
0
0
0
0
0
0
0
1
0
0
0
1
0
0
0
0
0
0
0
0
0
0
0
0
0
0
0
0
0
0
0
0
0
0
0
0
0
0
0
0
0
0
0
1
0
0
0
0
0
0
0
0
0
0
0
0
0
0
0
0
0
0
0
0
0
0
0
0
0
2
0
0
0
0
0
1
0
0
0
0
0
0
1
1
0
0
1
0
0
0
0
0
1
1
0
2
1
1
0
0
0
0
0
0
0
0
1
0
0
1
0
0
0
1
0
0
0
0
1
0
0
1
0
0
0
3
1
1
0
0
0
0
0
0
0
0
0
0
0
0
0
0
0
0
0
0
0
0
0
0
1
0
0
0
0
0
0
0
0
0
0
0
0
0
0
0
0
0
0
0
0
0
0
0
0
0
0
1
0
0
0
0
0
0
0
0
0
0
0
0
0
0
0
0
0
0
0
0
0
0
0
0
0
0
0
0
0
0
0
0
0
0
0
0
0
0
0
0
0
0
0
0
0
0
0
0
0
0
0
0
0
0
0
0
0
0
0
0
0
0
0
0
0
0
0
0
0
0
0
0
0
0
0
0
0
0
0
0
0
0
0
0
0
0
0
0
0
0
0
0
0
0
0
0
0
0
0
0
0
0
0
0
0
0
0
0
0
0
0
0
0
0
0
0
0
0
0
0
0
0
0
0
0
0
0
0
0
0
0
0
0
0
0
0
0
0
0
0
0
0
0
0
0
0
0
0
0
0
0
0
0
0
0
0
0
0
0
0
0
0
1
1
0
0
0
0
0
0
1
0
0
0
0
0
0
0
0
0
0
0
0
0
0
0
0
0
0
0
0
0
0
0
0
0
0
0
0
0
0
0
0
0
0
0
0
0
0
0
0
0
0
0
0
0
0
0
0
0
0
0
0
0
0
0
0
0
0
0
0
0
0
0
0
0
0
0
0
0
0
0
0
0
0
0
0
0
0
0
0
0
0
0
0
0
0
0
0
0
0
0
0
0
0
0
0
1
0
0
0
0
0
0
0
0
0
0
0
0
0
0
0
0
0
0
0
0
0
0
0
0
0
0
0
0
0
0
0
0
1
0
0
0
0
0
0
0
0
0
0
0
0
0
0
0
0
0
0
0
0
0
0
0
0
0
0
0
0
0
0
0
0
0
0
0
0
0
0
0
0
0
0
0
0
0
0
0
0
0
0
0
0
0
0
0
0
0
0
0
0
0
0
0
1
0
0
0
0
0
0
0
0
0
0
0
0
0
0
0
0
0
0
0
0
0
0
0
0
0
0
0
0
0
0
0
0
0
0
0
0
1
0
0
0
0
0
0
0
0
0
0
0
0
0
0
1
0
0
0
0
0
0
0
0
0
0
0
0
0
0
0
0
1
0
0
0
0
0
0
0
0
0
0
0
0
0
0
0
0
0
0
0
0
0
0
1
0
0
0
0
0
0
0
0
0
0
0
0
0
0
0
0
0
0
0
0
0
0
0
0
0
0
0
0
0
0
0
0
0
0
0
0
0
0
0
0
0
0
0
0
0
0
0
0
0
0
0
0
0
0
0
0
0
0
0
0
0
0
0
0
0
0
0
0
0
0
0
0
0
0
0
0
0
0
0
0
0
0
0
0
0
0
0
0
0
0
0
0
0
0
0
0
0
0
0
0
0
0
0
0
0
0
0
0
0
0
0
0
0
0
0
0
0
0
0
0
0
0
0
0
0
0
0
0
0
0
0
0
0
0
0
0
0
0
0
0
0
0
0
0
0
0
0
0
0
0
0
0
0
0
0
0
0
0
0
0
0
0
0
0
0
0
0
0
0
0
0
0
0
0
0
0
0
0
0
0
0
0
0
0
0
0
0
0
0
0
0
0
0
0
0
0
0
0
0
0
0
0
0
0
0
0
0
0
0
0
0
0
0
0
0
0
0
0
0
0
0
0
0
0
0
0
0
0
0
0
0
0
0
0
0
0
0
0
0
0
0
0
0
0
0
0
0
0
0
0
0
0
0
0
0
0
0
0
0
1
0
0
0
0
0
0
0
0
0
0
0
0
0
0
0
0
0
0
0
0
0
0
0
0
0
0
0
0
0
0
0
0
0
0
0
0
0
0
0
0
0
0
0
0
0
0
0
0
0
0
0
0
0
0
0
0
0
0
0
0
0
0
0
0
0
0
0
0
0
0
0
0
0
0
0
0
0
0
0
0
0
0
0
0
0
0
0
0
0
0
0
0
0
0
0
0
0
0
0
0
0
0
0
1
0
0
0
0
0
0
0
0
0
0
0
0
0
0
0
0
0
0
0
0
0
0
0
0
0
0
0
0
0
0
0
0
0
0
0
0
0
0
0
0
0
0
0
0
0
0
0
0
0
0
0
0
1
0
0
0
0
0
0
0
0
0
0
0
0
0
0
0
0
0
0
0
0
0
0
0
0
0
0
0
0
0
0
0
0
0
0
0
0
0
0
0
0
0
0
0
0
0
0
0
0
0
0
0
0
0
0
0
0
0
0
0
0
0
0
0
0
0
0
0
0
0
0
0
0
0
0
0
0
0
0
0
0
0
0
0
0
0
0
0
0
0
0
0
0
0
0
0
0
0
0
0
0
0
0
0
0
0
0
0
0
0
0
0
0
0
0
0
0
0
0
0
0
0
0
0
0
0
0
0
0
0
0
0
0
0
0
0
0
0
0
0
0
0
0
0
0
0
0
0
0
0
0
0
0
0
0
0
0
0
0
0
0
0
0
0
0
0
0
0
0
0
0
0
0
0
0
0
0
0
0
0
0
0
0
0
0
0
0
0
0
0
0
0
0
0
0
0
0
0
0
0
0
0
0
0
0
0
0
0
0
0
0
0
0
0
0
0
0
0
0
0
0
0
0
0
0
0
0
0
0
0
0
0
0
0
0
0
0
0
0
0
0
0
0
0
0
0
0
0
0
0
0
0
0
0
0
0
0
0
0
0
0
0
0
0
0
0
0
0
0
0
0
0
0
0
0
0
0
0
0
0
0
0
0
0
0
0
0
0
0
0
0
0
0
0
0
0
0
0
0
0
0
0
0
0
0
0
0
0
0
0
0
0
0
0
0
0
0
0
0
0
0
0
0
0
0
0
0
0
0
0
0
0
0
0
0
0
0
0
0
0
0
0
0
0
0
0
0
0
0
0
0
0
0
0
0
0
0
0
0
0
0
0
0
0
0
0
0
0
0
0
0
0
0
0
0
0
0
0
0
0
0
0
0
0
0
0
0
0
0
0
0
0
0
0
0
0
0
0
0
0
0
0
0
0
0
0
0
0
0
0
0
0
0
0
0
0
0
0
0
0
0
0
0
0
0
0
0
0
1
0
1
3
1
0
0
1
2
0
0
0
1
0
0
0
0
0
0
2
0
0
0
0
0
1
0
2
0
0
1
0
0
1
0
0
0
0
0
0
1
0
0
1
0
0
1
1
1
1
2
0
0
1
1
2
1
2
1
1
2
0
0
1
0
0
0
1
0
0
0
0
1
2
2
1
1
0
1
0
1
1
0
0
1
0
1
0
3
1
1
0
2
2
1
1
0
0
1
1
0
0
2
1
2
1
1
0
0
0
0
0
0
0
0
0
2
0
0
0
0
0
0
1
0
1
0
0
