0
0
0
0
0
0
0
0
0
0
0
0
0
0
1
0
0
0
2
0
3
1
4
6
7
12
10
7
12
8
12
12
19
10
17
14
13
8
9
15
13
8
14
7
11
9
14
10
9
10
9
15
5
8
6
12
12
5
6
13
11
19
13
27
26
40
42
55
65
79
85
105
151
155
208
280
360
406
446
428
463
503
490
494
486
538
529
560
543
606
540
646
666
759
729
717
766
755
633
652
651
638
615
592
519
545
561
544
537
510
508
481
511
536
491
516
484
497
467
475
492
537
510
506
483
517
499
520
507
471
525
512
463
520
514
517
508
469
497
542
471
506
468
524
466
517
525
524
527
531
526
499
513
540
496
521
512
488
468
437
466
537
509
492
528
497
519
493
505
498
534
464
497
487
539
528
507
471
493
467
514
494
546
458
500
522
537
503
501
503
456
529
486
489
522
466
516
506
491
511
533
472
488
480
523
493
486
482
521
508
507
526
508
490
475
432
472
511
472
474
499
519
498
468
506
479
453
498
562
483
504
487
526
464
480
520
502
510
487
516
544
488
482
470
493
489
473
449
504
507
499
496
530
510
485
512
504
562
505
496
514
490
494
517
489
531
497
477
448
521
542
475
500
508
492
455
493
472
463
489
482
471
481
442
493
476
491
479
472
493
474
454
511
494
455
495
490
481
486
539
451
483
484
485
496
460
479
490
500
460
449
473
480
492
508
515
505
463
444
476
486
536
486
443
519
482
495
547
460
529
475
436
509
468
463
489
484
542
521
500
496
484
476
492
444
523
511
476
516
486
479
500
482
479
475
491
470
489
477
476
478
509
507
484
508
521
499
488
498
523
523
515
491
559
536
524
584
534
562
513
531
568
533
562
567
528
535
548
575
537
583
542
544
582
574
548
545
643
561
559
545
630
566
511
573
566
594
566
573
532
554
555
572
564
579
607
535
549
588
582
558
558
572
554
544
591
585
518
564
566
528
552
617
563
532
577
543
572
549
609
532
528
601
580
575
585
599
561
529
563
611
524
562
561
563
547
616
537
571
564
548
582
542
528
533
532
538
555
509
525
564
552
589
591
584
543
506
531
515
567
545
520
526
555
573
560
577
546
527
590
570
584
551
588
548
525
562
560
547
548
544
529
562
561
549
532
553
558
536
527
549
537
526
601
560
544
571
550
611
555
536
574
587
523
538
491
551
563
538
548
524
545
563
555
577
546
541
544
513
503
526
525
605
559
542
504
499
514
501
530
538
542
616
551
562
534
529
540
515
565
535
551
531
550
547
577
535
531
518
533
529
532
508
547
503
562
513
561
568
548
557
533
554
520
556
545
548
591
522
551
539
540
500
613
511
565
540
575
601
523
511
538
532
515
541
506
524
549
566
557
520
552
569
532
553
571
509
555
568
532
532
545
543
547
580
552
576
537
575
519
539
557
549
582
523
558
512
543
573
554
591
539
568
510
563
541
554
534
550
533
557
561
623
556
543
540
592
554
597
525
589
544
520
557
582
628
545
606
536
545
524
599
510
618
589
571
591
548
585
512
576
572
578
541
577
535
592
597
559
606
538
619
621
573
587
588
550
570
632
578
592
542
610
583
592
547
612
557
595
612
616
559
619
627
613
616
620
594
603
594
596
623
562
623
604
599
605
603
629
575
621
635
639
638
608
609
579
665
608
586
648
642
608
605
643
640
651
654
634
639
635
654
615
670
658
611
662
634
640
683
634
685
683
725
665
695
705
662
673
702
663
650
690
665
692
684
697
682
697
642
692
703
742
657
629
667
666
739
730
741
683
720
679
641
729
720
669
698
709
753
727
715
737
741
676
736
663
673
724
685
650
628
665
691
631
666
600
584
566
621
553
556
544
516
477
494
519
460
478
448
430
468
434
469
452
439
391
404
411
416
429
392
423
398
400
421
376
408
407
419
368
369
390
366
380
362
345
342
377
370
360
369
358
380
375
357
335
356
347
333
347
393
339
314
324
322
340
286
384
342
321
315
330
324
333
332
320
292
272
305
356
316
298
313
327
327
283
340
310
309
312
313
281
282
273
314
285
285
307
280
277
316
298
316
265
281
292
292
308
282
271
263
283
272
255
256
263
272
272
258
262
251
268
250
282
261
266
246
251
243
239
261
270
250
258
228
236
240
257
237
244
230
232
217
231
253
227
253
224
204
244
236
259
234
214
204
206
217
206
231
207
227
209
191
225
230
218
206
211
219
198
212
202
177
204
209
193
195
210
209
196
181
176
190
189
189
173
187
193
154
183
147
190
175
174
168
175
172
164
171
164
185
161
169
174
180
162
175
194
147
181
181
184
159
181
176
177
186
177
187
180
175
167
168
161
181
165
169
151
176
177
170
169
153
176
169
184
178
178
170
148
178
160
180
134
153
163
163
138
168
146
155
172
208
163
172
124
165
174
189
167
159
169
179
152
171
146
160
166
154
148
180
180
139
171
189
155
152
157
152
161
156
149
181
173
128
166
167
195
156
163
152
160
170
165
141
141
159
166
131
152
156
160
164
156
145
153
147
163
161
140
174
157
159
153
142
164
153
153
149
164
181
148
167
146
149
151
143
153
169
139
173
173
152
118
149
152
155
160
160
145
142
154
136
149
153
151
166
159
143
153
154
136
147
109
133
140
141
152
151
144
166
146
141
132
140
146
140
148
146
173
149
132
152
137
159
165
149
142
134
137
132
152
178
134
152
126
143
160
141
135
149
155
135
146
157
160
131
122
141
146
128
162
155
115
129
159
158
134
141
144
146
168
160
140
166
152
162
132
140
147
155
156
163
161
168
184
187
214
198
227
272
348
398
518
739
949
1326
1864
2577
3407
4685
5945
7345
8875
10233
11175
12266
12608
12315
12120
11625
10323
9077
7749
6171
4681
3688
2799
2000
1491
1152
820
650
501
438
374
315
254
244
203
200
169
157
162
148
141
135
101
107
111
117
109
114
117
101
103
112
98
92
102
110
96
111
107
97
123
119
106
107
109
93
91
87
104
109
114
94
96
99
88
103
99
111
105
95
91
103
92
101
98
100
102
87
88
105
106
121
79
110
84
117
92
80
85
89
88
103
92
98
84
112
109
99
99
73
100
90
91
104
82
102
80
93
71
100
90
84
86
82
77
77
90
87
85
81
99
93
100
97
93
72
86
109
101
86
108
86
100
79
90
90
89
110
98
99
85
80
112
87
99
87
106
88
102
86
92
93
102
95
89
100
100
95
96
92
94
97
100
98
103
94
111
96
98
91
96
91
97
110
80
85
92
85
95
89
105
86
84
97
97
68
81
89
105
81
78
79
87
95
83
76
83
100
76
104
68
95
72
90
78
102
82
77
81
95
96
63
67
82
89
73
90
75
72
91
68
91
72
94
81
62
80
81
76
90
80
79
82
72
85
104
59
84
89
82
93
98
85
85
68
89
84
92
81
81
80
81
93
98
91
84
82
67
71
94
74
91
83
80
84
81
61
73
84
65
83
77
78
89
72
66
76
68
70
76
75
65
64
78
75
72
77
73
68
90
83
77
98
77
84
91
75
78
81
86
83
73
81
74
84
85
88
84
84
81
82
65
78
68
63
74
76
84
88
79
79
91
80
72
83
81
72
86
79
84
94
69
90
71
82
96
88
81
86
67
67
61
104
69
85
64
82
82
75
68
67
104
64
70
87
73
86
86
71
80
92
87
85
78
89
79
78
77
72
77
70
74
71
75
91
90
85
71
101
63
64
73
74
75
68
84
93
67
84
80
88
61
67
63
81
65
80
72
64
79
85
77
89
99
78
85
79
69
83
84
82
99
85
68
75
91
92
67
71
79
79
81
77
71
75
78
93
71
73
82
92
82
79
70
84
89
87
88
85
85
73
71
80
86
83
93
89
84
84
84
67
75
71
99
88
97
78
89
99
79
80
82
80
93
80
101
74
75
82
91
99
80
76
78
65
79
86
85
90
83
89
83
90
67
85
104
76
81
65
75
86
79
83
87
55
89
71
80
74
75
76
83
75
100
81
79
81
75
80
77
78
83
79
77
75
87
70
86
69
88
94
91
74
89
68
82
79
94
72
76
97
77
98
77
94
74
66
80
85
95
76
74
94
80
70
81
82
72
75
79
74
85
68
84
68
76
72
66
84
107
74
95
90
90
95
78
71
98
82
79
72
85
74
86
95
95
88
102
87
81
71
75
89
74
86
80
69
93
87
84
87
79
78
72
83
64
84
77
81
74
76
85
78
78
69
77
83
79
76
86
66
76
94
78
101
92
80
74
76
88
70
90
79
70
83
82
80
97
89
62
79
70
95
75
90
62
72
84
102
68
92
86
80
83
80
83
78
91
80
68
88
85
87
89
84
84
88
79
104
85
94
81
93
80
69
87
87
92
97
83
81
75
80
102
88
81
84
96
83
82
76
87
93
74
82
72
64
89
96
86
77
94
80
64
83
85
85
86
84
85
79
76
82
73
76
87
78
80
84
94
88
78
81
73
84
63
84
97
81
92
83
83
79
88
94
70
85
80
88
69
79
80
75
86
82
71
73
76
85
82
89
76
71
75
87
99
99
104
90
95
85
98
81
71
91
71
98
102
93
86
74
93
88
92
85
90
100
92
80
93
81
84
94
97
62
93
81
65
95
89
73
92
81
87
98
76
88
69
82
89
92
64
66
92
76
89
90
96
87
91
72
89
74
78
90
88
85
111
93
81
82
96
74
70
93
92
80
93
78
77
78
78
89
87
92
84
71
87
89
98
92
69
82
86
83
96
91
96
93
80
81
98
92
81
84
102
98
88
84
90
94
82
79
76
91
104
89
77
103
77
89
91
87
95
110
94
99
92
102
94
86
108
91
101
85
81
93
92
79
111
78
102
93
84
114
101
112
86
93
87
100
93
108
108
101
94
82
71
87
87
92
99
100
94
80
92
90
91
97
94
88
87
86
102
102
101
106
90
93
87
92
105
85
83
86
83
92
84
76
96
80
68
78
88
106
107
99
96
95
92
77
94
99
94
96
84
75
85
101
98
101
91
81
100
86
94
108
91
96
100
95
122
95
91
87
80
80
103
87
101
95
87
105
90
90
103
94
101
90
101
105
85
93
104
96
92
93
106
88
97
81
88
108
77
95
98
90
109
84
90
88
102
77
86
109
85
99
87
91
92
110
73
102
95
83
86
102
82
96
108
105
99
90
81
76
99
114
87
112
108
124
97
107
92
98
74
105
103
102
95
111
112
98
94
92
116
118
102
102
101
96
91
93
113
122
102
89
94
97
112
100
121
108
99
101
108
106
109
105
103
111
100
104
78
95
94
109
103
105
90
111
107
119
106
104
87
94
136
101
94
101
102
84
102
103
106
107
109
110
101
125
122
101
104
104
100
98
107
95
113
91
113
116
111
102
117
97
111
110
98
112
105
101
108
114
117
105
122
109
103
111
103
120
110
104
100
106
105
110
118
101
113
142
109
109
119
113
90
107
119
114
100
106
102
110
101
124
87
124
112
124
112
129
109
121
118
112
112
132
106
107
121
106
116
108
148
110
111
115
117
110
125
115
106
114
101
106
108
128
111
120
108
127
119
109
116
125
121
117
119
98
115
113
117
107
117
102
107
124
111
137
110
116
114
122
135
122
118
113
124
105
119
108
130
111
125
127
122
106
128
125
124
111
105
110
123
131
122
124
110
118
110
100
114
133
115
119
111
128
140
125
130
133
125
113
140
128
157
135
115
126
136
129
143
121
103
137
126
141
164
117
132
120
144
123
131
124
101
134
152
124
147
118
113
141
106
125
133
152
141
123
150
148
139
121
124
130
139
128
139
131
139
149
119
144
137
148
124
141
140
155
128
123
115
154
131
127
129
133
138
154
159
133
152
169
137
123
141
141
141
127
138
130
128
142
136
142
164
146
147
147
175
167
157
128
174
136
148
157
149
150
160
138
162
127
154
158
156
152
140
155
148
144
147
146
154
135
167
168
144
173
145
133
152
159
159
166
165
144
145
143
142
143
154
179
155
163
156
165
136
172
144
171
168
168
139
159
155
143
170
162
160
144
161
156
154
185
153
169
156
142
167
177
161
159
149
144
163
135
147
160
165
157
168
166
153
146
124
127
116
142
140
141
142
128
128
131
126
124
98
103
130
115
111
103
126
109
134
118
104
113
100
93
93
122
114
106
112
108
106
115
99
103
100
89
96
103
105
100
118
105
124
102
83
105
114
96
114
97
97
114
83
69
97
118
88
94
95
94
93
91
93
75
75
94
88
80
74
78
83
83
85
92
90
78
79
105
66
80
96
82
85
100
86
91
91
71
91
87
93
80
87
83
83
98
85
67
97
89
80
77
99
70
82
80
92
79
68
74
97
91
68
76
98
74
78
69
79
76
79
64
77
79
75
90
72
80
81
79
85
77
60
80
83
78
82
83
84
89
75
78
67
73
65
85
76
81
81
68
78
56
72
70
85
73
88
71
65
63
82
63
54
72
73
61
80
69
61
63
64
63
64
70
66
69
57
57
65
72
65
76
69
60
55
58
66
78
51
71
70
60
61
57
60
70
73
60
57
56
58
48
63
57
72
71
59
54
54
51
50
50
52
57
46
58
64
56
64
61
48
71
47
50
50
58
61
42
52
65
57
46
51
51
71
45
53
39
65
57
51
49
41
63
42
55
58
42
48
44
41
47
51
44
41
45
44
51
52
45
49
35
49
39
39
40
45
33
49
46
40
42
50
42
53
40
38
44
41
46
39
36
41
48
36
32
37
38
35
42
38
44
46
36
49
44
35
35
47
31
37
47
35
42
37
41
39
36
33
33
26
28
34
35
41
28
32
38
32
36
37
45
36
39
30
28
37
31
37
32
32
36
27
34
44
30
33
36
36
28
32
26
31
28
29
38
40
40
36
38
24
33
30
35
34
40
33
30
31
34
31
48
28
24
29
34
26
42
32
37
32
37
30
36
29
30
35
26
17
42
28
29
32
32
34
35
24
27
40
26
36
27
31
36
30
26
28
33
24
40
35
18
36
32
32
33
46
26
32
31
29
33
30
30
34
23
33
26
33
26
29
35
30
28
33
32
32
26
28
37
27
35
38
33
31
25
30
26
32
16
22
33
31
27
29
28
42
40
26
29
30
33
29
38
45
28
33
30
37
27
26
28
30
31
35
30
25
25
23
31
33
30
24
31
32
32
32
30
34
34
28
31
40
28
42
25
31
35
41
37
26
30
31
29
35
28
41
32
26
32
42
25
32
32
26
28
26
32
35
33
35
17
38
40
33
28
32
38
36
41
43
41
44
70
58
72
96
90
96
116
158
161
185
203
280
327
466
516
672
789
959
1046
1217
1314
1326
1371
1376
1374
1390
1434
1473
1471
1427
1458
1459
1456
1420
1412
1271
1190
1099
1076
878
710
535
415
331
252
196
141
123
100
75
58
71
54
53
49
37
53
34
42
39
26
27
34
30
31
34
33
28
40
27
31
27
26
28
41
31
29
24
32
26
35
28
28
32
28
32
23
37
40
27
28
29
21
27
28
28
19
29
30
32
31
25
19
23
32
23
33
29
28
28
22
26
40
21
29
16
23
32
31
25
25
32
27
26
29
27
31
32
28
25
28
33
18
23
22
23
21
23
26
28
33
33
22
27
26
26
31
21
23
24
28
22
27
25
37
32
19
33
19
30
28
19
29
24
31
33
23
21
28
16
20
31
25
36
26
30
23
26
14
29
25
23
32
15
18
27
17
17
22
27
32
27
27
27
27
23
26
29
27
24
27
34
27
21
25
37
25
21
24
30
25
12
25
35
24
26
36
14
19
20
26
25
30
21
26
31
22
28
30
21
21
22
32
21
25
23
22
34
30
20
24
30
16
24
15
23
30
24
28
31
27
22
25
24
27
28
28
13
22
21
27
14
29
23
32
15
25
30
28
25
19
19
20
23
29
15
32
19
18
19
23
30
25
21
20
26
26
19
24
17
24
24
21
24
27
15
18
19
19
19
17
27
27
30
31
29
20
20
24
23
23
28
20
24
17
25
26
30
23
20
19
26
23
10
17
22
18
29
23
24
18
26
15
16
22
21
17
18
20
22
21
21
20
28
23
24
31
16
20
17
24
32
14
24
25
22
17
15
16
21
15
25
27
22
13
15
14
22
19
17
15
22
13
21
14
11
22
19
23
20
19
26
17
17
22
19
25
13
12
19
15
28
22
17
15
22
23
22
17
21
28
15
24
24
19
25
14
24
19
16
16
31
15
18
16
22
25
14
13
15
26
24
15
22
21
27
10
22
12
21
20
21
20
20
17
16
30
23
21
13
17
14
21
24
20
19
14
17
23
23
15
24
12
25
16
17
17
16
21
19
24
15
24
15
16
23
27
21
19
19
17
22
23
20
20
24
19
16
17
21
16
21
19
18
20
26
18
19
24
24
24
16
20
16
25
16
21
19
26
23
17
28
30
25
22
36
24
28
18
20
19
20
29
20
21
23
23
24
16
20
22
25
17
25
16
17
19
23
16
21
14
25
20
16
9
18
16
11
24
26
13
18
19
17
17
19
15
15
11
23
26
18
30
24
19
21
17
28
22
19
15
15
21
23
20
17
15
18
20
17
20
16
21
17
27
21
19
22
19
22
15
16
17
16
23
19
18
23
21
14
20
15
24
15
17
18
19
32
13
14
16
20
21
21
20
32
17
10
23
21
26
29
24
22
16
18
15
18
24
27
25
23
12
22
23
22
24
10
17
20
16
16
20
22
26
10
19
17
17
14
26
21
14
17
20
21
19
25
17
15
24
25
16
17
24
21
19
14
21
13
21
23
16
25
19
27
14
25
18
23
26
13
23
19
26
14
20
16
22
20
13
17
27
17
21
20
20
17
19
22
16
21
17
13
24
18
23
13
15
21
15
16
19
16
23
25
17
14
23
27
17
19
24
22
12
18
22
18
14
15
21
19
25
16
15
16
18
25
23
18
13
21
18
17
27
25
15
14
24
18
16
19
19
19
21
16
23
14
22
21
23
19
27
24
22
20
16
18
23
12
14
14
21
24
18
18
18
24
20
22
20
17
13
20
22
15
20
24
22
20
22
10
20
22
12
22
16
20
19
20
15
16
23
14
19
18
18
17
14
17
14
18
21
21
17
17
22
20
13
13
19
23
14
22
16
19
16
19
12
15
16
17
15
11
15
18
11
12
17
14
19
16
24
15
16
17
16
18
14
13
14
12
16
19
13
21
17
15
12
14
16
11
20
15
11
26
16
18
21
19
17
11
15
15
15
16
11
21
12
9
17
15
11
6
12
21
17
16
19
18
19
12
21
19
16
14
13
18
18
15
19
14
12
15
13
13
16
16
15
19
13
20
23
13
14
12
8
16
15
15
15
18
20
16
12
9
12
10
9
12
21
10
5
7
7
11
15
11
9
5
3
18
9
9
12
15
9
4
13
8
17
11
9
11
12
12
6
7
15
7
8
7
8
7
5
10
9
10
7
5
7
15
11
5
7
6
8
8
7
2
6
11
8
10
10
9
9
11
11
4
11
8
8
7
9
4
5
11
6
8
8
5
9
6
7
3
5
4
7
6
7
8
6
7
3
10
7
10
6
9
7
8
5
8
3
9
7
5
7
9
4
4
7
8
4
1
9
9
6
4
6
9
5
5
7
5
7
3
9
6
6
4
6
4
6
9
3
7
7
3
3
9
7
4
3
2
2
7
6
4
3
10
0
6
9
2
3
5
3
4
4
1
5
3
7
2
1
4
3
7
5
6
2
2
9
3
4
4
8
5
2
3
2
2
4
1
2
4
4
4
3
4
2
2
3
5
2
0
2
9
2
2
3
2
2
3
2
1
3
10
7
3
2
2
7
2
3
6
6
3
5
4
2
8
4
1
2
4
1
3
2
8
1
5
3
2
7
6
2
3
3
3
4
2
4
1
7
4
0
2
0
4
2
5
2
5
4
3
3
6
1
5
2
8
6
2
4
2
2
2
6
1
4
3
3
2
5
2
4
4
4
1
3
2
1
5
4
2
1
2
2
3
2
3
6
3
7
7
3
3
3
4
2
1
5
4
3
2
2
1
1
4
3
4
5
7
3
3
1
1
1
6
1
2
5
4
3
4
3
3
1
5
1
3
1
5
2
1
2
0
3
0
3
5
2
3
5
5
1
6
3
6
2
4
1
1
3
3
3
1
1
3
4
2
1
3
2
0
2
3
2
2
3
2
5
2
5
2
2
5
2
3
2
3
6
5
4
1
5
2
3
3
0
7
6
5
2
8
8
7
5
11
7
6
9
12
13
12
13
17
22
18
26
23
23
24
23
31
37
44
55
35
52
57
65
64
80
62
77
70
76
82
85
72
93
97
65
77
69
82
80
74
70
65
78
39
55
32
54
42
41
32
39
22
27
10
13
7
13
7
8
5
4
0
3
3
0
1
7
1
0
1
0
0
1
0
2
2
0
3
3
1
4
0
0
2
0
0
0
1
2
1
2
0
2
0
3
3
0
1
1
2
3
0
1
1
3
1
0
2
0
0
0
2
0
0
0
1
1
0
0
1
0
1
0
0
0
0
1
0
0
0
1
0
0
1
0
2
0
0
1
1
0
0
1
4
0
0
0
0
0
1
1
2
2
1
0
0
2
1
1
1
0
2
0
2
0
1
0
4
1
0
1
1
0
1
0
0
0
0
2
0
0
3
0
2
0
2
2
1
1
0
1
2
0
0
0
0
1
1
2
5
0
0
1
2
0
1
0
2
1
0
1
0
0
0
0
1
0
1
0
0
0
0
0
1
0
1
2
0
0
1
1
0
0
0
2
1
0
1
0
0
0
0
0
0
0
1
0
0
0
0
1
1
0
1
0
0
0
0
1
1
1
0
0
0
0
2
0
2
0
0
0
0
0
0
0
1
0
3
1
1
0
0
1
1
0
0
0
0
0
0
1
2
0
0
0
0
2
0
0
0
0
1
1
1
1
0
0
1
0
0
0
1
1
0
0
0
2
0
0
0
1
1
0
0
0
0
1
0
0
1
2
1
0
2
1
2
1
0
0
0
0
1
0
1
1
2
0
1
0
1
0
0
1
1
1
0
1
1
0
0
0
1
0
0
0
0
0
1
1
0
0
1
1
0
3
1
0
0
0
1
0
0
1
0
1
0
0
0
1
1
0
1
0
1
0
0
0
1
0
0
0
2
2
0
0
1
0
0
1
1
0
1
0
0
0
1
0
0
1
2
1
2
2
0
0
0
1
1
0
0
0
0
0
0
0
0
1
0
2
0
0
0
0
0
1
0
0
1
1
1
0
1
0
0
0
0
0
0
0
0
0
0
0
1
2
1
0
0
1
0
2
2
1
1
1
0
2
1
0
0
0
1
0
1
0
0
0
0
0
1
0
0
1
0
1
0
0
0
0
1
0
0
0
0
0
1
0
0
1
0
2
1
0
0
0
0
1
0
2
0
0
0
2
1
0
0
0
2
0
1
0
1
0
0
0
0
1
0
0
0
0
0
0
0
2
0
0
1
0
1
0
0
0
0
0
1
0
1
2
3
1
0
0
0
1
0
0
0
0
0
0
1
0
2
0
2
0
0
0
1
1
0
0
2
0
0
1
0
0
1
1
1
1
0
0
0
0
1
0
0
2
0
0
0
1
0
1
0
0
0
0
0
1
1
0
2
0
2
0
0
1
0
0
0
1
0
0
0
0
0
1
1
0
0
0
0
0
0
0
0
1
0
1
0
2
0
0
0
3
1
0
0
0
0
0
0
0
0
0
0
0
0
2
0
1
0
1
0
0
0
1
0
0
0
0
1
0
0
0
0
0
0
1
0
0
0
0
0
0
0
1
0
0
0
1
1
1
0
1
0
1
0
0
0
0
0
0
0
0
1
0
1
1
0
0
1
1
0
0
0
1
0
1
0
0
0
0
1
0
0
0
0
0
0
0
0
0
0
0
0
0
0
0
0
0
0
0
0
0
1
0
0
0
0
1
0
0
1
0
0
0
0
0
0
2
0
1
1
0
0
1
0
0
2
0
0
0
3
0
0
0
1
0
0
0
0
0
0
1
1
0
1
1
0
0
1
1
0
0
0
0
0
1
0
0
0
2
0
0
0
0
0
0
0
1
0
0
0
0
0
0
0
0
0
1
0
0
0
1
0
1
0
0
1
0
0
0
0
0
1
0
0
1
0
0
2
0
0
0
0
1
1
0
1
0
0
0
0
0
0
1
1
1
0
0
0
1
1
1
0
0
0
0
1
1
0
0
0
0
0
0
0
1
0
0
0
1
2
0
0
1
1
0
1
0
1
0
0
0
1
0
0
1
0
1
2
0
2
0
1
0
1
0
1
0
0
0
0
0
0
0
0
0
1
0
0
0
0
1
1
1
0
1
0
0
0
0
1
0
1
0
0
0
0
0
1
0
1
2
0
0
0
0
0
0
0
0
0
0
0
0
0
0
0
0
1
0
0
0
0
0
0
0
0
0
2
0
0
0
0
0
0
1
0
1
0
0
1
1
0
0
0
0
0
0
0
0
1
0
0
0
0
0
0
0
0
0
0
0
0
0
0
0
0
0
0
0
1
0
3
0
0
1
0
0
0
1
0
1
1
0
0
0
1
0
0
1
1
0
0
1
0
0
0
0
0
0
0
0
0
1
1
0
1
0
0
0
0
0
0
0
0
0
0
0
0
1
0
0
0
0
0
0
0
0
0
1
0
0
0
0
0
0
0
0
0
0
0
1
0
0
0
0
1
0
0
2
0
0
1
0
0
0
0
0
0
0
1
0
1
0
0
2
0
0
0
1
0
0
0
0
1
0
0
0
0
0
1
0
1
0
1
0
0
1
1
2
0
0
0
0
0
0
0
1
0
0
0
1
0
0
0
0
0
0
0
0
0
0
0
0
0
0
0
0
0
0
0
1
1
0
1
0
0
0
0
1
0
0
0
0
0
0
1
0
0
0
0
0
0
0
0
0
1
1
1
1
0
0
0
0
1
0
0
1
0
0
1
0
0
0
0
0
0
0
0
0
0
1
1
0
0
0
0
0
1
0
0
0
0
0
0
1
0
0
1
0
0
0
0
0
0
1
0
0
1
0
0
0
0
1
1
1
0
0
0
0
0
0
0
0
0
0
1
0
0
1
0
0
0
0
0
0
0
0
0
0
1
0
0
1
0
0
0
0
0
0
0
0
0
0
2
0
0
0
1
0
0
0
0
0
0
0
0
1
0
0
0
0
0
0
0
1
1
0
0
0
0
0
0
0
0
0
0
0
0
1
0
0
0
0
0
0
1
0
0
0
0
0
0
0
0
1
0
1
0
0
0
0
1
0
1
0
0
0
0
0
0
0
0
0
0
0
0
0
0
0
0
0
0
1
0
0
1
0
0
0
0
0
0
0
0
1
0
1
1
0
0
1
0
0
0
0
0
0
0
0
0
1
1
0
0
0
0
0
0
0
0
0
0
0
1
1
0
0
0
0
0
0
0
0
0
1
1
0
0
0
0
1
0
0
0
0
0
0
0
0
0
1
0
0
0
0
0
0
0
0
0
0
2
0
0
0
0
0
0
1
0
0
0
1
0
0
0
0
0
0
1
0
0
0
0
0
0
0
0
0
0
0
0
1
1
0
0
0
0
0
0
0
0
1
0
0
0
1
0
0
0
0
0
0
0
0
0
0
0
0
1
0
0
0
0
0
0
0
0
0
0
0
0
0
0
0
0
0
0
0
0
0
0
0
0
0
0
0
0
0
0
0
1
0
0
0
0
0
0
0
0
0
0
0
1
0
0
0
0
0
0
0
0
0
0
0
0
0
0
0
0
0
1
0
0
0
0
1
0
0
0
0
1
0
1
0
1
0
1
1
0
1
1
0
0
0
0
1
0
0
0
0
0
0
0
0
0
0
0
0
0
0
0
0
0
0
0
0
1
0
1
0
0
0
0
0
0
0
0
1
0
1
0
0
1
0
0
0
0
0
0
0
0
0
0
0
0
0
0
0
0
0
0
0
0
1
0
0
0
0
0
0
0
0
0
0
0
1
0
0
0
0
0
0
1
0
0
0
0
0
0
0
0
0
0
0
0
0
0
0
0
0
0
0
0
0
0
0
0
0
0
0
0
0
0
1
0
0
0
1
0
0
0
0
0
0
0
0
0
0
0
0
0
0
0
0
0
0
0
0
0
0
0
0
0
0
0
0
0
0
0
0
0
0
1
0
0
0
1
0
0
1
0
0
0
0
0
0
0
0
0
1
0
0
0
1
0
0
0
0
0
0
0
0
0
0
0
0
0
0
0
0
0
0
0
0
0
0
0
0
0
1
0
0
0
0
0
0
1
0
0
0
0
0
1
0
0
0
0
0
0
0
0
1
0
0
0
1
0
1
0
0
0
0
0
0
0
0
1
0
0
0
0
0
0
1
0
0
0
0
0
0
0
1
0
0
0
0
0
0
0
0
0
0
0
0
0
0
0
0
0
0
0
0
0
0
0
0
0
1
0
0
1
0
0
0
0
0
0
0
0
0
0
0
0
0
0
0
0
0
0
0
0
0
0
0
0
0
0
0
0
0
0
0
0
1
0
0
0
0
0
0
0
0
0
0
0
0
0
0
0
0
0
0
0
0
0
0
1
0
0
0
0
0
0
0
0
0
0
0
0
0
1
1
0
0
0
0
0
0
0
0
1
0
0
0
0
0
0
0
0
0
0
0
0
0
0
0
0
0
0
0
0
0
0
0
0
0
0
0
0
0
0
0
0
0
0
0
0
0
0
0
0
0
0
1
0
0
0
0
0
0
1
0
0
0
0
0
0
0
0
0
0
0
0
0
0
0
0
0
0
0
0
0
0
0
0
0
0
1
0
0
0
0
0
0
0
0
0
0
0
0
0
0
0
0
0
0
0
0
0
0
0
0
0
0
0
0
0
0
0
0
0
0
0
0
0
0
0
0
0
0
0
0
0
0
0
0
0
0
0
0
1
0
0
0
0
0
0
0
1
0
0
0
0
0
0
0
0
0
0
0
0
0
0
0
0
0
0
0
0
0
0
0
0
0
0
0
0
0
0
0
0
0
0
0
0
0
0
0
0
0
0
0
0
0
0
0
0
0
0
0
0
0
0
0
0
0
0
0
0
0
0
0
0
0
0
0
0
1
0
1
0
0
0
0
0
1
0
1
4
0
0
0
0
0
0
0
1
0
0
0
0
0
0
0
1
0
0
0
1
0
1
1
1
0
0
0
1
0
0
0
0
0
0
0
0
0
0
0
0
0
0
1
0
0
0
0
0
0
0
0
0
0
0
0
0
0
0
0
0
0
0
0
0
0
0
0
0
0
0
0
0
0
0
0
0
0
0
0
0
0
0
0
0
0
0
0
0
0
0
0
0
0
0
0
0
0
0
0
0
1
0
0
0
0
0
0
0
0
0
0
0
0
0
0
0
0
0
0
0
0
0
0
0
0
0
0
0
0
0
0
0
0
0
0
0
0
0
0
0
0
0
0
0
0
0
0
0
0
0
0
0
0
0
0
0
0
0
0
1
0
0
0
0
0
0
0
0
0
0
0
0
0
0
0
0
0
0
0
0
0
0
1
0
0
0
0
0
0
0
0
0
0
0
0
0
0
0
0
0
0
0
0
0
0
0
0
0
0
0
0
0
0
0
0
0
0
0
0
0
0
0
0
0
0
0
0
0
0
0
0
0
0
0
0
0
1
0
0
0
1
0
0
0
0
0
0
0
0
0
0
0
0
0
0
0
0
0
0
0
0
0
0
0
0
0
0
0
0
0
0
0
0
0
0
0
0
0
0
0
0
0
0
0
0
0
0
0
0
0
0
0
0
0
0
0
0
0
0
0
0
0
0
0
0
0
0
0
0
0
0
0
0
0
0
0
0
0
0
0
0
0
0
0
0
0
0
1
0
0
0
0
0
0
0
0
0
0
0
0
0
0
0
0
0
0
0
0
0
0
0
0
0
0
0
0
0
0
0
0
0
0
0
0
0
0
0
0
0
0
0
0
0
0
0
0
0
0
0
0
0
0
0
0
0
0
0
0
0
0
0
0
0
0
0
0
0
0
0
0
0
0
0
0
0
0
0
0
0
0
0
0
0
0
0
0
0
0
0
0
0
0
0
0
0
0
0
0
0
0
0
0
0
0
1
0
0
0
0
0
0
0
0
0
0
0
0
0
0
0
0
0
0
0
1
0
0
0
0
0
0
0
0
0
0
0
0
0
0
0
0
0
0
0
0
0
0
0
0
0
0
0
0
0
0
0
1
0
0
0
0
0
0
0
0
0
0
0
0
0
0
0
0
0
0
0
0
0
0
0
0
0
0
0
0
0
0
0
0
0
0
0
0
0
0
0
0
0
0
0
0
0
0
0
0
0
0
0
0
0
0
0
0
0
0
0
0
0
0
0
0
0
0
0
0
0
0
0
0
0
0
0
0
0
0
0
0
0
0
0
0
0
0
0
0
0
0
0
0
0
0
0
0
0
0
0
0
0
0
0
0
0
0
0
0
0
0
0
0
1
0
0
0
0
0
0
0
0
0
0
0
0
0
0
0
0
0
0
0
0
0
0
0
0
0
0
0
0
0
1
0
0
0
0
0
0
0
0
0
0
0
0
0
0
0
0
0
0
0
0
0
0
0
0
0
0
0
0
0
0
1
0
0
0
0
0
0
0
0
0
0
0
0
0
0
0
0
0
0
0
0
0
0
0
0
0
0
0
0
0
0
0
0
0
0
0
0
0
0
0
0
0
0
0
0
0
0
0
0
0
0
0
0
0
0
0
0
0
0
0
0
0
0
0
0
0
0
0
0
0
0
0
0
0
0
0
0
0
0
0
1
0
0
0
1
0
0
0
0
0
0
0
0
0
0
0
0
0
0
0
0
0
0
0
0
0
0
0
0
0
0
0
0
0
0
0
0
0
0
0
0
0
0
0
0
0
0
0
0
0
0
0
0
0
0
0
0
0
0
0
0
0
0
0
0
0
0
0
0
0
0
0
0
0
0
0
0
0
0
0
0
0
0
0
0
0
0
0
0
0
0
0
0
0
0
0
0
0
0
0
0
0
0
0
0
0
0
0
0
0
0
0
0
0
0
0
0
0
0
0
0
0
0
0
0
0
0
0
0
0
0
0
0
0
0
0
0
0
0
0
0
0
0
0
0
0
0
0
0
0
0
0
0
0
0
0
0
0
1
0
0
0
0
0
0
0
0
0
0
0
0
0
0
0
0
0
0
0
0
0
0
0
0
0
0
0
0
0
0
0
0
0
0
0
0
0
0
0
0
0
0
0
0
0
0
0
0
0
0
0
0
0
0
0
0
0
0
0
0
0
0
0
0
0
0
0
0
0
0
0
0
0
0
0
0
0
0
0
0
0
0
0
0
0
0
0
0
0
0
0
0
0
0
0
0
0
0
0
0
0
0
0
0
0
0
0
0
0
0
0
0
0
0
0
0
0
0
0
0
0
0
0
0
0
0
0
0
0
0
0
0
0
0
0
0
0
0
0
0
0
0
0
0
0
0
0
0
0
0
0
0
0
0
0
0
0
0
0
0
0
0
0
0
0
0
0
0
0
0
0
0
0
0
0
0
0
0
0
0
0
0
0
0
0
0
0
0
0
0
0
0
0
0
0
0
0
0
0
0
0
0
1
0
0
0
0
0
0
0
0
0
0
0
0
1
0
0
0
0
0
0
0
0
0
0
0
0
0
0
0
0
0
0
0
0
0
0
0
0
0
0
0
0
0
0
0
0
0
0
0
0
0
0
0
0
0
0
0
0
0
0
0
0
0
0
0
0
0
0
0
0
0
0
0
0
0
0
0
0
0
0
0
0
0
0
0
0
0
0
0
0
0
0
0
0
0
0
0
0
0
0
0
0
0
0
0
0
0
0
0
0
0
0
0
0
0
0
0
0
0
0
0
0
0
0
0
0
0
0
0
0
0
0
0
0
0
0
0
0
0
0
0
0
0
0
0
0
0
0
0
0
0
0
0
0
0
0
0
0
0
0
0
0
0
0
0
0
0
0
0
0
0
0
0
0
0
0
0
0
0
0
0
0
0
0
0
0
0
0
0
0
0
0
0
0
0
0
0
0
0
0
0
0
0
0
0
0
0
0
0
0
0
0
0
0
0
0
0
0
0
0
0
0
0
0
0
0
0
0
0
0
0
0
0
0
0
0
0
0
0
0
0
0
0
0
0
0
0
0
0
0
0
0
0
0
0
0
0
0
0
0
0
0
0
0
0
0
0
0
0
0
0
0
0
0
0
0
1
2
0
1
0
0
1
0
2
2
1
0
0
2
0
0
0
1
0
0
0
0
0
0
0
0
0
0
0
0
1
1
2
0
0
1
0
0
0
2
1
0
0
1
0
0
1
0
0
3
1
0
1
0
0
0
2
1
0
0
1
1
0
0
0
2
0
1
0
0
0
0
0
0
0
0
0
0
0
1
0
0
0
2
2
0
0
2
0
0
1
1
0
0
2
2
2
1
1
1
1
0
0
0
1
0
0
2
0
0
1
1
0
0
1
0
2
2
0
0
0
1
0
1
0
0
2
