0
0
0
0
0
0
0
0
0
0
0
0
0
0
0
0
1
1
0
2
2
3
6
4
10
6
7
8
12
15
12
8
6
8
15
5
13
12
9
15
5
11
5
5
23
8
8
15
10
7
10
9
5
11
3
2
10
3
9
11
12
10
16
22
27
26
49
72
76
84
75
117
156
158
207
255
328
399
461
450
450
472
496
499
499
516
515
576
542
555
581
613
712
668
749
710
722
742
699
671
617
584
621
605
564
531
553
500
496
534
511
535
496
502
506
463
485
492
438
510
503
497
523
506
498
513
482
525
487
502
485
497
531
515
497
502
495
509
533
521
508
541
469
550
494
499
548
520
498
552
538
478
524
534
494
563
505
504
474
493
523
512
484
488
515
512
480
499
501
512
502
504
544
476
475
500
530
490
513
462
471
507
457
505
515
508
468
477
509
457
472
510
486
433
457
456
494
520
505
503
490
483
447
465
499
509
478
515
437
468
465
516
509
435
510
447
466
483
467
525
481
514
506
497
488
542
492
476
512
535
507
492
496
514
503
527
500
467
495
501
444
485
486
530
480
498
509
477
488
496
508
484
488
490
475
485
488
484
458
476
514
513
488
488
467
465
505
521
513
539
493
510
488
518
549
452
484
486
510
483
503
489
463
490
499
453
465
444
470
482
481
473
485
485
481
491
508
457
510
526
471
476
500
477
494
463
454
495
474
472
491
433
534
528
512
464
510
499
493
475
465
500
492
497
490
488
492
487
416
465
509
497
473
505
463
450
494
463
507
500
513
459
479
491
495
486
513
508
465
470
485
530
548
468
454
447
511
482
446
488
510
495
491
485
513
506
491
494
500
539
506
503
529
522
557
547
565
531
522
564
541
530
585
574
584
583
535
574
574
533
550
579
566
519
531
583
602
515
527
568
611
542
580
602
574
608
611
574
534
574
541
555
557
578
552
552
553
583
568
552
587
592
593
563
563
593
628
580
607
558
590
543
582
597
515
560
541
566
560
561
562
548
544
608
530
535
535
542
546
578
556
566
539
571
588
566
528
521
590
522
543
533
540
559
544
576
547
556
545
552
595
551
504
584
556
556
569
557
532
556
568
544
552
578
544
603
554
552
541
603
526
533
566
564
598
569
564
585
559
555
541
539
561
519
548
581
555
557
567
576
551
549
598
587
533
571
555
525
579
553
545
502
542
572
538
515
552
550
472
579
540
535
582
556
568
570
566
549
569
549
601
512
527
553
564
520
557
543
604
579
533
530
603
544
554
496
544
525
546
572
523
546
558
535
517
566
549
543
543
522
533
526
553
536
596
517
556
536
555
545
547
522
538
579
565
529
566
565
562
554
543
550
590
538
499
561
597
534
570
502
572
572
549
519
526
554
555
556
528
507
572
592
532
509
525
538
523
534
590
526
513
558
590
515
568
521
561
575
594
555
576
533
561
549
534
521
550
530
503
589
557
528
562
594
557
542
567
547
570
567
559
518
596
493
571
553
544
538
573
581
620
550
554
539
552
557
571
545
552
571
580
551
564
540
576
607
563
564
606
578
559
583
542
555
547
561
595
537
586
573
533
585
561
604
567
590
606
576
570
601
573
569
597
582
574
557
618
580
618
570
633
623
601
642
596
642
595
620
580
621
584
613
633
594
617
606
634
607
628
641
634
620
596
642
626
620
627
629
614
619
609
621
631
637
616
610
621
620
701
674
651
642
650
626
634
629
607
641
665
644
673
659
654
694
617
650
699
702
681
712
672
706
685
638
694
688
629
659
627
663
670
669
728
695
777
650
727
683
703
694
722
696
682
663
717
788
694
680
706
693
765
699
674
760
709
648
723
704
687
716
651
657
633
641
638
590
563
626
573
574
553
547
516
513
530
486
478
492
465
468
459
461
457
427
452
449
458
433
415
425
441
443
407
402
416
409
418
421
397
364
418
380
405
422
384
390
361
377
371
399
361
377
390
401
356
365
336
351
333
349
331
351
357
342
345
327
331
354
312
335
312
330
340
334
313
348
333
317
305
303
329
302
321
305
328
320
295
289
273
266
293
285
297
298
297
304
306
303
265
304
267
271
247
300
260
280
291
268
285
290
261
269
268
278
254
260
262
300
310
252
285
265
259
239
223
272
252
249
246
261
245
258
227
271
215
284
249
223
254
265
241
229
229
240
262
220
235
244
256
237
216
204
234
244
219
235
241
225
227
217
199
227
214
210
180
198
209
208
231
202
203
210
204
183
193
190
173
186
212
199
220
177
196
168
177
178
161
193
186
192
207
168
180
194
171
182
177
153
186
161
157
189
197
169
178
167
168
178
203
151
174
174
211
159
174
175
165
158
199
152
142
164
175
160
164
161
172
141
178
154
165
159
176
196
159
160
182
170
170
173
162
183
170
167
159
172
177
127
146
158
177
161
144
170
134
169
154
163
168
174
159
177
161
153
174
165
161
170
157
150
191
164
161
167
160
165
145
183
153
154
156
173
142
161
164
141
187
162
149
138
163
161
163
156
172
166
144
150
170
150
157
153
170
161
146
157
156
172
142
146
141
161
148
139
162
134
147
151
153
157
143
153
130
156
148
162
161
148
145
152
147
164
164
140
152
174
167
134
169
147
129
125
170
142
130
136
155
166
163
135
142
157
160
156
165
154
137
158
125
169
151
167
129
151
157
152
128
153
149
132
139
141
149
140
149
132
150
139
148
172
141
149
158
155
146
161
140
141
145
154
149
139
159
158
120
130
138
145
142
143
141
133
135
146
141
142
155
125
162
133
134
147
148
165
158
150
151
164
145
164
156
129
144
164
161
143
168
146
201
209
235
245
277
394
479
642
802
1150
1743
2309
3077
4244
5501
7133
8569
10005
11227
12283
12791
12759
12567
11968
10700
9432
7886
6351
4752
3716
2862
1988
1416
1107
789
609
499
416
358
310
247
244
229
183
178
155
168
135
143
133
132
119
129
107
98
127
115
124
103
123
118
113
90
103
98
86
104
99
112
103
98
100
90
117
120
103
89
112
95
97
91
107
104
98
87
98
109
102
110
112
106
99
99
97
107
87
99
72
89
105
87
102
98
90
89
94
100
98
94
81
99
107
79
103
116
90
90
97
93
96
90
98
92
86
85
103
99
88
82
119
102
102
80
108
79
103
93
83
86
89
95
86
100
82
111
90
72
83
89
76
87
87
100
92
85
92
83
97
83
100
85
96
83
82
100
100
94
88
84
99
105
95
83
88
79
88
96
123
97
94
82
82
88
88
99
90
87
92
105
93
101
100
92
90
96
93
96
104
93
76
82
92
76
88
72
85
79
89
79
78
86
80
78
79
96
81
78
96
87
82
75
88
87
82
60
51
90
82
81
71
81
86
79
78
73
75
76
76
76
68
71
80
78
68
91
101
83
87
82
92
88
82
79
59
61
92
83
74
83
66
72
85
76
71
61
72
93
70
83
87
72
80
79
75
81
75
79
84
94
88
93
90
83
89
92
68
69
79
80
84
87
80
69
97
74
92
95
78
79
93
83
75
83
77
85
86
88
83
76
73
68
60
70
91
79
80
65
65
85
92
82
97
80
70
88
65
81
79
70
79
74
62
78
68
90
62
84
83
65
73
99
93
73
81
63
66
82
83
68
77
79
83
70
94
88
82
70
73
82
67
85
83
69
83
88
70
81
79
72
77
73
66
66
71
66
77
83
79
66
91
83
81
79
87
75
77
92
63
72
88
84
95
77
83
74
81
60
85
71
88
75
79
73
67
66
80
71
82
80
85
81
112
58
77
87
87
66
65
57
98
85
94
87
70
110
77
77
73
79
91
89
62
88
85
71
85
77
74
90
72
88
67
71
77
78
70
86
75
78
98
88
78
68
82
68
77
94
86
82
76
72
82
83
85
99
93
80
82
78
88
86
100
74
77
74
97
80
80
86
68
80
75
100
94
69
87
90
87
86
77
98
69
82
74
69
91
74
72
79
76
83
101
81
79
72
90
69
84
75
89
71
84
81
83
73
96
86
87
81
62
71
65
91
76
83
77
83
73
82
92
71
73
82
76
66
88
74
74
81
87
99
80
68
75
71
86
81
80
72
87
72
94
71
82
71
77
81
94
80
73
73
72
83
67
70
77
92
71
93
95
89
82
77
79
87
99
87
82
97
69
92
72
88
78
87
77
92
94
79
86
74
64
76
73
81
101
81
73
81
78
92
71
80
70
91
83
95
79
79
63
84
92
73
85
83
71
86
96
67
85
91
85
86
97
71
72
87
80
73
76
77
69
63
85
72
69
88
78
90
82
78
89
73
98
76
81
74
80
64
75
93
79
87
74
73
92
72
73
82
83
78
71
88
72
87
89
74
96
95
90
78
86
91
94
79
91
86
83
81
88
89
64
93
72
87
67
72
89
95
66
82
86
82
73
83
95
89
86
75
86
73
84
79
74
88
88
91
102
75
76
84
106
98
85
83
78
88
78
78
80
81
66
80
87
88
85
77
76
95
90
87
68
79
96
94
86
79
99
99
81
72
79
80
79
79
87
78
87
86
78
90
69
72
86
79
96
80
93
82
82
80
77
95
85
59
81
98
78
85
85
106
83
78
84
93
75
71
80
96
101
87
86
83
82
80
75
86
99
80
86
80
86
70
75
83
84
99
74
67
80
100
112
100
75
110
85
76
77
92
77
80
98
82
80
86
94
75
93
84
91
103
88
82
81
68
87
82
77
81
97
75
70
92
76
85
72
88
71
88
94
82
94
79
85
92
77
83
94
93
108
90
94
91
102
83
104
94
70
81
91
87
77
73
79
86
86
83
80
102
73
79
83
93
104
93
100
82
98
93
86
96
78
73
98
88
90
83
100
107
83
94
90
89
89
96
81
79
92
85
91
94
77
75
85
82
102
85
93
94
102
82
97
83
97
106
74
93
83
95
96
88
100
95
91
88
92
90
81
88
93
90
99
88
103
88
91
104
81
88
91
84
102
84
87
89
90
89
90
90
103
86
98
90
94
90
72
77
94
87
97
85
95
99
116
96
77
82
97
108
84
72
88
91
98
107
93
95
86
105
85
86
90
95
96
98
106
104
89
95
80
81
113
98
85
87
90
85
95
101
81
112
104
96
94
95
114
90
98
92
103
96
100
101
112
99
100
92
105
95
105
108
86
113
110
98
95
107
96
96
97
105
105
109
117
96
96
96
98
106
92
106
101
90
110
99
91
102
85
89
108
89
98
103
89
98
114
118
101
100
84
84
96
98
110
102
97
76
95
104
94
102
88
84
87
102
87
100
97
86
104
75
99
84
84
97
113
99
97
103
105
104
116
116
107
94
100
112
98
123
105
112
91
121
90
89
112
111
116
118
91
107
92
119
105
121
112
118
99
112
118
97
104
106
90
110
102
110
89
102
104
102
97
108
94
113
92
97
108
81
106
94
89
112
96
98
99
118
111
120
98
94
94
87
121
99
93
106
102
102
129
108
91
135
106
121
120
112
116
104
90
100
128
120
114
107
99
98
113
114
124
102
97
118
119
104
95
98
113
115
105
99
116
136
105
116
116
120
113
92
131
113
118
132
130
114
118
105
127
119
117
101
81
128
145
106
107
108
96
101
128
129
107
96
135
136
116
138
131
119
123
118
128
115
116
129
116
115
111
110
148
128
131
127
114
126
133
116
122
140
99
106
106
124
130
117
117
118
96
99
128
114
118
120
124
122
131
115
117
148
117
124
104
101
125
134
140
119
139
117
126
122
149
120
119
135
123
132
117
121
117
109
130
144
135
121
117
103
149
153
141
133
154
129
136
122
121
123
136
118
114
126
126
153
147
147
138
141
142
119
123
114
134
131
126
154
119
145
120
132
136
155
133
155
150
141
138
127
152
138
144
137
139
153
157
133
137
149
149
155
154
152
149
131
157
164
154
138
147
133
129
144
144
131
132
140
156
134
142
166
134
138
145
141
147
138
138
141
157
123
148
141
145
143
142
159
144
148
133
153
151
144
161
166
168
160
166
166
155
174
146
155
183
173
153
164
144
173
139
146
179
154
139
132
182
156
151
161
156
162
150
172
155
163
147
170
155
174
152
148
173
146
157
157
149
150
159
153
145
164
158
151
159
153
139
147
139
129
132
126
121
134
131
130
104
111
112
116
106
139
136
109
127
122
105
115
107
114
109
108
127
102
101
110
113
107
103
118
98
122
102
105
101
103
81
86
91
103
85
91
89
102
104
91
98
100
95
91
78
100
87
118
70
87
101
91
105
102
87
86
91
90
89
81
82
98
89
93
75
85
92
105
85
87
97
94
80
79
80
107
89
101
80
88
106
88
80
82
90
89
83
89
75
76
90
87
80
82
87
76
70
79
86
82
96
63
106
79
69
96
74
88
83
79
66
72
78
79
82
82
80
80
80
85
89
75
79
72
69
71
62
69
83
68
82
73
74
79
75
68
75
85
59
63
79
69
73
64
59
55
86
70
66
93
83
75
80
69
74
75
68
76
84
74
73
73
68
76
59
70
81
53
76
65
55
71
65
62
70
65
51
67
62
66
65
55
64
59
74
62
56
60
55
55
63
66
55
59
60
61
64
43
61
56
57
54
54
54
62
63
63
51
57
67
58
35
48
52
54
50
58
63
51
55
48
53
64
45
63
54
56
55
37
49
59
43
59
50
43
54
40
45
49
45
45
49
34
48
51
44
50
38
40
37
38
42
39
40
50
48
55
44
44
41
37
41
44
44
58
39
34
36
37
52
61
53
46
39
42
41
32
47
43
38
46
41
46
52
38
50
25
31
35
32
29
44
38
41
40
35
50
33
44
43
29
38
42
36
31
35
40
43
40
46
36
32
41
41
22
38
31
38
44
29
31
35
29
37
27
29
52
39
28
26
37
30
32
30
37
28
21
30
34
31
22
34
36
29
25
30
40
38
37
21
41
26
33
32
31
27
31
27
33
30
35
41
35
35
36
35
30
45
51
29
26
34
33
33
27
35
28
21
29
34
28
41
32
27
36
36
33
35
38
39
36
34
24
27
31
25
30
29
23
32
40
36
32
19
23
25
37
27
23
38
30
31
32
25
34
29
23
21
24
32
30
28
38
38
36
34
33
29
32
20
33
26
41
35
25
34
37
32
22
27
33
23
17
32
34
32
37
29
22
36
44
23
23
21
28
26
28
32
38
25
29
36
32
35
26
28
37
22
33
28
39
28
26
33
33
24
38
29
34
44
23
33
26
35
25
25
27
29
27
28
34
30
28
23
31
26
26
27
38
31
30
21
33
28
23
38
31
40
46
32
27
36
51
48
44
41
42
46
66
66
62
82
97
110
100
133
161
204
222
288
339
441
524
720
822
953
1048
1249
1341
1401
1465
1508
1526
1502
1532
1450
1478
1513
1466
1549
1547
1444
1425
1342
1351
1075
910
784
601
454
320
267
190
155
118
102
87
61
80
68
52
49
43
42
49
39
43
39
38
42
41
45
31
35
34
34
35
26
30
26
33
36
31
30
32
26
29
34
35
26
32
36
36
32
31
23
33
36
31
31
29
33
26
33
17
27
27
29
38
27
39
16
30
37
22
37
37
27
19
29
23
34
29
33
35
28
14
25
20
32
32
21
27
24
22
25
29
30
33
33
37
28
30
29
30
33
22
32
32
32
23
22
28
29
35
34
17
31
30
36
22
25
32
22
21
31
33
24
30
25
26
20
20
28
27
28
20
29
33
28
19
35
24
32
40
24
21
24
30
21
25
38
20
23
24
24
23
26
27
37
34
28
20
19
31
26
29
25
29
34
26
27
31
21
18
26
28
29
27
24
34
37
24
17
22
21
30
23
27
22
32
21
19
22
31
17
21
30
25
19
28
30
32
23
26
29
23
20
20
25
25
32
27
21
28
30
31
27
25
23
26
22
31
24
32
29
27
33
27
18
25
20
22
21
27
19
20
23
26
13
25
26
27
22
23
20
17
27
17
17
24
21
31
25
20
11
25
23
15
31
28
29
25
16
29
24
28
23
29
22
24
19
11
27
20
23
18
26
23
22
29
17
25
16
17
17
29
16
21
19
16
26
23
20
15
29
21
22
30
31
15
20
25
22
36
22
29
28
34
18
29
18
23
14
21
17
20
24
14
23
30
21
15
22
12
24
16
15
20
17
18
21
10
20
18
19
25
15
22
20
16
16
18
14
16
25
15
11
22
19
25
20
25
26
26
22
27
15
14
20
18
21
19
17
26
19
21
25
18
14
19
18
22
19
19
18
24
22
23
19
21
23
18
24
18
18
19
23
19
24
22
22
16
20
21
19
22
15
24
26
13
28
27
18
20
29
29
22
23
27
11
18
21
20
14
23
21
15
25
15
25
27
15
21
18
22
14
13
21
21
21
24
16
18
17
22
13
16
22
21
19
22
25
18
27
34
14
21
18
23
9
15
16
19
16
30
17
23
22
11
16
13
22
31
26
17
19
27
27
29
24
30
24
26
28
27
20
27
21
26
27
20
19
34
18
16
13
27
27
26
21
16
25
20
17
16
21
24
18
19
12
15
18
28
21
20
19
12
16
17
23
19
20
18
19
20
14
19
15
24
8
13
17
19
17
20
19
17
15
15
23
18
23
23
16
16
28
13
20
23
16
18
12
13
25
28
23
11
19
21
26
17
15
16
22
7
13
19
17
17
17
19
19
18
16
20
17
16
26
10
16
18
20
16
27
19
13
18
17
17
12
24
19
25
16
16
20
25
15
19
23
21
22
24
27
19
24
10
14
18
17
18
18
9
23
22
19
26
15
17
18
22
16
16
17
17
16
20
19
24
16
20
14
26
22
13
13
12
20
17
17
20
15
18
27
21
18
12
25
10
24
20
22
20
12
25
19
20
22
22
25
20
20
19
23
27
16
11
16
19
21
19
19
16
16
25
14
14
22
29
22
23
22
17
15
21
21
21
19
20
12
20
21
16
25
11
19
24
18
20
13
18
17
17
18
20
18
21
25
21
20
17
23
24
11
20
25
21
22
18
15
24
20
23
23
21
22
21
20
18
21
16
23
17
15
17
26
14
20
24
16
20
23
20
18
24
16
26
24
27
19
19
15
24
23
18
16
18
19
18
11
23
13
16
28
17
24
13
15
18
24
21
16
16
16
13
17
22
18
20
20
26
13
21
20
16
8
13
14
14
12
12
21
19
14
9
19
12
23
17
22
17
13
16
22
14
23
11
15
23
16
11
17
16
13
9
15
13
14
10
23
16
24
14
11
16
11
21
25
18
21
17
20
23
9
24
15
18
15
13
11
14
17
10
13
19
26
14
21
12
14
12
15
11
13
19
7
17
17
16
14
17
10
18
12
14
17
19
22
15
14
13
15
23
11
10
9
13
12
12
13
14
15
14
10
11
6
13
13
13
11
14
11
15
11
12
11
12
7
5
19
13
10
9
8
14
8
12
6
10
6
14
11
5
14
8
11
9
6
11
16
8
8
10
9
6
8
17
15
5
13
10
9
3
13
12
12
17
10
9
6
7
5
9
7
10
5
15
8
11
9
12
11
9
6
14
12
9
15
15
8
9
6
11
9
12
12
7
5
6
4
6
5
8
8
7
12
8
7
11
3
3
5
3
7
11
6
2
4
6
7
6
8
8
7
8
4
6
7
5
0
6
11
6
5
7
6
6
6
8
4
8
4
5
1
4
11
7
5
9
6
7
6
4
5
5
9
6
9
7
5
3
6
5
0
6
6
8
4
5
4
11
4
2
4
9
6
7
6
2
8
9
3
3
6
2
4
4
5
3
7
6
3
5
6
5
1
4
4
3
2
2
4
4
1
4
6
2
10
6
4
4
2
4
5
2
4
3
3
3
1
3
5
6
4
3
9
3
5
2
2
4
4
0
3
5
4
4
5
2
6
3
4
5
3
2
5
4
6
4
5
3
5
1
0
4
0
6
4
1
3
3
2
4
4
4
4
2
7
2
5
1
3
3
0
1
2
1
1
7
3
4
3
4
4
0
2
5
4
4
3
3
2
5
5
4
3
2
4
4
2
5
2
0
5
2
0
1
4
2
0
4
3
5
6
3
1
3
2
4
4
1
3
1
2
4
3
6
1
3
2
2
4
7
1
3
0
0
2
1
2
4
1
5
3
1
1
2
1
7
3
4
1
2
3
3
3
2
5
4
3
1
1
4
4
3
5
2
2
4
3
3
4
2
1
1
0
2
2
6
2
3
1
3
3
4
1
0
6
1
3
0
7
3
1
2
3
2
1
4
11
2
4
5
5
5
3
8
5
3
5
3
4
8
4
6
2
8
7
9
9
11
11
8
11
12
15
12
16
21
34
31
19
34
29
25
39
42
44
52
50
71
57
59
70
66
80
82
77
90
110
82
91
72
79
64
81
97
84
74
70
71
71
55
57
58
56
46
37
28
33
28
23
15
8
13
12
5
4
10
7
4
4
3
1
2
2
3
3
1
0
0
3
1
1
2
0
0
2
0
0
1
0
0
3
0
1
1
1
0
0
0
3
0
0
1
0
1
0
1
1
2
1
1
2
1
1
2
0
1
1
2
0
0
0
0
1
1
0
0
0
0
1
0
0
1
0
0
1
0
1
2
0
0
1
0
1
1
2
1
0
1
1
1
1
0
1
0
1
0
0
1
1
0
0
0
2
0
0
1
0
1
1
1
3
1
0
0
0
1
2
0
0
0
1
0
1
0
0
1
1
4
0
1
3
2
0
0
0
1
1
1
1
0
1
2
1
1
2
0
1
3
1
1
1
1
1
0
1
0
0
0
1
0
1
0
0
0
0
1
2
2
0
0
0
0
0
2
0
0
1
0
1
0
0
1
1
1
1
0
1
1
1
1
0
0
2
1
0
1
1
2
0
0
0
0
1
0
1
0
0
1
0
0
1
1
0
1
0
0
1
0
0
2
0
0
0
1
0
0
1
1
0
2
1
0
0
0
1
2
0
0
0
0
0
0
1
1
0
0
0
0
0
0
0
2
0
0
1
1
0
0
0
1
1
0
0
0
2
0
0
2
1
0
2
0
0
0
1
0
0
0
0
0
1
0
0
0
1
1
0
1
1
0
0
1
0
0
0
0
1
0
0
0
0
0
0
1
1
0
0
1
1
1
0
0
0
1
1
0
1
0
1
2
0
0
1
0
0
0
1
1
0
2
0
0
0
1
1
2
0
0
0
0
0
0
1
0
0
0
1
1
0
0
0
0
0
0
0
0
1
1
0
1
1
0
0
0
0
2
2
1
0
1
1
0
0
1
0
0
0
0
0
0
1
0
0
0
1
0
2
0
0
0
0
1
0
2
1
0
2
2
0
1
0
0
0
0
0
0
0
0
0
0
0
1
1
1
1
1
1
0
2
0
2
0
1
1
0
1
2
0
0
0
0
0
0
1
0
0
0
0
0
1
0
0
0
0
1
0
1
0
1
0
0
0
1
0
0
2
1
1
0
0
0
1
1
1
0
2
0
0
0
0
0
0
1
0
0
0
0
0
0
0
1
3
1
0
0
1
1
0
1
0
0
1
0
0
0
0
0
1
0
0
1
0
0
0
1
0
0
2
0
0
1
0
1
1
0
0
1
0
0
1
1
2
1
0
0
2
0
1
0
0
0
0
0
0
1
1
0
0
0
0
1
0
0
0
0
0
1
0
0
0
3
0
0
0
0
1
0
0
0
0
1
0
0
0
0
0
0
0
0
0
0
0
0
0
0
0
0
0
0
0
0
0
1
0
1
2
1
0
1
0
1
1
1
2
0
0
0
0
0
1
0
0
0
0
0
0
0
1
1
1
0
1
1
1
1
2
0
0
0
0
0
0
0
1
0
0
0
0
0
0
0
0
1
1
0
0
0
0
2
1
0
0
0
1
0
1
1
0
0
0
0
0
0
0
0
0
0
1
0
0
1
0
0
0
0
0
1
0
0
0
0
0
0
0
0
0
1
2
0
0
0
0
0
0
1
1
0
1
0
0
0
0
0
0
0
0
0
1
1
0
0
0
0
0
0
0
0
1
0
0
1
0
0
0
1
2
1
0
0
0
0
0
0
0
1
1
1
0
1
0
1
1
0
0
1
0
0
1
0
0
0
0
0
0
0
0
0
0
0
0
0
0
0
0
0
0
0
1
1
0
0
2
0
0
1
0
0
0
0
0
0
0
0
1
3
0
0
0
1
0
0
0
0
1
0
0
0
0
0
0
0
0
1
0
1
1
0
0
1
0
0
0
1
0
0
0
0
0
1
2
0
0
1
0
1
0
0
0
0
0
1
0
0
0
0
1
0
0
0
0
1
1
0
0
2
0
0
1
0
0
0
0
0
0
0
0
0
0
0
0
0
0
0
0
0
0
0
0
0
0
0
0
1
0
0
0
0
0
1
0
0
0
1
0
1
0
1
0
0
1
0
1
1
0
0
0
0
0
1
0
0
0
0
0
0
0
0
0
0
0
0
0
0
0
0
0
0
1
0
0
0
0
0
0
0
0
1
0
0
0
2
1
0
0
0
1
0
0
0
0
0
2
0
0
0
0
0
0
0
0
0
0
0
0
0
0
0
0
1
0
0
1
0
0
0
0
0
0
0
0
0
0
0
0
1
3
0
0
0
1
0
0
0
0
0
0
0
0
0
0
0
1
0
0
0
0
0
0
0
1
1
1
1
0
0
0
0
0
0
0
0
1
1
0
0
1
0
0
0
0
1
0
0
0
0
0
0
0
0
0
0
2
2
0
1
0
2
0
0
0
1
1
0
0
0
0
0
0
0
0
0
0
0
0
0
0
1
0
1
0
0
1
0
1
1
0
0
0
1
0
0
0
0
0
0
0
0
0
1
0
0
0
0
1
2
2
0
0
0
1
1
0
0
0
0
0
0
0
0
1
0
0
0
0
0
0
0
0
1
0
0
0
0
0
0
0
1
0
0
0
0
0
0
0
0
0
0
0
0
1
0
0
1
1
0
0
0
0
1
1
0
0
0
0
1
0
0
1
0
0
0
0
0
0
0
0
0
0
0
0
1
0
0
0
0
0
0
0
1
0
0
0
0
0
0
0
0
0
0
0
0
0
1
0
1
1
0
0
0
0
1
0
0
0
0
1
0
0
0
1
0
0
0
0
0
0
0
1
0
0
0
1
1
0
1
1
0
0
0
0
0
2
0
0
1
0
0
1
0
0
1
0
0
0
2
0
0
0
0
0
0
0
1
0
0
1
1
0
0
2
0
0
0
0
1
0
0
1
0
0
1
0
0
0
0
0
0
0
0
0
0
0
0
0
0
0
0
2
0
0
0
0
0
0
0
0
0
0
0
0
0
0
0
0
0
0
0
0
0
1
0
0
0
0
0
0
0
0
0
1
0
0
0
0
0
0
0
0
0
0
0
0
0
0
0
1
0
0
0
0
0
0
1
0
1
0
0
1
0
0
0
1
0
1
0
0
0
1
0
0
0
2
0
1
0
0
1
0
0
0
0
0
0
0
0
0
0
0
0
0
0
0
0
1
0
0
0
0
0
2
1
0
0
0
0
0
0
0
1
0
0
0
1
1
0
0
0
0
0
0
0
0
0
0
0
1
0
0
0
0
0
0
0
0
0
0
0
0
1
0
0
0
1
0
0
0
0
0
0
0
1
0
0
0
0
0
0
0
0
0
0
0
0
0
0
0
0
0
0
0
0
0
0
0
0
0
0
2
0
0
0
0
1
0
1
0
0
0
0
0
0
0
0
0
0
0
0
0
0
1
0
0
0
0
0
1
0
0
0
0
0
0
0
0
1
0
0
0
0
0
0
0
0
1
0
0
0
0
0
0
0
0
0
0
0
0
0
0
0
0
1
0
2
0
0
0
0
0
0
0
0
0
0
0
0
0
0
1
0
0
0
0
0
1
0
0
0
1
0
1
0
0
0
0
0
0
0
0
0
0
0
0
0
0
1
0
0
0
0
0
0
0
0
0
0
0
0
0
0
0
1
1
0
0
0
0
0
0
0
0
0
0
0
1
0
0
0
0
0
0
0
0
0
0
0
0
0
0
1
0
0
0
0
0
0
0
0
0
0
1
0
0
1
0
0
0
0
0
0
0
0
0
0
0
0
0
0
0
0
0
0
0
0
0
0
1
0
0
0
0
0
0
0
0
0
0
0
2
1
1
0
0
0
0
0
2
0
0
0
0
0
1
0
0
0
0
0
0
0
0
0
0
0
0
0
0
0
0
0
1
0
0
0
0
0
0
0
0
0
0
0
0
0
0
0
0
0
0
0
0
1
0
1
0
0
0
2
0
0
1
0
0
0
0
0
0
0
0
0
0
0
0
0
0
0
0
0
0
0
0
0
0
0
0
0
0
0
0
0
0
0
0
0
0
0
0
0
0
0
0
1
0
0
0
0
0
0
0
0
1
0
0
1
1
0
0
0
0
0
0
0
0
0
0
0
0
0
0
0
0
0
0
0
0
0
0
0
0
0
0
0
0
0
0
0
0
0
0
0
0
0
0
0
0
0
0
0
0
0
0
0
0
0
0
0
0
0
1
0
1
0
0
1
0
0
0
0
0
0
0
0
0
0
0
0
0
0
0
0
0
1
0
0
0
0
0
0
0
0
0
0
0
0
0
0
0
0
0
0
0
1
1
0
0
0
0
0
0
0
0
1
0
0
0
0
1
0
0
0
0
0
0
0
0
0
0
0
0
0
0
0
0
1
1
0
1
0
0
0
0
0
0
0
0
0
0
0
0
0
0
0
0
0
0
0
0
0
0
1
0
0
0
0
0
0
0
0
0
0
1
0
0
0
0
0
0
0
0
0
0
0
1
0
0
0
0
0
0
2
0
0
0
0
0
0
0
0
0
0
0
1
0
0
0
0
0
0
0
0
0
0
0
0
0
0
0
0
0
0
0
0
0
0
0
0
0
0
0
0
0
0
0
0
0
0
0
0
0
0
0
0
0
0
1
0
0
0
0
0
0
0
0
0
0
0
0
0
0
0
0
0
0
0
0
0
0
0
0
0
0
0
0
0
0
0
0
0
1
0
0
0
0
0
0
0
0
0
0
0
0
0
0
0
0
0
0
0
0
0
0
0
0
0
0
0
0
0
0
0
0
0
1
0
0
0
0
0
0
0
0
0
0
0
0
0
0
0
0
0
0
1
0
0
0
0
0
0
0
0
0
0
1
0
0
0
1
0
0
1
0
0
1
1
0
0
1
0
0
0
0
0
0
0
0
0
0
1
0
1
0
1
1
0
1
0
2
0
1
0
0
0
0
0
0
1
0
0
0
0
0
0
0
0
0
0
0
0
0
0
0
0
0
0
0
0
0
0
0
0
0
0
0
0
0
0
0
0
0
0
0
0
0
0
0
0
0
0
0
0
0
0
0
0
0
0
0
0
0
0
0
0
0
0
0
0
0
0
0
0
0
0
0
0
0
0
0
0
0
0
0
0
0
0
0
0
0
0
0
0
0
0
0
0
0
0
0
0
0
0
0
0
0
0
0
0
0
0
0
1
0
0
1
0
0
0
0
0
0
0
0
0
0
0
0
0
0
0
0
0
0
0
0
0
0
0
0
0
0
0
0
0
0
0
0
0
0
0
0
0
0
0
0
0
0
0
0
0
0
1
0
0
0
0
1
0
0
0
0
0
0
0
0
0
0
0
0
0
0
0
0
0
0
0
0
0
0
0
0
0
0
0
0
0
0
0
0
0
0
0
0
0
0
0
0
0
0
0
0
0
0
0
2
0
0
0
1
0
0
0
0
0
0
2
0
0
0
0
0
0
1
0
0
0
0
0
0
0
0
0
0
0
0
0
0
0
0
0
0
0
0
0
0
0
0
0
0
0
0
0
0
0
0
0
0
0
0
0
0
0
0
0
0
0
0
0
0
0
0
0
0
0
0
0
0
0
0
0
0
0
0
0
0
0
0
0
0
0
0
0
0
0
0
0
0
0
0
0
0
0
0
0
0
0
0
0
0
0
0
0
0
0
0
0
0
0
0
0
0
0
0
0
0
0
0
0
0
0
0
0
0
0
0
0
0
0
0
0
0
0
0
0
0
0
0
0
0
0
0
0
0
0
0
0
0
0
0
0
0
0
0
1
0
0
0
0
0
0
0
0
0
0
0
0
0
0
0
0
0
0
0
0
0
0
0
0
0
0
0
0
0
0
0
0
0
0
0
0
0
0
0
0
0
0
0
0
0
0
0
0
0
0
0
0
0
0
0
0
0
0
0
0
0
0
0
0
0
0
0
1
0
0
0
0
0
0
0
0
0
0
0
0
0
0
0
0
0
0
0
0
0
0
0
0
0
0
0
0
0
0
0
0
0
0
0
0
0
0
0
0
0
0
0
0
0
0
0
0
0
0
0
0
0
0
0
0
0
0
0
0
0
0
0
0
0
0
0
0
0
0
0
0
0
0
0
0
0
0
0
1
0
0
0
0
0
0
0
0
0
0
0
0
0
0
0
1
0
0
0
0
0
0
0
0
0
0
0
0
0
0
0
0
0
0
0
0
0
0
0
0
0
0
0
0
0
0
0
0
0
0
1
0
0
0
0
0
0
0
0
0
0
0
0
0
0
0
0
0
0
1
0
0
0
0
0
0
0
0
0
0
0
0
0
0
0
0
0
0
0
0
0
0
0
0
0
0
0
0
0
0
0
0
0
0
0
0
0
0
0
0
0
0
0
0
0
0
0
0
0
0
0
0
0
0
0
0
0
0
0
0
0
0
0
0
0
0
0
0
0
0
0
0
0
0
0
0
0
1
0
0
0
0
0
0
0
0
0
0
0
0
0
0
0
0
0
0
0
0
0
0
0
0
0
0
0
0
0
0
0
0
0
0
0
0
0
0
0
0
0
0
0
0
0
0
0
0
0
0
0
0
0
0
0
0
0
0
0
0
0
0
0
0
0
0
0
0
0
0
0
0
0
0
0
0
0
0
0
0
0
0
0
0
0
0
0
0
0
0
0
0
0
0
0
0
0
0
0
0
0
0
0
0
0
0
0
0
0
0
0
0
0
0
0
0
0
0
0
0
0
0
0
0
0
0
0
0
0
0
0
0
0
0
0
0
0
0
0
0
0
0
0
0
0
0
0
0
0
0
0
0
0
0
0
0
0
0
0
0
0
0
0
0
0
0
0
0
0
0
0
0
0
0
0
0
0
0
0
0
0
0
0
0
0
0
0
0
0
0
0
0
0
0
0
0
0
0
0
0
0
0
0
0
0
0
0
0
0
0
0
0
0
0
0
0
0
0
0
0
0
0
0
0
0
0
0
0
0
0
0
0
0
0
0
0
0
0
0
0
0
0
0
0
0
0
0
0
0
0
0
0
0
0
0
0
0
0
0
0
0
0
0
0
0
0
0
0
0
0
0
0
0
0
0
0
0
0
0
0
0
0
0
0
0
0
0
0
0
1
0
0
0
0
0
0
0
0
0
0
0
0
0
0
0
0
0
0
0
0
0
0
0
0
0
0
0
0
0
0
0
0
0
0
0
0
0
0
0
0
0
0
0
0
0
0
0
0
0
0
0
0
0
0
0
0
0
0
0
0
0
0
0
0
0
0
0
0
0
0
0
0
0
0
0
0
0
0
0
0
0
0
0
0
0
0
0
0
0
0
0
0
0
0
0
0
0
0
0
0
0
0
0
0
0
0
0
0
0
0
0
0
0
0
0
0
0
0
0
0
0
0
0
0
0
0
0
0
0
0
0
0
0
0
0
0
0
0
0
0
0
0
0
0
0
0
0
0
0
0
0
0
0
0
0
0
0
0
0
0
0
0
0
0
0
0
0
0
0
0
0
0
0
0
0
0
0
0
0
0
0
0
0
0
0
0
0
0
0
0
0
0
0
0
0
0
0
0
0
0
0
0
0
0
0
0
0
0
0
0
0
0
0
0
0
0
0
0
0
0
0
0
0
0
0
0
1
0
0
0
0
0
0
0
0
0
0
0
0
0
0
0
0
0
0
0
0
0
0
0
0
0
0
0
0
0
0
0
0
0
0
0
0
0
0
0
0
0
0
0
0
0
0
0
0
0
0
0
0
0
0
0
0
0
0
0
0
0
0
0
0
0
0
0
0
0
0
0
0
0
0
0
0
0
0
0
0
0
0
0
0
0
0
0
0
0
0
0
0
0
0
0
0
0
0
0
0
0
0
0
0
0
0
0
0
0
0
0
0
0
0
0
0
0
0
0
0
0
0
0
0
0
0
0
0
0
0
0
0
0
0
0
0
0
0
0
0
0
0
0
0
0
0
0
0
0
0
0
0
0
0
0
0
0
0
0
0
0
0
0
0
0
0
0
0
1
2
0
0
1
0
2
0
1
1
2
0
0
1
0
2
0
1
2
0
0
0
0
1
1
1
0
1
0
2
1
1
1
0
1
0
1
0
1
0
1
0
0
0
1
0
1
0
1
1
0
0
0
1
0
0
0
1
0
1
0
0
0
0
0
0
0
0
2
2
1
0
0
0
0
1
1
1
0
1
1
0
0
1
0
2
0
0
0
0
0
1
0
1
0
0
0
2
2
0
0
0
1
0
0
0
0
1
0
0
0
1
1
0
0
0
0
0
0
0
0
0
0
0
0
