0
0
0
0
0
0
0
0
0
0
0
0
0
0
0
0
0
0
2
0
5
7
2
3
10
11
9
14
8
9
11
11
16
15
11
15
13
8
12
7
13
7
9
7
13
9
15
8
9
16
7
7
14
7
5
5
13
8
11
10
4
9
11
20
17
39
41
55
62
85
101
112
124
156
178
242
359
403
439
464
477
493
476
523
510
536
539
538
580
567
555
647
627
659
726
760
755
749
678
645
607
639
591
570
530
527
509
537
502
523
530
504
473
546
481
528
528
472
501
435
512
467
477
505
527
528
498
523
477
506
506
535
537
543
510
515
530
516
491
495
552
501
501
506
484
537
547
512
470
552
520
548
493
522
536
502
488
485
493
513
472
520
506
521
553
484
457
491
491
492
492
468
516
497
474
500
482
481
505
493
494
493
494
489
492
498
475
513
497
512
516
512
443
447
505
502
497
457
462
512
481
501
472
494
488
494
462
471
449
501
503
508
518
485
506
479
490
511
483
529
501
520
493
478
504
473
481
501
505
473
481
500
484
475
514
511
512
486
527
498
498
492
510
507
522
536
496
476
505
489
505
486
492
478
472
513
502
481
504
474
500
456
511
499
487
493
492
517
492
459
535
494
503
527
440
492
485
454
498
464
492
513
483
503
516
480
483
528
481
493
491
513
499
490
468
510
438
465
460
510
519
510
469
497
488
494
464
507
528
456
444
484
469
522
491
476
480
478
464
499
495
490
477
490
476
496
453
496
501
479
502
509
480
474
479
489
456
454
506
467
523
509
490
486
478
502
487
486
503
499
527
523
517
456
497
488
492
480
526
433
478
516
511
457
485
505
518
505
523
451
541
505
524
497
514
515
582
561
557
563
569
521
514
566
593
575
565
543
529
524
573
542
546
545
631
578
599
600
585
575
499
570
562
543
563
620
559
572
572
582
545
577
578
561
581
567
564
596
548
588
608
567
609
599
587
544
580
588
566
534
594
567
575
586
535
562
549
618
503
587
580
536
566
594
568
601
561
582
568
575
528
531
528
569
587
522
521
554
558
552
507
546
590
560
589
550
573
571
621
558
592
547
568
536
529
549
555
551
566
544
556
552
560
523
578
579
555
561
554
541
606
536
590
577
573
560
573
529
557
584
536
548
542
539
577
514
552
553
554
553
533
563
569
526
534
571
558
550
557
579
559
562
584
518
566
547
515
563
548
583
550
601
527
563
547
546
525
560
522
561
575
551
549
544
530
611
515
555
530
566
599
526
539
554
556
552
542
538
539
510
529
526
570
517
515
548
550
530
556
575
539
539
518
530
553
567
543
555
537
540
522
574
556
525
593
587
540
528
533
517
529
569
518
547
557
581
573
567
500
535
523
529
518
525
538
548
558
543
549
577
521
572
519
535
533
565
563
532
538
553
518
542
530
529
553
529
573
556
550
574
531
538
545
560
556
571
562
568
560
567
550
531
535
539
539
553
559
531
546
568
577
580
548
565
551
571
564
543
540
561
588
532
564
550
536
578
561
537
545
533
549
588
576
544
577
608
520
558
541
557
542
566
605
568
553
585
574
547
549
568
608
630
570
614
588
554
570
589
608
584
601
576
552
607
584
611
614
601
587
627
623
612
613
635
629
644
600
594
615
673
620
620
544
561
567
601
652
655
595
594
598
577
613
610
636
671
623
690
643
666
632
647
615
604
643
675
622
613
663
596
656
656
624
675
642
638
666
664
686
700
622
647
678
691
672
623
662
652
688
682
731
686
638
709
620
746
741
668
713
716
725
708
719
723
688
692
656
732
712
729
790
656
701
696
731
699
682
708
727
691
728
734
682
655
718
717
711
701
715
639
748
717
663
576
660
635
589
631
594
558
552
528
510
495
545
539
480
502
444
462
494
491
474
435
449
403
422
451
433
437
419
378
455
394
388
380
429
426
385
403
400
355
346
394
358
392
358
374
418
354
381
368
365
368
380
325
377
333
372
341
347
334
355
352
317
321
325
356
338
358
314
341
335
329
332
295
329
303
328
331
308
313
300
287
302
326
289
293
315
292
331
305
288
297
295
295
270
291
288
278
299
327
306
281
268
291
263
284
302
276
269
282
271
268
277
296
286
284
249
272
238
271
255
236
257
272
232
240
270
269
277
262
212
278
224
263
223
240
220
218
240
257
241
238
224
220
243
226
225
237
207
240
209
203
218
210
221
213
236
185
226
219
232
215
231
212
210
182
197
214
191
183
193
206
194
180
206
203
179
199
179
201
171
169
188
170
187
174
187
191
199
174
170
187
178
203
186
191
163
165
165
189
169
175
197
171
157
163
191
179
159
176
185
167
173
181
159
164
163
158
164
178
155
186
159
171
174
169
178
165
170
169
189
171
166
157
149
169
175
184
143
155
144
160
157
164
162
162
169
155
158
164
162
156
189
167
176
154
168
154
177
144
154
150
176
150
172
186
153
166
162
149
147
186
155
166
161
169
159
156
151
158
141
170
177
149
154
164
144
155
171
131
162
150
170
142
153
154
160
171
157
149
158
147
172
151
148
166
159
169
125
159
157
154
150
158
177
175
156
175
159
140
184
163
136
152
157
141
127
172
161
143
146
168
160
126
136
156
143
177
160
160
156
144
150
171
173
143
153
157
155
135
159
173
149
161
159
148
155
155
141
149
141
144
166
153
147
144
148
153
172
147
134
172
160
154
140
160
149
131
143
140
164
157
136
147
128
139
140
154
150
150
137
134
119
149
142
126
144
152
147
135
150
153
147
149
148
143
183
134
139
150
145
157
149
148
132
145
139
135
142
131
140
153
153
165
173
174
177
192
223
218
257
328
392
509
689
1027
1362
1875
2761
3664
4809
6250
7759
9331
10797
11899
12596
13006
12944
12381
11508
10054
8683
7022
5471
4227
3290
2368
1703
1312
900
684
597
434
365
329
297
251
240
185
204
164
162
136
132
129
128
127
128
134
116
125
97
119
113
105
133
112
119
88
100
92
102
91
97
108
107
111
119
115
108
101
91
78
89
87
107
92
103
106
96
92
106
93
93
108
91
118
106
85
92
91
92
88
92
92
102
89
97
92
93
104
86
103
102
95
93
109
113
103
101
96
98
86
102
89
117
74
106
95
99
122
101
115
112
99
84
106
80
91
102
95
94
106
80
99
87
99
69
97
96
96
71
98
85
86
88
97
92
91
93
100
81
100
102
81
80
85
89
101
92
93
99
99
99
104
79
93
89
98
103
112
105
96
98
103
90
105
105
109
98
90
94
117
101
89
101
91
80
96
90
84
88
88
72
76
93
98
80
93
102
83
98
71
86
91
83
74
98
91
83
88
82
91
83
73
81
73
73
92
81
86
83
75
82
74
79
100
85
70
70
81
84
86
76
79
74
62
84
82
77
85
66
83
80
89
67
99
83
77
87
67
96
95
77
92
93
89
74
81
72
74
74
86
95
80
90
94
69
84
72
93
88
84
87
92
82
75
79
81
74
59
70
82
81
88
76
79
79
74
73
88
87
75
86
89
79
74
72
72
80
77
86
73
87
75
73
78
90
83
93
76
83
86
78
68
91
80
86
77
72
83
69
74
82
78
79
67
79
78
81
92
75
79
80
84
83
97
84
84
78
67
78
66
71
69
76
66
91
75
66
78
80
94
80
79
81
66
72
79
98
71
79
76
80
68
76
76
86
77
82
71
77
79
75
99
64
77
78
71
70
73
79
73
76
75
89
91
75
81
88
74
77
69
97
82
88
72
84
95
62
78
74
66
87
76
89
76
78
75
92
76
78
67
72
59
88
76
84
70
88
85
96
73
92
73
76
73
81
97
78
80
100
81
82
78
85
73
74
77
79
76
80
76
78
92
74
88
83
74
79
89
76
80
96
87
92
73
87
94
66
89
90
99
86
90
89
77
81
91
107
85
84
83
93
64
85
66
77
87
74
82
83
72
74
78
74
95
70
71
82
81
85
79
95
83
86
74
71
71
96
81
82
72
78
80
101
80
80
76
74
67
87
82
71
83
73
89
95
80
86
97
82
75
77
66
71
85
93
88
66
77
87
88
51
92
83
72
77
96
77
76
85
77
92
80
86
86
81
87
71
91
65
89
85
69
77
76
75
87
77
74
89
80
77
66
81
72
92
77
83
80
82
98
81
84
74
70
78
79
79
87
70
76
89
72
68
77
68
90
85
85
90
85
78
86
76
89
94
83
73
73
82
90
76
85
80
72
88
79
85
81
58
78
85
69
74
81
83
76
84
81
89
61
81
85
71
76
77
77
93
69
108
79
83
69
74
57
75
74
87
73
75
73
94
86
81
85
86
93
66
100
91
93
80
83
76
78
68
80
100
75
89
83
75
86
119
88
86
76
110
71
82
89
100
78
97
82
90
81
88
84
86
88
98
95
83
92
83
66
83
85
87
65
74
81
82
77
73
77
75
90
80
68
77
80
80
88
84
83
66
77
70
78
80
66
79
88
86
92
68
83
82
80
94
77
99
84
93
73
77
97
77
73
85
84
81
75
106
87
83
81
73
83
74
85
91
79
85
77
67
75
71
94
81
79
80
89
77
84
87
97
94
76
75
74
87
79
75
110
72
72
67
84
85
89
84
89
106
78
83
77
90
79
80
82
94
89
87
83
73
83
70
76
91
72
77
89
83
105
101
74
90
79
91
87
91
65
74
86
92
78
68
91
80
99
77
79
90
92
92
93
97
92
88
76
89
98
68
88
77
70
76
73
87
90
102
87
97
67
84
87
76
95
79
95
85
83
96
96
88
95
94
87
81
84
74
70
88
82
102
78
89
101
101
86
93
79
79
71
94
99
104
95
90
86
93
96
94
101
82
69
94
72
75
88
100
74
92
86
84
95
71
99
65
98
84
73
92
78
93
85
86
76
81
102
105
101
86
85
83
70
86
88
91
94
83
81
86
100
83
85
85
82
84
87
90
82
89
85
76
65
69
105
100
101
76
96
86
73
94
100
112
82
102
73
82
79
90
102
92
107
92
81
93
85
107
108
83
92
92
100
89
95
92
99
102
103
92
88
94
82
91
106
106
84
91
91
89
84
100
86
83
86
107
105
77
108
111
75
97
99
94
100
97
97
89
75
100
81
86
97
101
107
97
86
98
88
89
107
97
79
88
110
107
82
104
92
93
97
100
95
88
86
105
96
88
91
101
88
82
98
95
117
108
111
88
92
106
89
91
93
98
106
94
102
100
111
93
116
91
124
110
102
109
95
112
76
102
101
113
100
108
97
103
91
109
113
95
102
103
95
99
96
91
83
87
88
110
98
83
94
97
107
104
104
96
96
104
100
111
92
98
92
113
92
118
108
91
99
95
115
108
120
115
111
106
92
108
95
112
105
104
108
97
83
98
94
99
106
126
106
115
101
88
118
88
102
107
107
94
100
105
115
110
106
97
120
98
124
104
107
108
115
92
112
101
102
109
111
122
104
101
101
106
124
135
113
112
114
85
92
142
104
109
110
115
113
102
114
109
105
106
121
100
102
111
111
78
102
142
115
101
121
104
116
99
118
110
116
105
121
113
120
116
104
114
98
115
123
103
116
113
119
101
111
114
129
125
130
116
115
124
124
130
105
108
112
112
106
121
111
115
106
130
94
122
118
124
113
111
105
109
128
106
124
129
110
96
122
142
118
129
128
112
132
133
91
121
124
115
138
130
110
120
140
111
126
125
132
105
106
126
136
124
123
107
119
134
115
126
102
123
144
127
123
143
147
135
125
106
123
126
122
137
111
135
138
117
112
135
126
111
109
126
141
154
137
129
121
131
161
128
146
129
130
143
144
135
138
172
141
135
137
129
136
138
144
137
115
132
139
145
129
143
123
146
142
131
134
163
136
126
132
169
139
159
125
133
134
135
154
148
154
140
135
137
148
168
137
126
145
135
131
155
120
147
138
138
150
139
151
123
161
139
137
136
146
145
150
140
149
140
133
155
143
153
150
133
141
153
134
161
146
146
153
132
156
141
162
147
149
179
151
150
148
173
167
177
136
131
150
191
157
176
151
150
139
167
174
183
176
160
162
173
150
156
194
164
182
162
191
150
136
170
171
152
185
168
141
152
192
158
177
175
159
131
145
140
148
127
141
147
134
134
128
122
127
140
131
113
115
126
110
123
129
99
114
104
98
115
113
97
93
101
120
106
95
106
93
95
100
102
112
103
89
107
90
93
100
116
83
105
97
93
94
99
89
98
95
82
123
98
96
111
77
92
100
96
98
82
96
91
84
101
70
80
101
79
81
91
96
88
101
86
92
83
84
89
99
80
82
93
67
75
91
94
88
89
83
99
92
86
78
99
87
93
89
95
82
81
73
90
91
86
81
79
73
73
77
84
66
93
83
86
79
87
99
97
74
64
68
76
93
82
76
88
77
84
75
84
74
79
99
83
83
90
91
91
81
74
62
77
79
81
75
78
71
78
83
76
72
82
54
69
67
79
83
81
69
76
68
65
55
76
79
79
72
61
60
67
79
73
70
80
60
70
65
52
59
68
52
73
64
72
62
62
51
53
66
61
75
72
73
69
55
65
65
58
66
55
65
54
67
66
52
65
65
63
69
60
65
64
70
50
50
52
72
71
37
45
56
46
58
49
58
43
55
41
56
57
59
54
61
56
52
66
51
39
66
53
47
44
52
52
59
59
47
41
61
60
41
43
45
37
50
39
44
42
45
40
48
51
45
47
42
63
49
42
34
64
46
37
39
48
44
37
51
36
43
44
40
46
35
41
45
40
34
40
45
44
46
41
54
36
48
42
56
45
50
45
50
36
47
31
47
36
43
34
37
49
37
43
30
35
37
35
41
37
45
36
46
43
39
30
27
21
37
40
31
44
49
37
35
41
35
43
33
46
33
32
32
38
41
34
40
39
31
25
33
30
36
33
40
31
32
31
35
40
28
31
30
36
33
45
31
34
29
35
30
30
31
26
25
32
33
29
24
36
27
32
33
28
33
49
28
33
28
25
29
33
25
38
30
31
25
32
30
22
29
31
24
36
36
34
37
28
33
27
24
28
30
33
34
30
33
27
31
19
21
36
20
19
31
30
26
40
34
28
40
30
33
35
30
20
32
29
28
39
26
34
25
32
34
31
40
35
39
36
30
28
30
29
25
25
35
31
23
41
30
29
26
31
22
31
33
32
30
32
29
28
31
28
19
26
28
36
32
26
28
23
32
35
23
36
29
39
23
31
33
20
26
24
35
28
40
25
26
39
32
31
20
27
39
33
23
26
28
33
25
36
33
34
24
31
35
29
29
29
36
49
39
41
44
40
50
56
61
62
61
62
90
113
104
114
122
174
196
245
282
324
444
563
683
819
976
1099
1195
1323
1351
1457
1506
1515
1485
1534
1481
1516
1492
1600
1547
1489
1582
1460
1390
1167
1030
927
733
561
444
293
230
148
124
99
81
98
71
62
57
42
44
51
53
37
40
36
29
22
40
30
36
24
31
29
33
34
36
36
45
29
31
28
33
25
25
38
28
32
29
35
31
41
31
40
25
30
35
26
45
31
28
31
26
28
33
26
46
26
36
35
40
34
27
35
23
28
34
33
31
28
30
31
29
37
24
27
32
23
23
30
30
29
35
23
33
34
33
30
28
29
31
26
21
29
33
29
27
14
17
19
18
17
27
27
22
24
24
22
33
19
31
32
32
19
29
28
32
26
31
21
30
36
25
35
29
33
29
25
25
23
30
34
28
20
19
24
27
27
32
24
26
25
25
27
24
26
28
21
21
28
29
24
27
32
24
33
27
30
28
28
23
21
29
28
16
23
18
17
26
37
30
22
28
19
22
23
23
28
15
31
20
30
21
28
23
29
20
31
15
25
27
23
27
27
32
28
27
16
24
24
20
29
16
20
22
23
20
26
22
27
28
20
26
25
25
26
26
18
30
24
30
20
30
20
24
16
28
22
23
22
24
30
21
21
25
24
24
26
33
24
19
32
30
16
24
21
20
18
27
22
19
23
28
17
29
28
15
23
21
19
22
24
17
25
17
23
21
18
13
21
23
15
27
29
18
27
23
14
21
25
29
26
14
29
22
23
20
20
21
21
19
19
25
27
25
27
17
17
30
23
26
23
18
30
17
32
19
24
23
16
26
22
13
18
29
19
14
22
18
15
21
14
18
22
14
20
29
16
27
20
23
15
16
19
20
23
25
20
19
18
26
16
18
26
24
25
23
15
12
21
24
22
23
26
24
17
25
15
22
22
21
21
17
14
21
15
16
22
13
22
20
20
22
22
20
17
17
13
22
19
20
22
22
24
19
19
18
12
19
24
18
20
14
24
15
18
10
16
10
35
18
22
17
22
23
21
22
20
11
20
9
25
16
22
20
20
13
21
18
17
18
21
19
17
16
20
16
25
21
26
15
15
23
12
27
22
23
18
17
17
15
27
23
33
24
24
18
24
15
19
19
17
19
22
10
23
24
19
20
19
30
17
23
23
23
27
17
26
15
30
16
16
21
26
22
25
29
12
21
20
20
27
15
13
25
21
26
21
15
19
17
19
20
20
25
20
19
18
21
17
23
13
25
15
22
18
19
22
17
18
19
21
24
19
20
24
17
14
22
20
17
25
20
25
19
18
18
16
25
20
20
23
18
15
20
20
19
24
18
24
17
21
16
16
11
14
16
21
19
15
17
17
23
17
15
15
12
15
23
19
28
16
17
22
20
19
17
22
20
26
22
22
10
19
20
24
15
17
21
24
15
14
17
28
29
12
11
16
16
17
18
20
23
20
20
17
15
17
22
14
17
24
14
14
27
17
22
18
10
24
15
15
23
23
15
22
16
23
18
25
21
17
25
21
17
20
19
26
18
22
20
27
13
16
18
21
15
18
25
14
22
22
17
21
18
22
21
22
19
18
23
18
30
16
21
22
21
18
24
16
20
18
14
19
13
20
18
27
15
21
19
19
19
14
18
17
14
14
12
25
23
25
24
16
17
16
22
18
24
13
16
29
20
19
23
20
21
20
18
18
13
23
29
14
25
24
14
19
20
21
21
22
16
18
23
20
20
20
21
20
27
19
25
18
16
18
20
25
25
21
24
16
23
17
23
18
18
28
26
19
22
24
27
16
22
22
17
24
18
12
15
28
18
17
13
17
20
19
20
31
19
16
16
17
12
15
10
17
21
16
19
17
13
22
10
21
11
16
21
10
13
17
23
15
14
11
22
14
14
8
14
16
17
23
14
19
17
13
23
19
17
18
16
17
11
15
19
17
11
20
23
11
13
15
19
13
18
19
15
12
9
13
14
20
20
16
12
15
16
16
11
20
13
20
15
25
14
15
14
14
17
13
11
15
13
16
18
19
16
12
15
14
12
17
20
10
12
16
14
14
9
12
10
10
8
12
6
5
19
18
12
19
14
15
8
13
10
10
9
15
15
9
12
14
10
18
14
15
12
7
8
17
14
6
11
6
15
16
7
5
5
7
11
7
7
7
6
7
7
9
7
9
7
5
4
10
10
11
4
10
12
7
5
8
9
6
11
13
4
6
13
5
8
6
10
7
6
5
5
6
6
8
4
7
4
14
1
4
1
7
8
9
5
7
12
6
6
7
9
6
9
9
4
6
8
6
4
8
7
8
6
6
10
13
4
7
4
3
5
11
11
6
3
5
6
4
4
6
4
3
6
7
5
5
6
4
4
5
2
5
2
5
8
7
12
6
8
12
7
7
8
8
6
2
1
3
2
6
10
0
4
3
3
2
4
2
4
3
6
5
4
3
4
7
2
8
8
5
3
0
3
4
4
4
3
4
3
5
1
4
4
5
4
6
6
6
8
2
3
6
4
1
2
6
4
7
5
3
6
5
6
5
4
3
2
4
4
7
2
2
2
1
1
5
4
3
1
4
4
3
4
9
4
5
3
8
5
6
5
2
1
6
4
6
1
4
0
1
5
3
3
3
1
6
3
4
2
2
5
4
0
2
5
5
0
1
3
3
3
4
2
3
6
6
4
3
0
3
2
4
4
6
1
3
6
2
4
3
2
3
2
4
0
5
3
4
1
2
4
6
2
2
4
2
3
0
4
6
4
3
7
3
3
6
2
5
10
2
3
7
2
7
6
2
6
1
4
2
4
1
1
3
6
3
2
3
4
4
3
2
5
4
2
3
2
1
0
4
1
1
3
2
1
1
4
6
1
1
2
4
6
0
2
2
4
4
6
1
3
7
1
2
2
3
3
3
4
2
1
3
3
5
5
3
2
4
4
4
1
5
4
4
2
3
4
1
4
7
3
2
5
5
2
5
9
6
4
6
5
8
14
13
16
9
7
8
11
12
14
21
21
22
29
29
40
37
39
55
42
61
57
57
71
74
95
86
76
99
80
82
86
80
75
86
101
90
75
79
78
74
68
74
72
53
60
45
37
40
28
24
23
31
17
18
9
12
6
5
1
5
3
2
2
3
2
3
1
5
2
2
1
2
2
0
0
1
0
2
1
1
1
0
1
2
1
2
1
0
1
1
3
2
2
0
0
1
0
2
1
0
0
1
2
1
2
0
0
0
0
0
2
1
1
0
1
2
1
2
2
1
0
2
1
0
1
0
2
1
1
1
1
0
0
1
1
2
0
0
1
0
1
0
0
0
3
0
0
2
0
1
1
0
1
0
1
2
0
2
0
2
2
1
0
0
0
0
0
1
2
0
0
0
0
0
0
2
2
0
1
0
0
0
2
2
0
1
1
1
3
0
1
0
1
2
1
0
1
0
0
1
2
0
0
1
1
0
0
0
0
1
1
0
0
0
0
0
1
0
1
0
1
4
0
1
0
2
0
1
2
2
1
2
0
0
0
2
0
0
2
1
0
1
0
1
2
0
0
0
0
2
1
0
1
0
0
0
0
1
0
0
2
2
0
0
1
0
0
0
1
0
0
0
0
1
0
0
0
0
1
0
2
0
0
1
0
2
0
0
1
1
0
0
1
1
1
0
0
0
0
0
1
1
0
0
0
1
1
1
0
2
0
0
0
1
0
1
0
0
0
1
0
0
1
2
1
0
0
0
3
1
1
1
0
2
0
0
0
0
1
0
1
0
0
0
0
0
1
1
0
1
1
0
2
2
1
0
0
1
1
0
0
1
0
0
0
2
0
0
1
0
2
0
2
1
0
2
0
0
0
0
0
0
0
0
0
1
1
1
0
1
1
0
0
0
0
0
1
0
1
3
1
0
1
1
1
0
1
1
1
1
0
0
0
0
0
1
1
0
0
1
0
0
0
1
0
2
0
1
0
0
0
1
1
0
0
0
0
0
0
0
2
0
0
1
2
0
1
0
2
0
0
0
1
1
0
0
0
0
2
1
2
1
0
0
0
1
0
0
0
0
1
1
2
1
0
0
0
1
0
1
0
0
0
1
0
1
0
1
0
0
0
0
0
1
0
0
0
0
0
0
0
1
0
1
0
1
0
0
0
0
1
0
0
0
1
0
0
0
0
0
0
0
1
0
0
0
1
0
0
0
2
0
0
0
0
0
1
0
2
1
0
1
0
0
0
0
0
0
1
0
0
1
1
0
0
0
0
0
1
0
1
0
1
3
0
1
0
0
0
0
1
1
0
1
0
1
0
0
0
0
0
1
1
1
0
1
1
0
0
0
1
1
0
1
0
0
1
0
1
0
1
0
0
1
0
0
2
1
1
0
0
0
0
1
0
1
0
1
0
0
2
0
0
0
0
0
0
1
0
1
0
0
0
0
0
0
0
0
0
0
0
0
0
1
1
0
0
0
0
0
1
1
1
0
0
0
0
1
0
1
0
0
0
0
1
0
0
0
0
0
0
0
0
1
0
0
1
1
0
0
0
0
0
0
1
0
0
0
0
0
0
0
0
0
0
0
0
1
1
1
1
0
1
0
0
0
0
0
1
0
0
2
0
1
1
0
0
1
0
1
0
0
1
1
0
0
0
0
0
1
0
0
1
1
2
1
0
1
1
1
0
1
1
0
0
0
0
0
1
1
1
0
0
0
1
1
0
1
0
0
0
1
0
0
0
0
1
0
0
2
0
0
0
1
1
0
0
0
1
1
0
0
2
0
0
0
0
0
0
1
0
0
0
0
1
0
0
0
0
0
0
1
1
0
0
0
3
0
0
0
0
1
1
0
0
0
0
1
1
0
0
0
0
0
2
0
0
0
0
0
0
1
0
0
1
0
1
0
0
1
1
0
0
2
0
1
0
1
0
0
1
0
0
0
0
0
1
0
0
0
1
0
1
0
0
0
1
2
0
0
0
0
0
0
0
0
1
0
1
0
0
0
0
0
0
1
0
1
1
0
0
0
0
0
0
0
1
2
0
2
1
0
0
0
1
0
0
0
0
2
1
0
0
0
0
0
1
2
0
0
0
0
1
0
1
0
0
0
0
0
0
0
0
0
0
0
0
1
0
0
0
0
0
1
0
0
0
0
0
0
1
0
0
1
0
0
0
0
0
0
0
0
0
0
1
1
0
0
0
0
0
0
0
0
0
0
1
0
1
0
0
0
0
1
0
0
0
0
0
0
0
0
0
0
0
0
0
0
0
0
0
0
0
0
0
0
0
0
1
0
0
0
0
0
0
0
0
0
0
0
1
0
1
0
0
1
1
0
0
0
1
0
1
0
0
0
0
0
2
0
0
2
0
0
0
1
0
0
0
0
0
1
0
0
0
0
0
0
0
0
0
0
0
0
0
0
0
0
1
0
0
1
0
0
0
1
1
1
0
0
0
0
0
1
1
1
0
0
0
0
0
0
0
0
0
0
0
0
1
0
0
0
0
0
0
0
0
0
0
0
0
0
0
1
1
1
0
0
0
1
0
0
0
0
0
1
2
1
0
1
1
0
1
1
1
0
0
0
0
0
0
0
1
1
0
0
0
0
0
0
0
0
1
0
0
1
1
1
0
0
0
0
0
0
1
0
1
0
1
0
0
0
0
0
0
1
0
0
0
0
1
0
0
0
0
0
0
0
1
0
0
0
0
0
0
0
0
0
0
0
1
0
0
0
0
0
0
0
0
0
0
1
0
0
0
0
0
0
0
0
0
0
0
0
0
0
1
0
0
0
0
0
0
0
0
0
0
0
1
0
1
1
0
0
0
1
0
0
0
0
0
0
1
0
0
0
0
0
1
0
0
0
0
0
0
0
0
0
0
1
0
0
0
0
1
0
0
0
1
1
0
0
0
0
0
0
0
0
0
0
0
1
0
0
0
0
0
0
1
0
0
0
0
0
0
0
0
0
0
0
0
1
0
0
0
1
0
0
0
0
1
0
0
0
0
0
1
0
0
1
0
0
0
0
1
0
0
0
0
0
1
0
1
0
1
2
0
0
0
0
0
0
0
0
0
0
0
0
0
0
0
0
0
0
0
0
0
0
1
0
0
0
0
0
0
0
0
0
0
0
0
0
1
0
0
0
0
0
1
1
0
0
0
0
1
1
0
0
1
0
1
0
0
0
0
0
0
0
0
0
0
0
1
0
0
0
0
0
0
2
0
0
0
0
0
0
0
0
0
0
0
0
0
0
0
0
0
0
1
0
0
1
0
0
0
0
0
0
1
0
0
0
0
0
0
0
0
0
0
0
1
0
0
1
0
0
0
0
0
0
0
0
1
1
0
0
0
0
1
0
0
0
0
0
1
0
0
0
0
0
0
0
0
0
0
1
0
0
1
0
0
0
0
0
0
0
0
0
0
0
0
0
1
0
0
1
0
1
1
0
1
0
0
0
0
0
0
0
1
0
0
0
0
0
0
0
0
0
0
0
0
0
0
0
0
0
0
2
1
0
1
0
0
0
0
0
1
1
0
0
0
0
0
0
0
1
1
0
0
0
0
0
0
0
0
1
0
0
0
0
0
0
0
1
1
0
0
1
0
0
0
1
0
0
1
0
0
0
0
0
0
0
0
0
0
0
0
1
0
0
0
0
0
0
0
0
0
0
0
0
0
0
0
0
0
0
0
0
0
0
0
1
0
0
0
0
0
0
0
0
0
0
0
0
0
0
0
0
0
0
0
0
0
0
0
0
0
0
0
0
0
0
0
0
0
0
0
0
1
0
0
0
0
0
0
0
1
0
0
0
0
0
2
0
0
0
0
2
0
0
1
0
0
0
0
0
0
0
0
0
0
1
0
0
0
0
0
0
0
0
0
0
0
0
0
0
0
0
1
0
0
0
0
0
1
0
0
1
0
0
0
0
1
0
1
0
0
0
0
0
0
0
0
0
0
0
0
0
0
0
0
0
0
0
0
0
1
0
0
0
0
0
0
0
1
0
0
0
0
0
1
0
0
0
0
0
0
0
0
0
0
0
0
1
0
0
0
1
0
0
0
0
0
0
0
0
0
0
0
0
0
0
0
1
0
0
0
0
0
0
0
0
0
0
0
0
0
0
0
0
1
0
0
0
0
0
0
0
0
0
0
0
0
1
0
0
0
0
0
0
0
0
1
0
0
0
1
0
0
0
0
0
0
0
0
0
0
0
0
0
0
0
0
0
0
0
0
0
0
0
0
0
0
0
0
0
0
0
0
0
1
0
0
0
0
0
0
0
0
0
0
0
0
0
0
1
0
0
0
0
0
1
0
0
0
0
0
0
0
0
0
0
0
0
0
0
0
0
0
0
0
0
0
0
0
0
0
0
0
0
0
0
0
1
0
0
0
1
0
0
0
0
0
0
0
0
0
0
0
0
0
2
0
0
0
0
0
0
0
0
0
0
0
0
0
0
0
0
0
0
0
0
0
0
0
0
0
1
0
0
0
0
0
1
0
0
0
0
1
0
0
0
0
0
0
0
0
0
0
0
0
1
0
0
0
0
0
0
0
0
1
0
0
0
0
0
0
0
0
0
0
0
0
0
0
0
0
0
0
0
0
0
0
0
0
0
0
1
0
0
0
0
0
0
0
0
0
0
0
0
0
1
0
0
1
0
0
0
0
0
0
0
0
0
0
0
0
0
0
0
0
0
0
0
0
0
0
0
0
0
0
0
0
0
0
0
0
0
0
0
0
0
0
0
0
0
0
0
0
0
0
0
0
0
0
0
0
0
0
0
0
0
0
0
0
0
0
0
0
0
0
0
0
0
1
0
0
0
0
0
0
0
0
0
0
0
0
0
0
0
0
0
0
0
0
0
0
0
0
0
0
0
1
0
0
1
0
1
0
0
1
0
0
0
1
1
1
0
0
1
0
0
0
1
2
2
1
0
0
0
0
0
1
1
0
0
1
2
0
0
0
0
0
0
0
0
0
0
0
0
0
0
0
1
0
0
0
0
0
0
0
0
0
1
0
0
0
0
0
0
0
0
0
0
0
0
0
0
0
0
0
0
1
0
0
0
0
0
0
0
0
0
0
0
0
0
0
0
0
0
0
0
0
0
0
0
0
0
0
0
0
0
0
0
0
0
0
0
0
0
0
0
0
0
0
0
0
0
0
0
0
0
0
0
0
0
0
0
0
0
0
0
0
0
0
0
0
0
0
0
0
0
0
0
0
0
0
0
0
0
0
0
0
0
0
0
0
0
0
0
0
0
0
0
0
0
0
0
0
1
0
0
0
0
0
0
0
0
0
0
0
0
0
0
0
0
0
0
0
0
0
0
0
0
0
0
0
0
0
0
0
0
0
0
0
0
0
0
0
0
0
0
0
0
0
0
0
0
0
0
0
0
0
0
0
1
0
0
0
0
0
0
0
0
0
0
0
0
0
0
1
0
0
0
0
0
0
0
0
0
0
0
0
0
0
0
0
0
0
0
0
0
0
0
0
0
0
0
0
0
0
0
0
0
0
0
0
0
0
0
0
0
0
0
0
0
0
0
0
0
0
0
0
0
0
0
0
0
0
0
0
0
0
0
0
0
0
0
0
0
0
0
0
1
0
0
0
0
0
0
0
0
0
0
0
0
0
0
0
0
0
0
0
0
0
0
0
0
0
0
0
0
0
0
0
0
0
0
0
0
0
0
0
0
1
0
0
0
0
0
0
0
0
0
0
0
0
0
0
0
0
0
0
0
0
0
0
0
0
0
0
0
0
0
0
0
0
0
0
0
0
0
0
0
0
0
0
0
0
0
0
0
0
0
0
0
0
0
0
0
0
0
0
0
0
0
0
0
0
0
0
0
0
0
0
0
0
0
0
0
0
0
0
0
0
0
0
0
0
0
0
0
0
0
0
0
0
0
0
0
0
0
0
0
0
0
0
0
0
0
0
0
0
0
0
0
0
0
0
0
0
0
0
0
0
0
0
0
0
0
0
0
0
0
0
0
0
0
0
0
0
0
0
0
0
0
0
0
0
0
0
0
0
0
0
0
0
0
0
0
0
0
0
0
0
0
0
0
0
0
0
0
0
0
0
0
0
0
0
0
0
0
0
0
0
0
0
0
0
0
0
0
0
0
0
0
0
0
0
0
0
0
0
0
0
0
0
0
0
0
0
0
0
0
0
0
0
0
0
0
0
1
0
0
0
0
1
0
0
0
0
0
0
0
0
0
0
0
0
0
0
0
0
0
0
0
0
2
0
0
0
0
0
0
0
0
0
0
0
0
0
0
0
0
0
0
0
0
0
0
0
0
0
0
0
0
0
0
0
0
0
0
0
0
0
0
0
0
0
0
0
0
0
0
0
0
0
0
0
0
0
0
0
0
0
0
0
0
0
1
0
0
0
0
0
0
0
0
0
0
0
0
0
0
0
0
0
0
0
0
0
0
0
0
0
0
0
0
0
0
0
0
0
0
0
0
0
0
0
0
0
0
0
0
0
0
0
0
0
0
0
0
0
0
0
0
0
0
0
0
0
0
0
0
0
0
0
0
0
0
0
0
0
0
0
0
0
0
0
0
0
0
0
0
0
0
0
0
0
0
0
0
0
0
0
0
0
0
0
0
0
0
0
0
0
0
0
0
0
0
0
0
0
0
0
0
0
0
0
0
0
0
0
0
0
0
0
0
0
0
0
0
0
0
0
0
0
0
0
0
0
0
0
0
0
0
0
0
0
0
0
0
0
0
0
0
0
0
0
0
0
0
0
0
0
0
0
0
0
0
0
0
0
0
0
0
0
0
0
0
0
0
0
0
0
0
0
0
0
0
0
0
0
0
0
0
0
0
0
0
0
0
0
0
0
0
0
0
0
0
0
0
0
0
0
0
0
0
0
0
0
0
0
0
0
0
0
0
0
0
0
0
0
0
0
0
0
0
0
0
0
0
0
0
0
0
0
0
0
0
0
0
0
0
0
0
0
0
0
0
0
0
0
0
0
0
0
0
0
0
0
0
0
0
0
0
0
0
0
0
0
0
1
0
0
0
0
0
0
0
0
0
0
0
0
0
0
0
0
0
0
0
0
0
0
0
0
0
0
0
0
0
0
0
0
0
0
0
0
0
0
0
0
0
0
0
0
0
0
0
0
0
0
0
0
0
0
0
0
0
0
0
0
0
0
0
0
0
0
0
0
0
0
0
0
0
0
0
0
0
0
0
0
0
0
0
0
0
0
0
0
0
0
0
0
0
0
0
0
0
0
0
0
0
0
0
0
0
0
0
0
0
0
0
0
0
0
0
0
0
0
0
0
0
0
0
0
0
0
0
0
0
0
0
0
0
0
0
0
0
0
0
0
0
0
0
0
0
0
0
0
0
0
0
0
0
0
0
0
0
0
0
0
0
0
0
0
0
0
0
0
0
0
0
0
0
0
0
0
0
0
0
0
0
1
0
0
0
0
0
0
0
0
0
0
0
0
0
0
0
0
0
0
0
0
0
0
0
0
0
0
0
0
0
0
0
0
0
0
0
0
0
0
0
0
0
0
0
0
0
0
0
0
0
0
0
0
0
0
0
0
0
0
0
0
0
0
0
0
0
0
0
0
0
0
0
0
0
0
0
0
0
0
0
0
0
0
0
0
0
0
0
0
0
0
0
0
0
0
0
0
0
0
0
0
0
0
0
0
0
0
0
0
0
0
0
0
0
0
0
0
0
0
0
0
0
0
0
0
0
0
0
0
0
0
0
0
0
0
0
0
0
0
0
0
0
0
0
0
0
0
0
0
0
0
0
0
0
0
0
0
0
0
0
0
0
0
0
0
0
0
0
0
0
0
0
0
0
0
0
0
0
0
0
0
0
0
0
0
0
0
0
0
0
0
0
0
0
0
0
0
0
0
0
0
0
0
0
0
0
0
0
0
0
0
0
0
0
0
0
0
0
0
0
0
0
0
0
0
0
0
0
0
0
0
0
0
0
0
0
0
0
0
0
0
0
0
0
0
0
0
0
0
0
0
0
1
0
0
0
0
0
2
0
0
2
0
1
1
1
1
1
0
0
0
0
1
0
0
1
1
0
0
1
0
1
0
0
0
2
1
1
0
0
1
0
0
0
0
0
2
1
0
0
0
1
0
1
0
0
0
2
2
0
1
0
1
2
1
0
1
2
2
0
0
0
0
0
1
0
1
1
0
0
2
2
0
1
1
0
0
0
0
1
1
0
1
2
0
0
0
2
0
1
1
0
0
0
1
0
0
0
1
1
0
1
1
1
1
1
0
0
0
1
0
0
0
0
0
0
0
0
0
1
1
0
0
0
0
