0
0
0
0
0
0
0
0
0
0
0
0
0
0
0
0
0
1
1
1
3
2
5
5
5
9
11
10
7
13
11
9
17
10
15
17
12
8
7
11
11
16
15
10
15
9
9
6
6
16
7
4
9
11
6
9
6
14
5
11
8
16
18
12
30
42
56
62
70
83
84
108
147
167
196
263
340
383
447
427
465
478
499
517
481
538
544
547
550
534
615
636
724
728
764
719
701
729
674
650
616
572
611
584
550
532
512
556
536
514
554
523
495
524
514
518
529
494
511
468
537
507
518
523
503
518
499
515
484
450
503
518
492
502
502
525
523
574
472
522
507
461
510
502
524
540
521
494
522
525
502
524
466
526
526
522
483
537
487
510
479
507
464
510
512
518
514
529
504
483
484
480
505
473
508
495
522
492
488
517
496
505
484
490
497
467
473
493
477
502
485
486
483
463
441
485
490
497
479
487
478
471
529
502
472
524
450
483
484
451
495
507
484
545
472
478
479
459
467
488
468
534
499
485
521
466
482
494
516
487
475
508
491
495
492
501
455
496
477
467
467
505
521
529
482
499
473
476
511
454
489
491
487
498
480
500
499
475
485
496
506
492
450
497
509
476
494
478
500
504
468
473
532
507
505
495
512
539
506
485
496
509
481
528
514
495
482
489
458
506
466
433
479
505
494
511
490
469
522
540
503
517
503
518
474
464
505
461
481
516
482
471
478
516
500
498
475
465
476
481
472
524
459
499
488
493
479
508
468
485
488
479
451
520
484
463
522
469
472
457
485
506
488
471
498
513
485
486
451
459
508
502
497
519
490
495
464
465
456
478
479
515
501
522
508
486
523
526
531
484
488
521
493
508
524
512
533
554
543
569
507
537
576
576
535
538
550
556
571
545
573
579
589
556
539
573
592
597
558
537
552
565
578
578
538
553
550
548
544
546
601
564
600
611
568
557
574
597
559
547
558
577
583
585
564
542
567
605
499
505
579
593
588
559
609
575
559
543
552
536
555
622
562
560
585
615
590
525
569
557
571
544
571
590
568
608
541
547
534
564
472
550
526
539
569
589
548
555
535
588
584
550
524
549
577
580
567
625
540
537
543
577
565
534
560
567
542
527
580
567
562
597
551
563
572
573
544
547
587
566
578
560
541
562
582
568
535
544
599
529
574
563
554
513
535
530
595
540
507
574
570
554
546
547
531
551
543
527
590
521
554
541
532
546
525
550
585
529
545
592
537
542
544
548
539
553
526
505
527
543
546
571
560
541
551
568
584
583
587
551
547
544
532
584
517
550
570
538
543
529
552
574
543
533
565
508
514
601
549
531
523
520
548
538
549
574
536
546
526
544
567
534
523
520
550
558
570
541
535
552
572
530
536
583
529
532
539
522
610
559
552
540
561
489
594
514
536
545
580
558
528
518
549
589
540
569
582
539
549
547
546
534
510
557
543
517
581
567
549
558
544
557
565
561
552
515
536
555
555
529
535
578
562
539
594
620
557
536
537
540
552
515
611
594
582
572
546
541
580
593
535
586
569
573
509
541
586
580
575
566
605
583
558
576
557
591
563
572
603
582
574
567
582
577
594
616
557
611
603
608
560
578
616
628
559
606
627
578
638
608
572
622
604
617
542
599
611
626
628
607
605
587
602
624
625
602
635
577
619
606
625
677
648
617
610
639
691
632
639
626
660
637
586
598
631
613
618
605
635
621
641
634
644
655
625
602
647
655
630
654
660
659
653
624
671
653
705
713
657
589
695
651
630
715
707
698
664
656
654
693
722
685
668
726
643
699
676
679
735
708
694
724
692
704
703
733
720
708
719
704
683
702
726
729
716
709
702
692
702
676
647
693
663
701
638
631
634
608
580
541
568
549
496
533
545
550
491
507
508
474
485
483
426
456
427
437
432
432
398
429
459
396
413
406
394
372
395
415
374
369
418
375
376
404
395
393
344
423
333
361
361
370
360
371
393
376
357
352
366
369
340
358
332
357
346
343
335
296
314
341
324
362
308
300
329
310
312
301
281
339
307
308
300
317
274
309
310
292
285
312
267
318
295
304
303
317
283
266
298
273
283
277
300
288
259
257
281
305
296
249
283
295
267
251
254
274
253
240
265
238
261
229
247
265
243
245
249
251
248
285
228
242
248
246
252
249
228
211
230
241
242
229
245
245
230
231
243
254
227
234
235
224
215
180
229
191
220
212
208
226
201
227
191
229
232
207
206
200
195
216
181
211
228
190
196
193
174
202
174
190
186
207
173
186
188
198
180
176
180
173
173
174
199
190
194
174
201
183
182
178
173
176
162
171
183
192
172
193
164
161
183
195
159
153
161
182
180
162
182
174
187
162
160
165
180
183
193
178
165
172
152
145
160
158
153
173
204
163
162
181
175
160
184
148
139
162
167
170
145
168
161
150
156
167
169
157
172
164
178
167
143
180
155
164
165
142
165
163
160
173
174
162
176
192
164
177
149
186
140
151
164
180
170
151
158
162
162
196
151
168
161
151
158
157
160
176
158
153
132
164
142
169
191
174
152
140
166
174
156
149
168
165
158
171
150
153
174
145
170
172
153
156
148
165
159
152
144
177
142
137
157
139
158
186
145
154
147
162
142
152
149
186
145
145
138
143
148
138
147
179
151
151
143
151
137
149
165
145
152
141
146
146
149
141
131
142
173
131
148
139
139
143
146
140
155
138
125
172
131
130
153
144
118
154
150
133
117
144
133
138
163
132
153
139
130
123
157
162
147
151
136
128
155
150
160
135
135
141
138
164
143
154
162
137
141
157
158
166
154
147
158
167
149
178
181
138
172
173
173
195
215
230
257
302
393
484
649
865
1226
1690
2414
3320
4298
5806
7216
8855
10307
11538
12503
13048
12756
12320
11716
10434
8921
7653
6060
4620
3551
2652
1869
1472
1091
784
613
520
419
375
303
290
247
217
193
178
155
152
139
131
158
137
127
110
132
117
120
116
121
115
111
118
90
108
120
88
90
91
120
104
145
87
103
114
101
108
104
97
132
102
105
110
78
99
107
91
112
110
91
94
105
99
88
94
100
76
88
101
93
104
100
98
108
88
96
79
92
110
86
106
102
81
89
98
93
110
103
97
105
106
95
85
85
83
105
101
86
111
94
117
80
106
76
88
89
105
98
93
93
102
90
80
101
92
97
73
109
86
86
99
115
106
96
92
91
91
90
101
75
76
104
96
97
76
96
113
73
87
120
89
96
103
106
109
87
84
96
105
101
100
98
96
88
116
114
90
101
92
104
95
95
76
82
103
92
91
98
95
100
87
83
83
91
73
92
81
63
76
81
82
75
80
87
80
86
76
71
90
71
79
76
82
75
78
78
84
74
87
77
80
103
76
68
84
87
97
87
73
79
90
95
76
83
85
82
81
75
75
84
87
84
78
85
86
80
84
91
84
84
113
77
56
80
85
58
89
88
72
93
91
91
63
68
74
88
79
75
84
90
78
80
99
80
106
65
66
83
87
83
68
87
83
70
80
82
90
84
78
75
95
89
72
63
88
77
79
74
73
77
73
75
79
84
76
88
76
75
87
67
82
79
84
69
70
68
71
72
79
80
77
82
106
84
83
88
83
67
85
96
74
79
64
85
74
88
78
88
79
88
72
67
67
70
93
71
70
86
86
81
74
61
83
77
75
82
72
77
86
84
87
91
72
96
98
67
85
85
79
73
80
80
87
92
100
84
71
77
72
72
68
96
79
68
80
78
71
85
71
81
66
79
66
68
102
94
95
92
92
66
69
69
72
76
83
70
91
75
81
85
90
89
72
88
84
79
73
91
83
92
72
71
91
71
89
90
86
98
73
79
87
96
66
97
68
62
84
79
66
90
67
91
81
75
71
76
75
84
84
70
71
100
87
83
57
89
100
87
80
86
80
92
89
88
67
80
83
96
78
103
76
92
89
93
80
97
68
73
80
94
98
69
69
68
61
94
74
90
74
72
83
83
75
85
85
86
88
70
91
97
84
85
82
83
85
79
72
89
87
83
81
92
70
76
73
74
87
93
74
78
79
69
79
79
84
98
84
96
72
70
89
95
80
82
78
81
78
74
79
95
88
95
90
77
92
70
93
80
82
81
76
77
72
65
88
71
64
90
98
89
90
81
79
81
88
76
74
82
80
88
86
78
77
70
70
82
86
76
84
95
76
76
71
89
68
79
85
95
84
75
77
74
80
73
80
86
91
82
91
82
95
87
73
90
83
79
77
79
72
74
74
72
87
76
85
74
89
79
87
86
75
89
88
88
69
71
88
76
85
90
83
70
74
65
82
75
100
75
74
74
98
74
85
76
77
77
76
90
82
75
90
98
76
82
70
80
90
101
91
76
101
92
82
78
101
84
90
83
81
84
90
99
86
78
85
96
78
97
73
84
89
82
75
85
94
90
84
99
99
79
70
67
68
85
91
91
95
82
92
77
92
85
78
89
86
77
80
76
80
92
84
81
81
85
81
75
76
81
86
77
86
91
80
77
79
77
100
99
85
76
75
82
66
75
70
82
95
81
69
89
105
79
66
101
86
79
81
87
95
72
76
68
87
88
83
88
90
71
90
80
75
88
81
78
95
81
100
93
79
82
84
87
88
78
81
92
101
76
90
98
84
98
77
89
100
81
84
84
83
88
95
84
85
85
75
86
106
100
96
94
92
84
84
82
92
86
97
83
91
88
84
68
81
94
93
82
86
94
95
80
82
88
98
90
68
83
104
90
94
90
83
84
86
97
87
96
83
97
72
86
94
104
98
102
86
70
82
75
89
95
97
93
89
98
102
91
84
84
85
83
99
102
76
92
92
96
69
85
87
94
96
95
84
84
92
76
104
103
90
89
96
81
79
90
89
82
85
83
86
102
90
91
84
79
90
81
100
95
74
73
66
85
90
87
90
98
99
91
82
84
102
81
103
85
91
106
100
99
97
91
93
90
95
85
104
116
82
86
90
107
80
114
95
91
90
76
83
76
78
89
97
101
101
85
104
93
97
95
92
92
87
101
77
87
107
78
96
96
85
72
98
95
92
96
82
98
90
87
92
107
96
102
82
86
89
78
81
90
80
86
95
88
100
85
90
106
95
99
79
114
83
105
94
93
108
84
102
84
109
91
81
104
101
97
119
93
93
90
98
99
90
99
104
87
89
92
97
77
104
108
123
97
107
117
101
90
96
94
103
90
105
103
88
100
98
112
84
99
106
99
88
90
97
97
90
93
87
93
84
116
105
99
102
92
105
102
97
107
107
85
105
108
83
95
110
85
87
93
98
82
77
81
125
85
93
111
118
91
128
93
83
100
108
104
127
93
98
86
99
105
110
98
97
100
114
93
104
106
139
106
117
73
118
104
106
106
110
114
86
110
110
107
102
116
110
106
119
112
102
103
97
99
97
104
117
101
104
124
101
101
106
104
117
107
102
112
115
103
128
106
112
122
106
118
103
115
114
123
108
112
119
123
124
108
108
127
107
109
115
108
107
127
112
94
113
112
89
101
119
115
124
127
111
96
124
121
106
120
98
111
118
108
114
134
120
121
115
108
100
102
111
91
119
114
91
122
116
100
114
104
111
134
135
114
119
111
123
117
103
119
109
100
128
105
137
117
147
112
117
119
120
110
124
112
135
123
130
122
114
116
103
123
92
122
99
122
121
130
114
124
125
132
101
122
133
134
130
131
125
140
127
131
129
110
107
135
112
123
139
138
125
119
131
111
146
136
141
138
128
138
128
128
139
118
131
129
112
128
146
144
133
130
127
124
141
141
120
116
125
149
125
113
119
139
118
145
112
133
156
152
159
157
103
150
140
123
116
112
135
136
118
129
129
148
131
152
120
130
134
132
135
120
145
162
133
158
145
122
124
132
130
128
137
132
119
132
142
150
158
138
136
129
135
166
142
149
153
129
153
142
134
134
120
149
140
144
143
159
121
136
147
185
123
154
154
135
159
165
142
142
151
132
148
150
174
130
150
130
143
169
166
151
140
137
175
146
146
159
170
153
144
159
170
157
149
144
139
176
154
160
143
169
177
160
130
156
154
143
156
168
159
149
142
182
151
175
159
161
164
155
157
157
134
144
144
173
170
152
157
178
138
171
163
146
156
143
138
131
144
142
112
127
123
128
117
134
109
124
118
110
125
128
111
125
115
115
118
103
121
120
112
115
89
113
104
102
103
96
81
108
105
97
115
96
100
107
97
99
99
114
97
84
109
98
95
83
97
72
90
84
100
103
97
81
86
105
97
89
96
105
82
87
85
93
89
78
82
94
85
79
82
84
89
98
94
102
76
84
95
94
90
83
90
92
80
77
92
88
74
85
89
84
91
98
97
88
83
92
84
101
86
70
84
90
82
92
81
72
73
92
97
99
88
86
82
80
86
100
78
82
97
92
79
70
63
86
78
72
80
69
74
67
87
78
77
75
73
82
100
73
71
76
78
61
85
74
72
74
80
74
77
71
70
76
82
88
75
68
79
74
71
80
82
66
72
69
84
78
63
67
71
72
77
61
78
65
68
76
71
57
63
69
77
81
69
73
74
69
62
59
65
77
67
65
73
62
55
50
61
50
60
63
70
68
71
51
48
65
56
56
60
75
49
52
56
57
60
61
53
52
43
51
59
62
49
59
53
52
63
60
41
51
48
55
46
50
46
46
50
49
59
56
59
53
49
42
46
51
39
42
47
61
41
46
42
44
51
34
30
50
30
54
43
41
51
40
43
40
37
44
39
40
47
48
43
34
49
47
48
42
44
42
46
38
40
45
51
49
45
42
31
37
33
42
46
35
52
42
46
41
39
36
32
39
39
34
47
44
43
39
47
34
34
37
42
41
29
36
35
43
47
39
28
39
39
34
36
27
44
39
39
44
32
37
43
34
37
33
33
32
34
26
32
44
33
52
36
39
34
28
36
30
30
27
42
32
31
34
38
32
30
38
34
34
30
29
27
36
32
26
24
23
29
29
38
37
27
33
35
24
26
27
35
33
33
37
35
29
29
37
33
32
33
27
32
28
32
26
34
29
29
23
30
29
37
28
31
31
35
32
23
21
48
28
33
19
30
38
22
19
34
24
26
37
22
29
43
25
34
30
36
25
25
35
36
30
33
34
23
27
33
34
30
34
35
19
40
24
35
25
25
35
32
32
35
14
24
33
20
32
38
25
32
35
23
26
23
24
26
42
39
27
28
25
32
21
27
37
28
37
33
23
25
22
31
29
39
27
25
32
27
35
34
34
30
26
29
28
37
30
27
22
34
33
25
36
17
23
27
35
28
38
33
32
26
30
35
45
49
33
43
40
53
57
48
65
57
56
97
107
98
131
147
173
212
296
310
412
545
606
748
967
1052
1192
1212
1424
1456
1565
1516
1556
1603
1574
1615
1633
1663
1687
1665
1574
1444
1349
1146
993
856
611
504
360
264
194
166
136
121
77
68
58
56
51
55
48
51
47
42
48
33
34
39
41
24
29
40
42
36
27
38
38
37
29
29
37
29
26
37
35
31
31
38
32
26
18
27
25
38
26
30
31
32
33
26
28
25
36
36
35
27
30
24
31
30
38
30
26
31
43
28
34
26
27
47
29
32
24
23
35
31
25
20
22
24
31
23
35
25
27
22
32
35
16
32
29
23
27
31
25
28
34
25
36
17
28
35
24
22
23
20
32
24
24
27
26
24
23
30
38
24
31
28
25
24
28
32
27
23
36
27
24
23
31
31
29
23
25
22
20
16
24
35
21
25
23
14
37
29
32
19
23
24
16
17
39
26
27
32
30
21
24
15
23
20
25
31
18
25
30
20
26
26
29
23
22
16
18
20
30
18
26
21
21
18
22
23
19
30
36
34
20
31
21
23
22
26
30
16
30
26
32
28
30
26
15
41
26
29
26
24
32
19
26
21
20
30
30
20
22
30
25
40
16
24
29
21
24
19
16
22
14
8
28
23
21
26
18
26
28
21
23
32
28
19
19
28
22
22
26
21
15
25
19
28
26
22
26
25
17
24
22
21
29
18
24
14
22
15
21
17
16
20
30
30
25
13
26
17
28
19
24
18
22
24
19
18
23
21
18
26
26
20
25
26
23
18
16
21
19
22
24
22
21
14
18
17
18
26
22
19
29
19
14
18
28
25
27
22
17
21
19
14
24
21
13
22
15
24
20
26
18
13
23
23
17
12
23
24
18
18
25
26
23
21
18
23
21
14
21
24
21
18
24
17
11
9
16
24
19
18
17
24
22
20
24
24
21
22
22
18
19
30
24
15
22
18
24
15
22
14
21
24
12
19
26
14
15
16
24
16
26
17
25
17
21
15
18
12
17
19
21
20
12
12
20
22
16
20
22
24
17
14
22
15
15
19
26
10
14
23
17
29
12
19
19
26
24
22
17
22
28
27
27
26
25
24
25
15
16
18
27
20
24
21
20
19
25
21
22
17
15
25
22
25
20
19
13
18
22
12
22
18
26
26
21
24
27
24
14
24
16
29
32
17
18
13
35
15
24
31
28
20
26
14
18
24
20
14
12
16
27
18
23
20
17
22
19
24
19
18
23
17
14
19
15
30
7
19
16
20
15
19
17
15
16
18
29
19
23
22
23
16
11
26
12
20
23
20
27
18
13
19
18
18
14
18
18
12
24
20
14
24
16
14
26
21
16
16
25
19
24
15
15
22
25
12
19
22
21
21
20
18
27
21
27
27
21
20
27
16
17
22
25
22
26
15
22
22
20
14
16
15
14
28
22
17
18
21
19
26
27
22
17
23
15
18
20
21
26
19
12
15
22
22
17
15
24
25
21
21
19
19
23
15
23
17
20
25
18
23
17
23
12
18
16
23
14
14
23
19
18
21
21
19
14
23
19
24
21
14
21
22
15
21
19
12
14
13
20
15
17
15
13
17
15
19
22
25
22
21
16
21
21
24
23
12
14
14
18
17
14
22
28
15
15
22
21
16
16
12
16
21
19
22
20
20
25
18
20
21
24
23
21
24
20
18
17
19
16
25
13
16
19
19
25
21
24
26
15
17
15
16
20
17
21
19
19
18
14
17
18
26
23
15
21
18
19
26
22
26
24
17
25
15
22
20
15
18
9
18
22
16
19
23
23
21
21
15
17
25
17
17
22
21
17
21
24
17
21
16
16
21
17
24
16
13
18
17
14
22
16
13
23
21
25
8
14
12
15
12
21
16
22
18
12
16
16
12
16
14
9
16
24
12
18
17
14
21
13
10
11
16
27
21
16
13
15
22
12
17
15
8
13
18
13
15
27
15
12
14
15
12
13
17
22
14
16
18
20
17
22
12
7
17
13
13
19
15
15
11
20
19
17
21
16
19
18
22
17
20
11
18
15
9
12
17
13
12
15
19
11
11
9
15
11
15
13
12
17
14
18
10
14
10
12
12
10
12
13
15
12
20
9
13
8
7
8
15
12
9
12
9
10
8
8
15
11
11
7
9
7
8
5
5
8
8
9
6
10
5
9
11
9
15
7
6
8
5
4
16
11
4
7
7
11
9
10
7
12
5
10
8
7
5
7
9
13
12
10
10
13
12
5
6
8
11
8
10
10
6
9
6
15
9
12
10
12
8
5
5
10
1
9
10
8
8
5
5
5
4
7
9
4
5
5
11
5
7
7
7
4
10
5
7
9
6
7
5
5
5
10
6
6
2
5
5
7
6
4
5
7
4
5
4
4
3
4
3
7
11
5
6
6
4
3
9
6
3
4
4
2
6
4
3
5
4
9
3
7
4
3
4
4
3
4
5
4
4
3
4
3
3
4
2
8
1
4
2
5
4
3
7
6
6
3
6
2
2
4
3
1
5
3
2
6
4
5
2
7
3
6
2
4
6
4
1
7
0
4
2
2
3
2
7
2
2
2
6
2
2
3
6
2
3
4
5
1
3
2
3
3
2
3
2
3
0
1
2
5
4
3
2
4
2
6
3
5
3
4
1
3
3
7
2
5
4
4
2
0
1
3
3
3
2
0
5
3
0
2
5
1
2
4
4
2
2
4
2
1
3
0
3
4
2
2
4
2
0
2
3
3
4
3
2
3
1
2
2
2
5
1
2
6
5
0
1
5
3
5
4
2
4
6
3
3
3
5
3
7
4
3
2
3
5
1
5
2
5
5
3
0
5
3
2
1
4
2
3
2
6
4
1
1
4
4
6
1
4
3
3
6
4
1
3
0
3
3
1
2
1
3
5
1
6
5
2
2
4
2
1
2
2
3
2
4
0
5
2
6
3
3
3
3
4
6
3
4
7
1
4
2
2
3
8
4
6
6
5
6
6
8
7
7
5
11
11
14
12
8
12
11
10
14
17
24
24
31
22
31
44
48
45
42
50
59
56
70
83
67
82
85
95
104
84
94
102
74
94
69
90
89
86
62
74
67
73
60
61
44
55
44
40
36
28
19
24
16
16
11
7
2
4
5
4
2
6
2
3
1
1
1
3
0
2
2
0
3
1
0
1
0
1
0
1
3
1
2
0
2
1
1
1
0
1
0
1
1
0
2
1
2
1
2
0
1
0
0
2
0
0
1
0
0
0
0
1
1
1
0
1
1
0
2
1
1
3
2
0
1
1
3
0
1
1
1
1
0
0
1
3
1
0
2
0
0
0
0
2
1
2
1
2
1
1
0
1
0
0
0
0
0
0
1
3
3
2
1
0
0
0
3
0
0
1
0
0
0
0
1
0
1
1
1
1
0
0
2
0
2
1
1
0
0
0
1
2
0
1
0
1
0
0
0
1
0
0
2
0
0
0
1
0
1
1
0
1
0
2
0
0
0
0
0
0
1
2
1
1
1
1
0
0
0
0
3
0
0
0
1
1
0
0
0
1
0
0
0
0
0
0
2
1
1
1
1
2
0
1
1
1
0
2
0
0
1
0
0
0
1
0
1
2
1
0
0
0
2
0
0
0
1
0
0
0
0
0
1
0
1
0
1
0
0
2
0
0
0
0
0
1
0
0
0
0
0
0
0
0
0
0
0
0
0
0
2
0
1
0
1
0
0
1
0
1
0
0
0
0
1
0
1
1
0
0
0
0
0
0
1
2
1
0
2
0
1
0
1
1
1
0
2
0
0
0
1
1
1
0
1
1
2
0
2
0
1
1
0
1
2
1
0
0
0
0
0
1
0
0
0
0
0
0
0
2
1
1
0
0
1
0
0
1
1
0
0
0
1
0
0
0
1
2
1
0
0
0
0
0
0
1
1
2
1
0
0
0
0
0
0
0
1
0
1
1
0
0
0
0
0
0
0
2
0
1
1
2
0
1
0
0
0
0
0
3
0
0
0
0
2
0
2
1
0
0
0
0
1
1
1
0
0
0
1
1
0
0
1
0
0
1
3
1
0
0
1
0
3
0
0
0
0
0
0
0
0
1
0
1
1
0
0
0
0
0
0
1
1
0
0
0
1
0
0
2
0
0
0
0
0
0
0
1
0
0
0
0
0
1
1
0
1
0
1
0
0
0
0
0
2
0
0
0
0
0
0
2
0
1
0
0
0
0
0
0
1
0
1
0
0
1
0
1
1
0
0
0
0
1
1
0
0
1
1
0
1
0
0
1
0
0
2
1
0
0
1
0
0
1
2
0
0
0
0
0
0
0
1
0
0
0
0
0
0
0
0
0
0
0
0
0
1
0
0
0
0
0
0
0
2
0
0
0
1
0
0
0
0
0
0
1
0
0
0
0
0
0
1
0
2
0
0
0
0
1
1
0
0
0
0
0
0
0
0
0
2
0
0
0
0
0
0
0
1
2
0
0
0
0
0
0
1
0
1
0
0
2
0
0
0
0
0
1
0
1
0
0
0
0
0
0
0
0
0
0
1
1
0
0
0
0
0
0
1
0
0
0
0
0
0
1
0
1
0
0
0
0
0
0
1
0
0
1
1
0
0
0
2
1
0
0
0
0
1
0
1
0
2
0
0
1
0
0
1
0
1
0
0
1
1
0
0
1
0
0
0
0
0
0
0
0
3
0
0
0
0
1
1
0
1
0
1
1
0
0
0
0
0
0
0
0
1
0
0
0
0
0
0
0
1
0
0
1
0
1
1
0
0
0
1
0
0
0
1
1
0
0
0
0
0
1
0
1
0
0
0
1
0
3
0
0
1
0
0
1
0
1
0
0
0
1
0
0
0
0
0
1
1
0
1
1
0
0
0
0
0
0
0
0
1
0
0
0
0
0
0
1
0
0
0
1
1
0
0
0
0
0
0
0
0
0
0
0
0
0
0
2
0
0
1
0
0
0
1
0
1
0
0
0
0
0
0
0
0
0
0
1
0
0
0
0
0
0
0
1
0
0
2
0
0
0
0
0
0
0
0
0
1
0
1
0
0
0
0
0
0
1
0
0
0
0
0
0
0
0
0
1
1
0
0
0
2
0
1
0
0
0
0
0
0
0
0
1
0
0
1
1
0
0
2
0
0
0
0
0
1
1
0
0
0
1
0
0
0
0
0
0
1
0
0
0
0
0
0
0
1
0
0
0
0
0
0
0
0
1
2
0
0
0
0
0
0
2
0
0
0
0
0
1
0
2
0
0
0
0
0
0
0
0
1
0
2
1
0
0
0
0
1
0
0
0
1
2
0
0
0
0
1
0
0
0
0
0
0
0
0
0
0
0
1
1
1
0
0
0
1
0
1
0
0
0
1
0
0
0
0
0
0
0
0
0
0
0
1
1
0
0
1
2
0
1
0
0
0
1
0
0
0
0
0
0
0
0
0
0
0
1
1
0
0
1
0
1
0
1
0
0
0
1
0
0
0
1
0
1
0
0
0
0
0
0
0
1
0
0
1
1
0
1
0
0
0
0
0
0
0
0
1
0
1
0
0
0
0
0
1
0
1
0
0
0
0
1
2
0
0
0
0
0
0
0
2
0
0
0
0
0
0
0
0
0
0
0
0
2
0
0
0
0
0
0
0
0
0
0
0
0
0
0
0
0
0
0
0
0
1
0
0
0
0
0
0
0
0
0
1
0
0
0
0
1
0
0
0
0
0
0
0
0
0
0
1
0
0
1
1
0
0
0
0
0
0
1
0
1
1
1
0
0
0
1
0
0
0
1
0
1
1
0
0
0
0
0
0
1
0
0
0
0
0
0
0
0
0
0
0
0
0
0
1
0
1
0
0
0
0
0
0
0
1
0
0
0
1
0
0
0
0
0
2
0
0
0
1
0
0
0
1
0
0
0
0
0
1
0
0
1
0
0
0
0
1
0
0
0
0
0
0
1
0
0
0
0
0
2
0
0
0
0
1
0
0
0
0
0
0
0
0
0
1
0
0
1
2
1
1
1
1
0
0
0
0
1
0
0
0
0
0
0
0
1
0
1
1
0
0
0
0
0
1
0
0
0
0
0
0
0
0
0
0
0
0
0
0
0
0
0
0
1
0
0
0
0
0
0
0
0
0
1
0
0
0
0
0
0
0
0
1
0
0
0
0
0
1
0
0
0
1
0
0
0
0
2
0
0
0
0
1
0
0
0
0
0
0
1
0
0
0
0
0
0
1
0
0
0
0
1
0
0
0
0
0
0
0
0
0
0
0
0
0
0
0
0
0
1
0
0
0
1
0
0
1
0
0
0
0
1
0
0
0
0
0
0
0
0
0
1
1
1
0
0
0
0
0
0
0
0
0
0
1
0
0
0
0
0
0
0
0
1
0
0
1
0
0
0
0
0
0
0
0
0
0
0
1
0
0
0
0
0
1
0
1
0
0
0
0
0
0
0
0
0
0
1
0
0
0
0
1
0
1
0
0
0
0
0
0
0
0
0
0
0
0
0
0
0
0
0
0
0
1
0
0
1
0
0
0
0
0
0
0
0
0
0
0
0
1
0
0
0
0
0
0
0
0
1
0
0
0
0
0
0
0
0
0
0
0
0
0
0
0
0
0
0
0
1
0
0
0
0
0
0
0
0
0
0
0
0
0
0
0
0
1
0
0
1
0
0
0
0
1
0
0
0
0
1
0
0
0
0
0
0
0
0
0
1
0
0
0
0
1
0
0
0
0
0
0
0
0
0
0
0
0
0
0
0
0
0
0
0
0
0
0
0
0
0
0
0
0
0
0
0
0
0
0
0
0
0
0
0
0
0
0
0
0
0
0
0
0
0
0
0
1
0
0
1
0
1
0
0
0
0
0
0
0
0
0
0
0
0
0
0
0
0
0
0
0
0
0
0
0
0
0
0
0
1
0
0
0
0
0
1
1
0
1
0
0
0
0
0
0
0
0
1
0
0
0
0
0
1
0
0
0
0
0
0
0
0
1
0
1
0
1
0
1
0
0
0
1
0
0
0
1
0
0
0
0
0
0
0
0
0
0
0
0
0
0
0
1
0
0
0
0
0
1
0
0
0
0
0
1
0
0
0
0
0
0
1
0
0
0
1
0
0
0
0
0
0
0
0
0
0
0
0
0
0
0
0
0
0
0
0
0
0
1
0
0
0
0
0
0
0
0
0
0
0
0
0
0
0
0
0
0
0
0
0
0
1
0
0
0
0
0
0
0
0
0
0
0
0
0
0
0
0
0
0
1
0
0
0
0
0
0
0
0
0
1
0
0
0
0
0
0
0
0
0
0
0
1
0
0
0
0
1
0
0
0
0
0
0
0
1
0
0
0
0
0
0
0
0
0
0
0
0
0
0
0
1
0
0
0
0
0
0
0
0
0
0
0
0
0
0
0
1
0
0
0
0
0
0
0
0
0
0
0
1
0
0
0
0
0
0
0
0
0
0
0
0
0
0
0
0
0
0
0
1
0
0
0
0
0
0
0
0
1
0
0
1
0
0
0
0
0
0
0
0
0
0
0
0
0
0
0
0
0
0
0
0
0
0
1
0
1
0
0
0
0
0
0
0
0
0
0
1
0
0
0
0
0
0
0
0
0
0
0
0
0
0
0
0
0
0
0
1
0
0
0
0
0
0
0
0
0
0
0
0
0
0
0
0
0
0
0
0
0
0
0
0
0
0
0
0
0
0
0
0
0
0
0
0
0
0
0
0
1
0
0
0
0
0
0
0
0
0
0
0
0
0
0
0
1
0
0
0
0
0
0
0
0
0
0
0
0
0
0
0
0
0
0
0
0
0
0
0
0
0
0
0
0
0
0
0
0
0
0
0
0
0
0
0
0
2
0
1
0
0
0
0
0
1
0
0
0
0
2
0
1
1
0
1
0
0
0
0
0
0
0
0
1
1
0
1
0
2
1
0
1
0
0
0
0
1
3
0
0
0
3
0
0
0
0
0
1
0
0
0
0
0
0
0
0
0
0
0
0
0
0
0
0
0
0
0
0
0
0
0
0
0
0
0
0
0
0
0
0
0
0
0
0
0
0
0
0
0
0
0
0
0
0
0
0
0
0
0
1
0
0
0
0
0
0
0
0
0
0
0
0
0
0
0
0
0
0
0
0
0
0
0
1
0
0
0
0
0
0
0
0
0
1
0
0
0
0
0
0
0
0
0
0
0
0
0
0
0
0
0
0
0
0
0
0
0
0
0
1
0
0
0
0
0
0
0
0
0
0
0
0
0
0
0
0
0
0
0
0
0
0
0
0
0
0
0
0
0
0
0
0
0
0
0
1
0
0
0
0
0
0
0
0
0
0
0
0
0
0
0
0
0
0
0
0
0
0
0
0
0
0
0
0
0
0
0
0
0
0
0
0
0
0
0
0
0
0
0
0
0
0
0
0
0
0
0
0
0
0
0
0
0
0
0
0
0
0
0
0
0
0
0
0
0
0
0
0
0
0
0
0
0
0
0
0
0
0
0
0
0
0
0
0
0
0
0
0
0
0
0
0
0
0
0
0
0
0
0
0
0
0
0
0
0
0
0
0
0
0
0
0
0
0
0
0
0
0
0
0
0
0
0
0
0
0
0
0
0
0
0
0
0
0
0
0
0
0
0
0
0
0
0
0
0
0
0
0
0
0
0
0
0
0
0
0
0
0
0
0
0
0
0
0
0
0
0
0
0
0
0
1
0
0
0
0
0
0
0
0
0
0
0
0
0
0
0
0
0
0
0
0
0
0
0
0
0
0
0
0
0
0
0
0
0
0
0
0
0
0
0
0
0
0
0
0
0
1
0
0
0
0
0
0
0
0
0
0
0
0
0
0
0
0
0
0
0
0
0
0
0
0
0
0
0
0
0
0
1
0
0
0
0
0
0
0
0
0
0
0
0
0
0
0
0
0
0
0
0
0
0
0
0
0
0
0
0
0
0
0
0
0
0
0
0
0
0
0
0
0
0
0
0
0
0
0
0
0
0
0
0
0
0
0
0
0
0
0
0
0
0
0
0
0
0
0
0
0
0
0
0
0
0
0
0
0
0
0
0
0
0
0
0
0
0
0
0
0
0
0
0
0
0
0
0
0
0
0
0
0
0
0
0
0
0
0
0
0
0
0
0
0
0
0
0
1
0
0
0
0
0
0
0
0
0
0
0
0
1
0
0
0
0
0
0
0
0
0
0
0
0
0
0
0
0
0
0
0
0
0
0
0
0
0
0
0
0
0
0
0
0
0
0
0
0
0
0
0
0
0
0
0
0
0
0
0
0
0
0
0
0
0
0
0
0
0
0
0
0
0
0
0
0
0
0
0
0
0
0
0
0
0
0
0
0
0
0
0
0
0
0
0
0
0
0
0
0
0
0
0
0
0
1
0
0
0
0
0
0
0
0
0
0
0
0
0
0
0
0
0
0
0
0
0
0
0
0
0
0
0
0
0
0
0
0
0
0
0
0
0
0
0
0
0
0
0
0
0
0
0
0
0
0
0
0
0
0
0
0
0
0
0
0
0
0
0
0
0
0
0
0
0
0
0
0
0
0
0
0
0
0
0
0
0
0
0
0
0
0
0
0
0
0
0
0
0
0
0
0
0
0
0
0
0
0
0
0
0
0
0
0
0
0
0
0
0
0
0
0
0
0
0
0
0
0
0
0
0
0
0
0
0
0
0
0
0
0
0
0
0
0
0
0
0
0
0
0
0
0
0
0
0
0
0
0
0
0
0
0
0
0
0
0
0
0
0
0
0
0
0
0
0
0
0
0
0
0
0
0
0
0
0
0
0
0
0
0
0
0
0
0
0
0
0
0
0
0
0
0
0
0
0
0
0
0
0
0
0
0
0
0
0
0
0
0
0
0
0
0
0
0
0
0
0
0
0
0
0
0
0
0
0
0
0
0
0
0
0
0
0
0
0
0
1
0
0
0
0
0
0
0
0
0
0
0
0
0
0
0
0
0
0
0
0
0
0
0
0
0
0
0
0
0
0
0
0
0
0
0
1
0
0
0
0
0
0
0
0
0
0
0
0
0
0
0
0
0
0
0
0
0
0
0
0
0
0
0
0
0
0
0
0
0
0
0
0
0
0
0
0
0
0
0
0
0
0
0
0
0
0
0
0
0
0
0
0
0
0
0
0
0
0
0
0
0
0
0
0
0
0
0
0
0
0
0
0
1
0
0
0
0
0
0
0
0
0
0
0
0
0
0
0
0
0
0
0
0
0
0
0
0
0
0
0
0
0
0
0
0
0
0
0
0
0
0
0
0
0
0
0
0
0
0
0
0
0
0
0
0
0
0
0
0
0
0
0
0
0
0
0
0
0
0
0
0
0
0
0
1
0
0
0
0
0
0
0
0
0
0
0
0
0
0
0
0
0
0
0
0
0
0
0
0
0
0
0
0
0
0
0
0
0
0
0
0
0
0
0
0
0
0
0
0
0
0
0
0
0
0
0
0
0
0
0
0
0
0
0
0
0
0
0
0
0
0
0
0
0
0
0
0
0
0
0
0
0
0
0
0
0
0
0
0
0
0
0
0
0
0
0
0
0
0
0
0
0
0
0
0
0
0
0
0
0
0
0
0
0
0
0
0
0
0
0
0
0
0
0
0
0
0
0
0
0
0
0
0
0
0
0
0
0
0
0
0
0
0
0
0
0
0
0
0
0
0
0
0
0
0
0
0
0
0
0
0
0
0
0
0
0
0
0
0
0
0
0
0
0
0
0
0
0
0
0
0
0
0
0
0
0
0
0
0
0
0
0
0
0
0
0
0
0
0
0
0
0
0
0
0
0
0
0
0
0
0
0
0
0
0
0
0
0
0
0
0
0
0
0
0
0
0
0
0
0
0
0
0
0
0
0
0
0
0
0
0
0
0
0
0
0
0
0
0
0
0
0
0
0
0
0
0
0
0
0
0
0
0
0
0
0
0
0
0
0
0
0
0
0
0
0
0
0
0
0
0
0
0
0
0
0
0
0
0
0
0
0
0
0
0
0
0
0
1
0
0
3
0
1
1
1
0
0
2
0
0
1
0
0
0
0
1
1
0
0
2
1
2
0
2
1
0
0
0
2
0
0
0
0
1
1
0
0
0
1
1
1
1
1
1
0
2
0
0
1
0
0
0
0
0
2
1
0
1
0
0
0
1
1
1
2
0
0
0
0
0
1
0
1
3
1
1
0
0
0
0
0
0
0
0
0
1
0
0
0
1
0
0
1
1
0
0
0
1
1
0
0
0
0
2
2
0
0
0
0
0
1
1
0
1
0
0
0
0
0
2
0
2
0
0
