0
0
0
0
0
0
0
0
0
0
0
0
0
0
0
0
1
1
0
1
1
5
4
4
5
10
7
14
16
5
10
14
10
13
11
12
11
8
12
22
6
15
12
7
12
6
11
10
7
6
7
7
7
7
6
11
12
8
2
12
7
14
13
25
24
31
53
44
91
84
86
97
144
159
207
272
355
424
432
444
475
459
471
501
505
486
486
548
555
570
586
601
688
669
803
740
701
662
670
654
572
581
558
559
519
515
533
491
511
532
493
516
520
515
524
503
517
524
471
513
516
489
520
515
530
506
480
492
527
512
499
511
537
503
469
479
527
512
507
535
513
521
491
509
496
498
494
475
481
534
520
556
529
535
512
510
470
495
515
491
501
507
525
488
524
513
497
475
509
474
510
553
492
482
552
519
514
530
469
522
476
495
465
564
491
498
511
455
507
490
472
497
525
520
514
517
462
481
483
491
489
508
536
464
490
508
477
486
525
480
475
527
503
491
483
487
483
512
432
493
506
478
484
476
510
508
465
451
490
490
518
488
524
497
475
494
476
476
484
504
480
522
477
513
459
525
461
472
538
488
480
526
517
526
490
478
515
476
472
534
471
463
530
472
479
465
497
500
531
484
472
487
508
511
460
452
464
487
505
486
467
487
500
528
461
477
522
464
496
473
488
460
491
475
482
493
512
491
496
450
489
502
475
547
520
447
454
513
493
481
491
471
472
497
504
527
488
484
444
467
459
467
497
471
479
478
510
489
479
508
484
494
493
493
487
503
482
514
500
490
476
456
505
521
486
526
481
490
464
508
488
489
465
464
481
483
474
443
493
454
481
477
478
499
484
510
523
497
487
528
471
516
516
500
535
591
536
542
540
514
526
493
566
553
525
560
579
550
568
549
534
551
568
632
572
525
592
539
553
628
605
553
542
585
557
557
552
552
553
529
510
583
582
550
561
567
559
563
589
588
541
595
589
571
530
562
571
539
540
562
539
549
543
595
560
580
618
520
559
528
522
554
576
534
633
549
557
555
586
525
546
537
603
592
529
572
557
575
580
554
529
547
536
604
550
544
540
535
555
529
522
562
506
573
568
603
553
565
566
542
589
551
525
538
570
539
524
593
553
590
534
577
580
571
551
583
541
547
576
537
571
559
578
566
568
563
537
534
570
546
546
544
539
546
521
538
540
516
540
544
566
523
533
551
559
544
536
585
552
525
561
537
553
561
590
530
541
524
530
570
539
521
529
553
551
523
496
549
542
591
514
512
597
583
523
542
571
535
590
545
552
544
532
536
556
575
577
573
551
561
538
511
577
578
581
521
555
518
534
545
546
548
564
573
537
529
559
555
536
530
513
560
550
549
563
511
524
562
543
544
570
561
523
508
560
564
523
520
593
595
547
532
538
505
551
541
543
562
530
567
539
537
523
550
546
556
501
510
546
589
562
555
552
592
562
506
572
529
561
553
513
508
547
530
553
540
592
552
557
582
564
556
566
553
593
555
554
564
551
606
541
576
563
573
564
584
541
593
558
563
551
594
570
556
541
568
584
556
595
584
540
590
550
541
575
596
599
572
576
597
569
591
546
589
580
568
586
607
633
580
607
594
590
591
586
583
577
596
565
629
546
584
593
597
608
575
649
636
636
579
593
571
595
618
635
571
582
627
618
642
615
617
582
603
655
606
590
661
645
622
641
666
584
636
656
641
619
621
626
617
683
660
658
679
657
607
660
694
658
685
690
703
704
693
681
685
666
653
646
679
702
670
638
669
656
718
679
709
710
638
684
669
729
690
700
668
701
730
714
687
663
753
742
722
735
710
710
674
701
700
707
704
695
698
708
749
730
730
695
716
696
640
686
663
610
629
625
608
559
573
556
575
563
566
496
505
507
476
475
482
478
473
451
449
425
427
416
424
421
427
454
414
401
394
419
394
409
403
356
429
414
387
378
365
393
373
373
351
385
374
363
356
380
347
385
387
326
348
319
368
376
353
341
330
318
334
317
344
373
316
327
371
357
343
287
334
303
314
303
344
316
301
307
303
312
281
307
308
317
333
269
304
298
301
288
291
300
301
288
260
300
320
249
249
278
311
275
265
253
255
285
276
294
295
295
305
267
285
275
262
283
271
231
258
245
224
280
259
263
276
259
215
229
272
218
240
260
249
265
236
228
249
229
217
268
222
240
240
234
202
242
233
215
199
233
196
229
205
213
237
216
226
230
212
211
206
261
181
199
213
221
174
196
185
189
224
188
188
190
190
193
197
170
185
186
196
186
179
198
208
183
168
178
153
179
171
190
165
191
193
174
183
187
197
172
176
188
159
183
182
175
168
160
171
167
183
178
164
163
159
156
148
157
171
188
158
164
184
184
148
170
185
133
172
160
196
158
185
158
160
160
158
174
168
179
179
148
169
151
171
156
167
155
146
157
152
171
180
153
162
174
172
177
159
160
136
162
181
163
156
133
125
176
142
166
148
156
184
168
172
150
176
160
171
176
184
161
162
196
163
146
173
188
158
163
163
154
155
164
145
171
148
158
156
139
150
142
145
159
141
142
179
142
158
179
154
161
149
168
180
149
137
143
152
143
133
185
159
149
157
154
167
175
144
139
164
137
151
160
155
132
158
164
145
151
169
157
152
136
138
149
179
142
141
159
150
162
120
184
153
142
135
148
152
151
143
153
159
127
138
127
168
167
142
136
150
140
134
136
150
157
145
158
159
142
155
128
158
160
165
157
146
134
156
115
154
130
150
138
142
152
144
147
158
135
145
124
138
141
138
148
149
153
148
156
163
170
153
151
138
171
155
155
157
173
136
128
163
176
193
191
216
214
267
307
436
574
748
1006
1411
1993
2844
3808
5026
6643
8211
9665
11304
12575
13241
13427
12940
12294
11018
9630
8091
6536
4972
3686
2779
2138
1515
1135
845
613
522
424
361
287
268
251
227
192
190
152
140
140
127
143
138
122
127
122
125
124
107
105
126
126
99
119
115
101
102
108
95
84
105
107
102
109
95
94
103
94
111
87
93
75
107
85
108
110
123
90
111
99
92
106
88
107
107
111
94
87
104
92
82
84
103
95
104
92
89
112
95
79
92
102
96
79
102
79
82
109
86
106
100
100
84
93
89
86
88
87
98
97
82
108
81
89
104
96
105
91
90
100
74
98
101
99
87
85
76
86
101
101
99
94
84
106
70
98
84
97
85
100
97
88
100
93
81
88
91
66
110
94
105
104
93
73
78
85
104
114
88
74
81
122
100
96
96
123
82
91
85
89
98
114
84
87
89
112
79
84
100
100
78
69
85
103
95
76
85
77
85
86
84
74
88
82
66
109
94
89
75
89
71
83
73
95
93
89
77
71
79
84
76
88
76
80
69
93
70
77
62
86
76
73
77
84
67
67
61
95
89
89
68
70
79
83
79
68
85
85
92
91
67
77
85
79
79
82
94
90
91
89
72
77
71
65
89
87
94
81
80
83
74
82
76
94
63
74
78
71
92
79
79
80
78
73
76
89
81
71
76
71
81
88
83
78
96
87
85
88
89
85
80
67
84
72
80
78
85
84
85
73
92
72
91
79
75
68
75
67
77
74
83
75
95
74
86
75
91
81
72
85
77
81
82
90
63
91
70
66
91
86
87
75
73
89
68
78
74
74
86
75
79
77
76
74
87
94
76
81
78
69
75
76
82
81
61
76
81
84
84
71
78
86
68
70
76
80
90
76
72
82
80
99
85
68
82
92
76
71
75
86
65
77
87
98
69
74
79
80
82
76
88
92
84
75
91
75
91
71
92
78
88
80
63
78
77
80
65
81
67
66
88
68
78
70
82
77
69
83
75
75
80
69
74
81
66
94
80
67
81
68
70
94
90
89
84
77
85
61
89
82
93
78
78
71
73
83
79
82
93
90
95
93
85
101
91
75
91
64
75
82
74
80
89
77
77
74
88
60
87
102
80
79
77
80
81
76
72
79
87
76
83
69
101
92
87
91
85
92
80
82
94
63
86
78
58
67
71
81
87
78
81
88
72
88
70
81
84
103
65
73
85
65
97
80
103
80
88
78
70
68
80
74
65
65
82
78
80
77
86
83
77
85
73
80
73
87
67
73
88
67
99
85
73
83
78
72
74
91
85
78
77
74
91
80
69
85
94
90
98
92
82
80
73
93
71
72
81
85
85
72
70
76
88
91
74
85
85
84
74
95
83
82
79
66
99
77
80
82
93
86
97
83
75
85
92
87
85
83
72
100
102
69
99
88
78
85
66
89
79
94
85
78
87
95
83
75
86
84
65
75
72
81
72
72
86
76
77
85
83
66
70
76
84
83
75
84
82
99
78
85
91
71
72
75
73
94
98
81
91
61
86
105
74
85
75
92
79
86
93
90
93
76
106
64
84
86
81
93
87
84
70
95
67
73
89
74
68
68
84
88
87
91
96
74
71
76
85
77
62
87
77
64
78
91
80
80
89
71
78
102
84
86
89
87
76
85
76
93
79
86
76
79
74
84
81
81
86
84
86
94
76
84
84
67
76
83
94
85
80
65
82
74
72
86
86
76
85
78
93
89
87
77
95
93
75
89
93
99
75
77
94
90
88
86
81
91
101
69
94
78
88
83
93
89
109
98
86
71
105
83
85
82
96
91
72
91
82
82
99
89
83
75
87
88
89
94
88
70
79
82
88
73
94
96
79
81
68
91
104
77
84
89
104
85
77
87
83
99
89
77
77
83
76
90
91
84
75
87
81
74
93
96
65
76
97
89
84
65
84
72
90
91
97
75
92
82
101
98
88
96
96
95
85
91
84
96
103
74
76
94
83
79
88
91
93
75
84
104
95
90
68
99
81
82
71
100
89
78
74
84
90
91
97
101
80
89
93
91
81
93
87
91
106
80
79
98
99
76
84
94
93
110
78
93
86
102
70
85
83
81
94
85
102
86
88
87
111
80
91
70
81
98
79
93
87
84
92
85
86
99
94
88
107
76
90
82
91
96
77
90
91
88
86
104
91
85
90
83
97
88
81
81
89
89
108
83
79
94
104
110
81
106
103
95
100
102
86
93
100
90
93
80
101
103
89
95
90
90
85
98
79
89
109
107
72
84
97
95
87
99
124
76
95
99
91
92
100
104
84
92
98
93
84
84
103
99
94
93
80
91
97
98
102
98
95
103
98
108
101
85
91
82
94
98
106
102
95
100
87
98
91
86
86
98
90
101
106
98
114
106
85
103
89
93
100
98
117
104
117
100
90
95
125
94
103
101
119
87
101
110
101
99
118
103
91
98
99
96
111
91
97
102
97
106
117
112
86
92
84
95
98
98
107
95
106
119
96
98
115
111
107
132
99
107
112
107
102
112
119
111
109
111
94
93
120
109
116
94
117
100
101
118
126
105
104
107
82
98
93
96
108
106
106
107
101
101
110
96
118
94
95
123
94
104
112
101
100
97
105
91
111
113
104
91
115
120
114
102
97
106
124
134
123
124
104
123
92
109
103
113
105
104
103
97
96
104
123
110
103
102
107
100
98
102
112
100
98
117
95
116
111
127
111
109
121
97
104
115
90
115
108
111
107
102
112
106
104
100
121
115
104
128
114
108
122
124
100
138
119
124
134
101
103
125
106
136
114
129
129
125
134
117
116
121
116
121
117
112
133
127
142
128
135
119
127
90
109
123
106
123
118
137
141
117
134
125
131
105
113
111
117
134
108
130
141
124
113
120
136
113
141
95
144
110
116
128
142
121
124
110
140
121
139
159
107
113
119
122
136
129
146
110
120
123
113
116
120
132
135
135
130
125
105
148
128
135
130
145
129
133
131
134
124
139
141
145
139
134
158
132
136
139
142
131
133
156
122
143
143
149
143
114
137
153
129
141
142
146
150
145
132
154
133
143
140
131
122
148
145
139
146
150
156
146
162
149
167
123
135
143
140
145
136
152
134
161
161
127
149
153
137
134
147
161
136
125
152
147
150
146
141
146
180
159
161
135
148
134
175
128
146
156
149
155
155
151
155
175
154
148
161
147
167
150
154
152
154
167
127
156
161
156
133
162
159
147
132
157
184
156
157
146
169
162
154
147
155
147
162
161
145
165
151
158
136
152
155
146
154
159
131
137
177
125
143
135
129
144
143
130
137
122
132
147
124
111
128
119
117
127
104
120
111
113
106
92
110
113
100
105
98
96
119
108
118
114
104
103
94
99
92
99
99
109
102
101
86
91
96
98
95
100
113
97
124
95
98
119
83
85
100
116
98
70
80
117
99
76
94
97
88
92
87
85
92
63
85
107
85
69
97
101
76
99
99
91
87
100
81
95
83
98
84
88
92
81
74
60
93
84
97
87
96
73
66
93
76
104
88
69
77
98
91
84
87
88
81
75
103
76
93
67
85
79
92
73
84
74
76
79
83
90
82
79
92
74
84
84
88
76
69
82
74
75
96
78
85
86
77
71
77
75
66
89
79
80
67
78
73
75
79
89
98
78
56
83
80
70
83
72
73
73
69
88
93
60
73
55
62
69
72
58
70
73
70
55
60
66
73
67
64
69
65
70
70
71
66
60
68
66
83
70
56
81
57
64
65
66
59
67
75
57
75
59
78
63
73
55
62
59
59
73
57
64
37
57
69
57
58
60
56
60
63
55
47
67
61
41
50
49
43
54
53
58
42
53
63
40
45
42
47
51
48
40
52
47
42
53
54
39
57
39
38
54
47
46
52
50
39
51
36
44
34
54
49
40
48
43
37
46
50
47
46
46
39
28
37
38
36
38
44
40
44
38
46
33
44
38
33
39
48
43
38
38
40
43
50
36
36
29
40
38
39
35
51
34
56
29
34
41
41
40
32
34
43
28
37
31
35
44
35
37
25
34
38
30
36
24
32
36
36
39
39
41
33
34
33
31
40
35
33
41
37
39
36
33
32
36
35
36
35
30
42
28
37
26
30
37
42
33
30
37
31
31
30
39
33
37
32
43
44
37
38
27
28
27
27
37
28
24
32
36
20
38
28
28
41
36
32
27
50
24
30
27
34
31
38
30
34
29
36
24
26
31
25
33
34
33
29
40
32
46
33
30
38
37
27
25
41
38
34
31
34
38
19
34
32
49
27
33
23
27
30
22
32
36
31
33
31
31
35
36
30
43
24
33
28
27
34
29
35
19
27
26
26
28
20
34
35
34
26
31
24
29
24
28
30
29
27
33
27
29
32
28
30
25
33
31
28
19
20
28
19
37
27
22
30
29
27
35
23
41
25
28
19
31
26
33
40
32
28
28
33
24
32
32
27
33
26
33
32
34
40
26
29
29
32
29
44
38
33
51
51
70
49
55
68
48
76
84
99
114
128
134
183
197
260
322
438
521
651
820
982
1031
1235
1315
1423
1496
1558
1646
1620
1625
1670
1724
1744
1734
1682
1702
1603
1500
1267
1105
983
745
582
429
278
210
170
125
106
83
76
56
72
65
50
37
44
50
37
46
31
45
29
36
30
41
35
41
39
45
27
34
24
39
34
37
47
31
34
27
27
32
29
23
31
31
36
26
27
30
34
19
24
27
24
29
24
31
21
19
25
30
17
19
37
37
24
32
32
25
33
18
37
34
28
40
38
31
22
30
24
28
31
22
27
32
31
26
28
39
28
21
30
39
27
21
25
31
21
44
16
27
34
33
27
31
31
13
26
25
23
25
30
18
19
29
32
27
24
29
25
18
36
26
29
26
32
14
37
28
45
28
30
21
17
26
28
27
32
25
21
31
22
28
28
19
27
25
21
29
18
24
26
21
25
31
21
33
23
31
29
15
19
25
25
21
24
26
16
20
22
24
22
28
29
22
22
26
15
28
24
24
15
41
28
28
21
36
27
28
33
20
26
18
35
13
38
25
22
27
18
27
21
27
34
23
41
15
28
16
28
30
26
23
29
20
20
31
21
21
28
14
22
18
30
27
32
25
14
20
12
22
17
16
18
20
19
36
31
24
25
16
21
25
23
24
34
22
19
24
22
27
30
23
24
17
25
14
22
26
23
22
24
18
21
23
21
31
25
26
26
24
16
24
20
22
23
21
25
21
22
25
24
24
35
16
28
28
23
23
27
25
20
29
13
14
20
30
16
26
13
21
19
15
26
23
27
20
19
16
22
27
19
15
18
13
31
12
20
20
18
25
31
26
19
20
12
26
12
25
25
23
21
22
25
19
18
14
25
21
16
17
21
19
17
24
23
26
16
29
25
14
24
20
16
25
24
15
15
19
20
24
17
15
17
23
20
18
21
14
21
27
25
26
22
21
14
11
11
23
24
22
24
14
14
26
17
21
26
21
21
15
16
19
14
19
17
24
21
13
20
25
18
15
26
30
20
21
15
17
17
15
22
15
18
22
16
22
16
20
25
15
17
23
15
26
28
17
19
13
19
18
15
24
12
17
18
28
18
17
20
12
29
17
9
18
22
18
17
18
30
26
14
17
30
32
19
22
11
20
21
19
20
23
22
18
27
21
21
22
13
29
16
25
21
21
22
18
25
24
13
28
24
22
13
21
13
25
19
18
19
23
27
14
20
13
24
18
23
13
21
18
23
15
22
25
19
21
20
22
21
17
13
17
26
21
23
18
15
16
11
14
20
29
26
28
16
15
21
14
16
16
23
21
24
20
23
20
19
23
25
16
16
23
21
16
20
17
13
19
21
17
18
16
15
22
22
17
14
19
24
16
13
17
27
22
19
16
13
15
17
18
22
15
12
16
20
16
18
23
18
26
15
21
16
19
16
20
24
15
6
18
26
15
18
24
23
24
18
16
18
20
17
15
31
13
15
22
11
13
24
19
26
12
21
18
17
12
19
18
18
18
14
21
28
22
16
20
18
21
19
22
19
25
23
10
12
23
11
18
16
26
20
11
16
17
19
14
15
29
13
23
25
20
19
14
25
19
23
34
17
11
23
24
18
19
19
18
12
15
19
16
29
11
22
21
19
19
13
23
23
24
17
15
22
19
17
13
20
15
17
23
22
12
25
20
20
29
17
19
29
16
20
13
28
17
21
26
16
16
20
25
24
19
15
18
12
23
22
19
22
17
26
16
26
23
17
25
12
27
10
21
13
20
21
17
16
18
21
24
12
24
12
24
14
17
16
21
15
21
21
21
25
22
20
17
11
15
20
23
21
14
22
13
11
23
20
12
14
22
13
14
14
18
21
14
19
11
20
21
14
19
9
19
20
14
12
21
18
16
16
13
10
17
18
15
12
22
19
14
20
13
21
11
13
24
16
21
20
16
17
12
22
11
27
14
16
17
18
16
13
28
15
15
22
16
21
16
17
13
18
23
17
22
20
21
19
23
19
15
15
20
19
17
13
16
17
17
20
12
19
14
15
13
16
11
19
13
13
13
16
10
21
10
15
12
14
15
16
12
5
10
5
9
16
11
16
10
7
11
10
15
14
11
10
17
11
9
15
10
11
8
11
8
14
14
11
13
13
12
14
8
10
14
7
10
10
9
13
9
4
13
13
15
8
7
8
5
11
8
10
6
7
15
10
6
3
13
9
5
6
8
6
11
9
12
9
6
7
10
11
9
9
8
7
7
8
6
9
6
10
10
12
7
8
10
9
5
8
15
7
8
7
8
5
9
4
5
2
7
7
5
2
3
4
10
11
6
4
10
10
7
6
5
4
4
6
4
10
6
7
9
2
5
6
3
6
4
3
5
10
1
3
6
5
4
7
6
3
4
10
6
10
2
1
9
3
5
2
4
1
6
4
6
5
7
5
6
6
6
3
2
4
3
5
6
6
4
5
2
5
5
5
2
6
3
10
3
3
1
6
2
7
5
9
3
2
8
2
6
3
3
4
3
2
4
4
2
4
0
3
4
4
8
1
2
5
5
3
4
3
6
2
2
4
5
3
3
3
5
5
3
5
6
3
5
0
3
4
3
3
10
4
3
1
3
3
6
0
3
1
4
2
4
2
3
2
4
1
4
4
2
5
7
2
3
4
5
5
6
0
0
4
9
2
4
3
2
8
7
3
3
3
2
2
2
1
4
4
1
0
3
2
3
7
5
4
4
4
6
3
1
3
4
0
2
4
5
6
5
2
3
4
3
1
2
4
2
3
2
2
3
1
1
3
1
3
3
0
3
0
2
3
1
5
2
5
3
6
5
1
0
0
3
4
3
3
2
4
0
2
6
3
0
0
2
5
3
2
4
3
2
1
0
3
6
1
2
5
2
2
4
1
5
4
2
5
2
1
2
3
2
5
1
3
1
3
1
6
0
2
1
2
1
6
4
2
4
0
2
1
2
1
2
2
2
6
5
5
9
7
8
8
8
5
8
5
4
13
10
3
15
19
11
15
16
21
21
23
24
25
29
37
50
57
41
54
58
73
62
86
60
68
71
88
115
103
94
81
73
86
88
98
102
99
81
84
77
71
68
61
67
37
32
34
29
21
20
15
12
16
5
4
6
2
2
1
3
3
1
4
3
5
3
2
4
0
3
2
2
1
1
0
1
0
0
2
0
0
0
0
0
3
0
2
1
4
0
1
1
0
1
0
2
1
0
1
0
1
0
2
1
1
1
0
1
2
2
0
1
2
0
2
0
3
1
2
0
0
0
0
0
0
2
1
2
2
1
1
1
0
1
1
1
0
1
0
0
2
2
2
2
0
0
1
1
0
0
2
0
0
2
2
0
1
0
0
1
0
0
0
1
0
0
2
2
0
0
1
0
1
0
1
1
1
0
0
1
1
1
0
0
0
3
0
2
1
0
3
0
0
0
3
1
0
0
0
0
1
0
2
1
0
1
2
0
1
0
0
0
1
0
0
1
0
0
3
1
0
1
1
0
0
0
0
2
1
1
0
0
0
0
1
0
1
2
0
1
0
1
0
0
0
1
0
0
0
0
0
2
2
1
0
0
2
0
0
0
1
0
0
2
1
0
0
2
0
1
0
2
0
1
2
0
1
1
2
0
1
0
1
0
1
0
0
2
1
1
0
1
1
1
0
0
1
1
0
1
1
1
0
0
0
1
0
0
0
1
0
2
1
0
1
0
1
0
1
1
0
1
0
0
1
1
0
2
1
0
0
1
0
0
0
1
2
0
1
0
0
1
2
1
0
0
0
1
0
1
0
1
1
1
1
2
1
0
0
1
1
0
0
1
0
0
1
0
0
1
0
2
1
0
0
0
3
1
1
0
0
0
0
1
0
0
1
0
0
0
0
0
0
0
0
1
0
0
0
0
1
0
0
0
1
0
1
0
1
0
0
0
0
0
1
0
1
1
0
0
1
0
0
0
1
0
1
0
0
0
1
0
1
1
1
1
1
0
0
0
0
0
1
0
0
1
2
2
0
0
0
0
0
0
0
1
0
1
1
0
0
0
0
1
0
0
1
2
0
0
2
0
0
1
0
1
2
0
0
0
1
3
1
0
1
0
0
0
2
0
0
1
1
0
0
0
0
0
0
0
1
0
0
0
1
1
0
1
0
1
0
0
1
1
2
0
0
0
0
0
0
0
0
1
0
0
1
0
0
2
1
2
1
1
0
0
2
0
0
0
0
1
1
0
0
1
0
0
0
1
1
0
0
0
0
0
0
0
0
0
0
0
1
0
1
1
0
0
0
0
0
0
0
0
0
0
0
0
0
1
2
0
0
0
1
0
0
0
0
0
0
0
0
0
0
1
0
0
2
0
0
0
0
0
2
0
2
0
0
0
1
0
0
0
1
0
1
1
0
0
0
0
0
0
0
2
1
0
1
0
0
0
1
0
0
0
0
0
1
1
0
1
0
0
0
0
1
0
0
0
0
0
0
0
0
0
0
0
0
1
0
0
1
0
0
1
1
0
1
2
0
0
0
0
0
0
0
0
1
0
0
0
0
1
1
1
0
1
2
0
1
0
0
0
1
0
0
0
0
0
0
0
1
0
0
0
1
1
0
0
0
1
0
0
1
0
0
0
0
0
1
0
0
0
0
1
0
0
0
1
1
0
1
0
0
0
0
1
0
2
0
1
0
1
0
0
0
1
0
0
1
0
0
0
0
0
0
0
0
1
0
2
0
0
0
0
0
1
0
0
0
1
0
0
0
1
0
0
0
0
1
1
0
0
0
0
0
0
2
0
0
0
1
0
0
0
1
0
0
0
0
0
0
0
0
0
0
0
1
1
0
1
1
0
0
0
0
0
0
1
0
3
0
0
0
0
0
0
0
0
1
1
0
0
0
0
0
0
0
0
0
0
0
0
1
0
0
0
0
0
0
0
1
1
1
0
0
1
0
0
1
0
0
0
0
0
0
1
0
1
0
0
0
0
1
1
0
0
0
0
0
0
1
0
1
0
1
0
0
1
1
0
0
0
0
0
0
2
1
0
1
2
1
0
1
0
0
0
0
0
1
0
0
0
0
1
0
0
0
0
0
1
0
0
1
0
0
0
0
0
1
2
1
0
1
0
0
0
0
0
0
1
0
0
0
0
0
0
0
0
0
1
0
0
0
0
0
0
0
1
1
1
0
0
0
0
0
0
0
0
0
0
0
0
0
0
0
1
0
1
0
0
0
0
0
0
0
0
0
0
0
0
0
0
0
0
0
0
0
1
0
0
1
0
0
0
1
1
0
0
1
1
0
0
0
0
0
0
0
0
0
0
0
1
1
1
0
0
0
0
0
0
0
1
1
0
0
2
0
0
1
0
0
1
0
0
0
1
1
0
0
0
0
0
0
0
0
0
1
0
0
0
0
0
0
1
0
0
0
0
0
1
1
0
0
0
0
0
0
0
0
0
0
0
0
0
1
0
0
0
0
0
1
1
0
0
0
0
0
0
1
0
0
0
0
1
0
0
0
1
0
0
0
1
0
0
0
0
1
1
0
0
0
1
0
0
0
0
0
0
1
0
0
0
0
0
0
0
0
0
0
0
0
0
0
0
0
1
1
0
0
2
0
0
0
0
1
0
0
0
0
0
0
0
0
0
0
0
0
0
0
0
0
0
0
0
0
0
1
0
0
0
0
0
0
1
1
0
0
0
0
1
0
0
2
0
0
0
0
0
0
0
0
0
0
0
0
0
0
0
0
0
0
0
0
0
1
0
0
0
0
0
0
0
0
0
0
0
0
1
0
0
0
0
0
0
0
0
1
0
1
0
0
0
0
0
0
2
1
0
0
1
1
0
0
0
0
0
0
0
0
0
0
0
1
1
0
0
0
0
0
0
0
0
0
0
0
0
1
0
0
0
0
0
0
0
0
0
0
0
0
0
0
0
2
0
0
0
0
1
0
0
0
0
0
0
0
0
0
1
0
0
0
0
0
0
0
0
0
0
0
0
1
0
0
0
0
0
0
0
0
1
1
0
0
0
0
0
0
0
0
0
0
0
0
0
1
0
0
0
2
0
0
1
0
0
0
1
0
0
0
0
0
0
0
0
0
0
0
1
0
0
1
0
0
0
0
0
0
0
1
0
0
0
0
0
1
1
0
0
0
0
1
0
0
0
1
0
0
0
0
0
0
0
1
0
0
0
0
0
0
0
0
0
0
0
0
2
1
0
0
0
0
0
0
0
0
1
0
0
0
0
0
0
0
1
0
0
1
0
0
0
1
0
0
0
0
0
0
0
0
0
0
1
0
0
0
0
0
0
0
0
0
0
0
0
0
0
0
0
0
0
0
1
1
0
0
0
0
0
0
0
0
0
1
0
0
0
0
0
0
0
0
0
0
2
0
0
0
0
0
0
0
0
0
0
0
0
1
0
0
0
0
0
0
0
1
1
0
1
0
0
0
0
0
0
0
0
0
0
0
0
0
0
0
0
0
0
0
0
0
0
0
0
0
0
0
0
0
0
0
0
0
0
1
0
0
0
0
0
1
1
0
0
0
0
0
0
0
0
0
0
0
0
0
0
0
1
0
0
0
0
0
0
0
0
0
0
1
0
0
0
0
0
0
1
1
0
0
0
0
0
0
0
0
0
2
0
0
0
0
0
1
0
1
0
0
0
0
0
0
0
0
0
0
0
0
0
0
0
0
1
0
1
1
0
0
0
0
0
0
1
1
0
0
0
0
0
0
0
0
0
0
0
1
0
0
1
0
0
0
0
0
0
0
0
0
0
0
0
0
0
0
0
0
0
0
0
0
0
0
1
0
0
0
0
0
0
0
0
0
0
0
0
0
0
0
0
0
1
0
0
0
0
1
0
2
0
0
0
0
0
0
0
0
0
0
0
1
0
2
0
0
0
0
0
0
0
0
0
0
0
0
0
0
0
0
0
0
0
0
0
0
0
0
0
0
0
0
0
0
0
0
0
0
0
0
0
0
0
1
0
0
0
0
1
0
0
0
0
1
1
0
0
0
0
0
0
1
0
0
0
1
0
0
0
0
1
0
0
0
0
0
0
1
0
0
0
0
0
0
0
0
0
0
0
0
0
0
0
0
0
0
0
0
0
0
0
0
1
0
0
0
0
0
1
0
0
0
0
0
0
0
0
0
0
0
0
1
0
0
0
0
0
0
0
0
0
0
0
0
0
1
0
0
1
0
0
0
0
0
0
0
0
1
0
0
0
0
1
0
0
0
0
0
0
0
0
0
0
0
0
0
0
0
0
1
0
0
0
0
0
0
0
0
0
0
0
0
0
0
0
0
0
0
0
0
0
0
0
0
0
0
0
0
0
0
0
0
0
0
0
0
0
0
0
0
0
0
0
0
0
0
0
0
2
0
0
0
0
0
0
0
0
0
0
0
1
0
0
0
0
0
0
0
0
0
1
0
0
0
0
0
0
0
0
0
0
0
0
0
0
0
0
0
0
0
0
0
0
0
0
0
0
0
0
0
0
0
0
0
0
0
0
0
0
0
0
0
1
0
0
2
0
0
0
0
0
0
0
0
0
0
0
0
0
0
0
0
0
0
0
0
0
0
0
0
0
0
0
0
0
0
0
0
0
0
0
0
0
0
0
0
0
0
0
0
0
0
0
0
0
0
0
0
0
0
0
0
0
0
0
0
0
0
0
0
0
0
0
0
1
0
0
0
0
0
0
0
0
0
0
0
0
0
0
0
0
0
0
0
0
0
0
0
0
0
0
0
0
0
0
0
0
0
0
0
0
0
0
0
0
0
0
0
0
0
0
0
0
0
0
0
0
0
0
0
0
0
0
0
0
0
0
0
0
0
0
0
0
0
0
0
0
0
0
0
0
1
0
1
0
0
1
1
0
0
0
0
0
1
1
1
0
0
0
0
0
0
0
0
0
0
0
1
1
0
2
2
0
0
1
0
0
1
0
0
0
0
2
0
0
1
0
1
0
0
0
0
0
0
0
0
0
0
0
1
0
0
0
0
0
0
0
0
1
0
0
0
0
0
0
0
0
0
0
0
0
0
0
0
0
0
0
0
0
0
0
0
0
0
0
1
0
0
0
0
0
0
0
0
0
0
0
0
0
0
0
0
0
0
0
0
0
0
0
0
0
0
0
0
0
0
0
0
0
0
0
0
0
0
0
0
0
0
0
0
0
0
0
1
0
0
0
0
0
0
0
0
0
0
0
0
1
0
0
0
0
0
0
0
0
0
0
0
0
0
0
0
0
0
0
0
0
0
0
0
0
0
0
0
0
0
0
0
0
0
0
0
0
0
0
0
0
0
0
0
0
0
0
0
0
0
0
0
0
0
0
0
0
0
0
0
0
0
0
0
0
0
0
0
0
0
0
0
0
0
0
0
0
0
0
0
0
0
0
0
0
0
0
0
0
0
0
0
0
0
0
0
0
0
0
0
0
0
0
0
0
0
0
0
0
0
0
0
0
0
0
0
1
0
0
0
0
0
0
0
0
0
0
0
0
0
0
1
0
0
0
0
0
0
0
0
0
0
0
0
0
1
0
0
0
0
0
0
0
0
0
0
0
0
0
0
0
0
0
0
0
0
0
0
0
0
0
0
0
0
0
0
0
0
0
0
0
0
0
0
0
0
0
0
0
0
0
0
0
0
0
0
0
0
0
0
0
0
0
0
0
0
0
0
0
0
0
0
0
0
0
0
0
0
0
0
0
0
0
0
0
0
0
0
0
0
0
0
0
0
0
0
0
0
0
0
0
0
0
0
0
0
0
0
1
0
0
0
0
0
0
0
0
0
0
0
0
0
0
0
0
0
0
0
0
0
0
0
0
0
0
0
0
0
0
0
0
0
0
0
0
0
0
0
0
0
0
0
0
0
0
0
0
0
0
0
0
0
1
0
0
0
0
0
0
0
0
0
0
0
0
0
0
0
0
0
0
0
0
0
0
0
0
0
0
0
0
0
0
0
0
0
0
0
0
0
0
0
0
0
0
0
0
0
0
0
0
0
0
0
0
0
0
0
0
0
0
0
0
0
0
0
0
0
0
0
0
0
0
0
0
0
0
0
0
0
0
0
0
0
0
0
0
0
0
0
0
0
0
0
0
0
0
0
0
0
0
0
0
0
0
0
0
0
0
0
0
0
0
0
0
0
0
0
0
0
0
0
0
0
0
0
0
0
0
0
0
0
0
0
0
0
0
0
0
0
0
0
0
0
0
0
0
0
0
0
0
0
0
0
0
0
0
0
0
0
0
0
0
0
0
0
0
0
0
0
0
0
0
0
0
0
0
0
0
0
0
0
0
0
0
0
0
1
0
0
0
0
0
0
0
0
0
0
0
0
0
0
0
0
0
0
0
0
0
0
0
0
0
0
1
0
0
0
0
0
0
0
0
0
0
0
0
0
0
0
0
0
0
0
0
0
0
0
0
0
0
0
0
0
0
0
0
0
0
0
0
0
0
0
0
0
0
0
0
0
0
0
0
0
0
0
0
0
0
0
0
0
0
0
0
0
0
0
0
0
0
0
0
0
0
0
0
0
0
0
0
0
0
0
0
0
0
0
0
0
0
0
0
0
0
0
0
0
0
0
0
0
0
0
0
0
0
0
0
0
0
0
0
0
0
0
0
0
0
0
0
0
0
0
0
0
0
0
0
0
0
0
0
0
0
0
0
0
0
0
0
0
0
0
0
0
0
0
0
0
0
0
0
0
0
0
0
0
0
0
0
0
0
0
0
0
0
0
0
0
0
0
0
0
0
0
0
0
0
0
0
0
0
0
0
0
0
0
0
0
0
0
0
0
0
0
0
0
0
0
0
0
0
0
0
0
0
0
0
0
0
0
0
0
0
0
0
0
0
0
0
0
0
0
0
0
0
0
0
0
0
0
0
0
0
0
0
0
0
0
0
0
0
0
0
0
0
0
0
0
0
0
0
0
0
0
0
0
2
0
0
0
0
0
0
0
0
0
0
0
0
0
0
0
0
0
0
0
0
0
0
0
0
0
0
0
0
0
0
0
0
0
0
0
0
0
0
0
0
0
0
0
0
0
0
0
0
0
0
0
0
0
0
0
0
0
0
0
0
0
0
0
0
0
0
0
0
0
0
0
0
0
0
0
0
0
0
0
0
0
0
0
0
0
0
0
0
0
0
0
0
0
0
0
0
0
0
0
0
0
0
0
0
0
0
0
0
0
0
0
0
0
0
0
0
0
0
0
0
0
0
0
0
0
0
0
0
0
0
0
0
0
0
0
0
0
0
0
1
0
0
0
0
0
0
0
0
0
0
0
0
0
0
0
0
0
0
0
0
0
0
0
0
0
0
0
0
0
0
0
0
0
0
0
0
0
0
0
0
0
0
0
0
0
0
0
0
0
0
0
0
0
0
0
0
0
0
0
0
0
0
0
0
0
0
0
0
0
0
0
0
0
0
0
0
0
0
0
0
0
0
0
0
0
0
0
0
0
0
0
0
0
0
0
0
0
0
0
0
0
0
0
0
0
0
0
0
0
0
0
0
0
0
0
0
0
0
0
0
0
0
0
0
0
0
0
0
0
0
0
0
0
0
0
0
0
0
0
0
0
0
0
0
0
0
0
0
0
0
0
0
0
0
0
0
0
0
0
0
0
0
0
0
0
0
0
0
0
0
0
0
0
0
0
0
0
0
0
0
0
0
0
0
0
0
0
0
0
0
0
0
0
0
0
0
0
0
0
0
0
0
0
0
0
0
0
0
0
0
0
0
0
0
0
0
0
0
0
0
0
0
0
0
0
0
0
0
0
0
0
0
0
0
0
0
0
0
0
0
0
0
0
0
0
0
0
0
0
0
0
0
0
0
0
0
0
0
0
0
0
0
0
0
0
0
0
0
1
0
0
0
0
0
0
0
0
0
0
0
0
0
0
0
0
0
0
0
0
0
0
0
0
0
0
0
0
0
0
0
0
0
0
0
0
0
0
0
0
0
0
0
0
0
0
0
0
0
0
0
0
0
0
0
0
0
1
1
1
1
0
1
0
3
0
0
2
2
0
0
0
0
1
1
0
2
1
0
1
1
0
0
1
1
1
0
0
0
1
0
2
1
0
1
0
0
0
0
0
0
0
0
0
1
0
1
0
0
1
1
0
1
0
1
2
1
0
0
2
0
1
0
0
1
0
0
1
0
0
0
0
0
0
0
0
0
0
0
1
1
0
0
0
0
0
1
1
1
0
0
1
1
1
0
0
0
0
1
0
0
1
0
1
2
0
0
0
0
1
0
0
1
1
0
0
0
1
0
0
0
0
0
1
